4500
5164	5161
14739	18435
25	8893
7485	16377
15657	1153
7176	10672
2520	19571
1738	4137
10659	14945
3156	5370
15749	17862
17595	19212
12727	1785
1891	19290
4985	14206
3682	18820
16612	9149
15914	16705
2662	2620
760	13077
15427	1415
18518	16116
8476	553
2276	1329
14984	9961
3441	12630
4811	18390
6285	1405
4567	4588
3733	4539
10404	9940
3605	15408
4899	14471
8788	15261
6649	4523
19203	5648
12064	16041
6622	242
5295	13735
5572	14858
1157	10254
10829	3808
13632	18217
16948	12499
10996	12229
15724	3131
11959	2743
9989	8429
14443	6605
16751	3966
1476	8908
14115	13335
9732	15461
11320	14893
15728	3715
12668	18716
1367	8989
6664	7074
2081	12916
19485	6609
13354	3810
2778	2980
8197	11144
15193	2069
13466	17548
9104	4573
18179	14547
214	2349
16579	10747
584	16555
2578	18521
11789	3619
8238	13657
3512	8742
5146	18362
5446	1757
588	4977
11021	19011
2368	17079
3332	4373
2993	13105
16291	12530
17798	19211
15523	10384
15865	14290
9672	2114
10154	18909
2412	15276
10503	19215
18655	1227
12491	3888
13010	19390
15959	1482
17878	17969
11065	2625
18616	17401
8419	18644
17105	1058
4326	1499
8019	15875
8958	7595
6409	17023
18820	9688
14419	10645
1937	6646
3216	2821
6656	10521
19509	4991
16447	3831
1983	5578
4245	10635
10599	6358
17607	6996
5592	12915
5292	10021
11620	13048
7346	16826
4543	16287
15141	1606
6766	5776
15202	15107
2226	4042
11713	11845
3316	2643
7669	14429
18946	10806
12378	7462
16272	5022
19701	6450
17891	19712
11575	7163
14535	7016
4882	4581
12647	11600
7725	9272
10762	8530
11360	14985
17226	9562
15772	19135
19704	13430
8482	9126
10886	4455
17109	9902
9776	5895
7658	10242
293	15748
11770	1604
6549	13464
3334	14283
2049	779
7250	6482
19626	5555
6738	13943
6548	8957
11984	6801
19722	9506
6191	9862
6761	16625
13935	17238
8965	15810
3352	8553
11213	894
16665	4291
11832	14809
6764	17521
11155	14271
17651	3642
17175	11822
1830	19297
2398	7190
17996	2922
8183	14116
18606	10589
915	18034
12879	19734
8736	1342
12323	3312
4600	12645
14954	1722
4355	16774
3833	10550
18040	6785
4826	10197
954	6914
657	12931
16238	16459
6127	17598
4779	13884
6393	14000
819	2536
11388	806
9415	18893
19398	18246
18140	5509
8833	12882
484	17020
2061	3934
9804	15696
16005	13995
13567	2537
8674	10525
6220	15451
10891	5323
10772	18719
4750	7874
18740	3911
5097	8046
18641	18505
2644	5971
15042	14080
16880	17350
14562	10789
4834	7299
7312	5981
3619	4207
834	8565
12254	4125
15897	325
11736	8224
5132	4901
5000	17989
18688	3670
19615	3198
12082	11250
17224	11119
16677	17560
2102	2089
19758	13951
14100	5274
4997	11755
17128	15499
9307	12286
10777	12850
13961	11475
17234	4197
739	527
3239	2717
5183	2192
8931	10973
5723	7134
2589	17849
727	6615
19302	14994
10551	8140
16068	15072
16653	7135
11850	6688
8569	294
6917	1170
1113	15168
11695	12543
2500	18950
16701	3775
7226	19423
17337	5980
17692	16401
13234	11594
1957	2190
3340	1835
1148	12810
14537	15206
11014	18992
366	12060
14906	10892
6040	2666
15700	7158
2170	5501
9416	5535
15627	12283
6760	14188
176	19386
16320	8839
11768	15250
17442	17086
13350	13073
7892	18806
16576	15815
9914	18021
19150	16807
7633	14937
2604	11388
1061	5843
12320	17992
4889	1914
5778	7034
9167	10018
1980	8408
19014	17916
4790	9662
19651	3699
17364	17966
890	14305
19111	580
15828	4685
9254	15225
6061	14373
8297	9437
11337	9919
8968	19328
12506	6307
9699	3760
16597	7298
734	5390
19495	14664
527	13082
2376	2681
14521	15850
11398	8704
17983	4903
16326	1069
10671	7046
8820	5344
1036	4216
868	5835
665	16061
15565	17601
19246	14407
4608	1711
9302	6010
1331	267
12712	106
7835	429
7087	7685
15325	1768
5324	17098
9148	18975
6277	17910
435	8069
14033	2729
19048	2113
4886	680
11603	862
10029	18747
7446	8278
5054	7011
5403	6899
7409	4826
17942	13002
14845	16568
11184	9195
9467	9900
14665	5765
237	9497
17585	3213
7880	18438
3797	17627
11323	181
17809	8977
3005	1318
4570	11991
19474	16755
5047	8047
17860	2344
16965	3826
13341	5275
11094	9292
12266	18346
7220	17321
2096	4605
18077	18899
16448	10383
9465	5824
6431	8181
5043	17824
2108	6350
6758	4352
1615	17977
14808	3080
19673	7817
12984	8999
14953	18046
12004	12195
9066	3170
16473	18020
3158	2696
12621	1893
10995	3271
14730	7439
3036	13475
7936	18324
12227	9593
11013	15643
8437	12353
13218	11436
19135	1518
3465	16787
8956	14474
15951	14162
19269	1774
8189	9675
15928	10929
359	14455
10663	8602
5055	15609
10602	4487
13054	8714
11963	227
15270	4900
163	19600
12784	9019
18186	16938
319	17592
17938	1176
5038	16246
4533	15629
15265	14011
10245	504
17481	485
8643	1240
5253	16030
1517	4691
16299	18139
9044	12054
12375	2877
6692	19470
11746	16477
7382	12942
1351	2616
11555	12333
9164	12295
18885	12849
5474	15951
8308	18424
18702	17426
7615	15742
7761	17138
7094	13511
2483	18685
6765	16487
3154	8168
12023	12597
13763	5849
5462	11790
17959	8761
706	16192
2145	6427
13248	5644
19593	9068
10916	17922
6936	7956
1760	3305
1353	10154
16435	9569
13215	4778
2423	10738
8851	3348
14291	15178
8972	2610
14105	18088
16719	8305
10090	13254
18925	69
11452	11381
244	1468
6325	18316
3220	10495
7117	1796
15611	3146
13767	3830
12074	3889
17398	15262
17471	9368
19280	1214
16390	16248
10888	19531
3764	12670
13865	18056
15716	12140
17594	1432
14217	1062
4413	1505
12633	12399
19546	14522
16827	5410
13399	1716
12273	6364
2383	7312
9117	17726
19775	9416
18371	18260
9955	8304
19794	6933
3962	15025
14973	8513
7161	8058
12608	10633
4060	7871
15354	3565
1161	3313
5113	12207
8295	15770
3672	17013
2384	16646
3526	10785
11615	19473
7758	11102
3591	5143
4657	4010
13471	14295
3223	3187
6768	18432
10634	17067
3510	17624
11288	3033
1415	9396
15632	10350
14140	17999
15589	14545
6544	11739
9762	11361
17816	19743
19434	3538
2018	5478
921	1560
1744	3560
2513	7760
10181	1830
8049	16425
3532	9626
11966	5115
10739	875
12892	12653
14804	8212
18190	8913
14962	7232
97	16011
1785	10333
362	8485
6794	19488
14284	10726
19579	8813
1038	4235
12395	2023
857	17191
17852	12612
7807	10431
18487	8930
16535	16423
11435	15863
17321	7013
3978	10124
12935	17665
11544	14978
600	15474
10796	12843
13719	2716
3468	12475
14457	16643
17851	2760
1975	14124
14008	6095
18366	15412
13147	839
8311	13960
4151	18057
19178	17778
3178	11202
13019	17408
7620	18694
7141	14089
6862	8251
15604	949
6701	16185
17268	16100
5136	18836
12721	13859
12975	12130
11086	15827
17174	8652
16504	9237
18313	3295
10824	15329
15210	6173
9494	3628
11818	11926
4343	6895
2184	10815
11417	2655
1176	15651
17012	3156
4658	11338
3928	14794
8845	10413
17603	4635
4081	15597
116	14401
7604	12594
10301	18356
7876	18968
2674	5553
16410	9607
16821	16085
66	19482
13876	2899
11179	19381
17136	3510
110	19223
8048	6630
3295	19166
15613	3764
13811	7503
9184	3879
1842	16972
17827	6255
1928	3758
10158	13612
3642	12759
16801	11062
4855	4164
18593	14370
11700	4839
19457	6541
13888	2861
15314	19056
7056	78
1755	15922
7773	15327
2472	15733
3639	16417
7426	18055
4883	6447
9300	17928
13434	14452
12335	15561
3991	15429
1974	7100
3199	3519
13942	17602
19045	17773
19196	13085
9197	15829
3464	12420
18384	11420
15430	9077
16302	836
13388	19648
18589	14702
19812	4796
13788	5454
9477	4812
18896	4856
4095	9228
11600	6076
13089	6274
1840	10091
9714	15043
18825	13011
12700	6545
13455	18294
8951	13084
8207	13650
13755	9612
45	6971
4170	13208
4188	7172
4027	5909
7704	3403
8810	17334
9293	10536
13001	3471
13469	12068
12295	19382
6591	6292
10421	10674
6274	18599
344	1648
12616	17937
17600	14114
2750	3701
674	5760
11495	9744
4410	12921
12115	12006
8038	17161
19600	16273
15022	9753
9521	19027
19527	17729
16807	14453
6155	17147
13124	557
50	17815
11259	16242
8881	16530
6583	18967
11872	3449
16267	5924
12085	10765
10846	436
9243	16441
2780	18898
17947	7759
2454	5889
17083	7834
7012	13309
5267	5210
4721	18232
3370	4936
1869	7564
8969	8419
13461	3418
1857	4624
1085	14610
10711	12767
4509	16412
16080	2492
13371	8275
12705	7747
3411	1291
13920	15004
4751	9802
5190	3711
267	4374
414	2253
16134	13409
8307	11452
15378	303
9317	16723
13071	19074
9168	9709
19501	789
15432	7820
12349	8795
3824	9706
8895	1328
7092	18743
4068	5388
321	4298
784	4660
12662	14461
7431	1537
9505	4688
14473	8241
6443	19342
18240	10777
10342	5629
15752	10812
18520	12360
11478	17482
7507	7524
15479	14318
9410	2424
955	7251
8647	3375
9710	5111
2803	9641
3212	8962
8164	10982
10789	16799
6137	11173
2378	2316
1987	3342
15418	8210
9927	11425
5552	6555
944	8504
7657	376
8722	4799
6730	17486
12889	13205
3057	13120
15598	13055
1666	13705
12767	2759
12811	0
5588	14940
5384	12305
4359	11028
10091	13538
14622	11633
18328	12061
4181	19675
2007	6
8739	748
16655	835
8786	17463
14259	15978
6080	6491
6194	11877
1051	16744
10495	10019
1323	7048
14193	9265
14400	1466
7133	4159
5774	13240
5177	5705
16283	10002
16188	5573
9078	381
16517	2918
17589	10357
13718	17208
1647	14490
16	6299
3872	6162
15091	16841
5064	499
8343	14493
13725	8193
16540	13039
16386	3036
15844	392
7032	2426
8240	15625
12282	413
4273	13068
13606	13281
3195	5533
2743	9007
7648	8240
8564	1743
8211	3257
19338	4033
2732	19231
14839	17193
19397	8948
14554	6808
8001	18313
13563	6055
10180	6587
10592	9022
1514	16715
10258	17740
14873	2232
11610	14321
17775	19033
11007	9926
9071	16682
19452	9046
14319	11999
7663	5622
8192	6828
19134	4142
16662	12174
2795	11043
2400	1972
13200	6182
4607	10619
2387	2207
14228	13807
5001	2576
8110	5806
7292	14478
19218	896
7952	15828
13337	4488
11751	9936
2884	6641
11900	5012
6025	14449
11414	14053
123	13247
3301	18892
19810	19336
18610	4198
18857	1033
6928	13822
2244	12922
7260	1032
15063	12171
2995	10833
15246	18744
8300	2434
12853	144
19598	3863
16759	18672
17689	19028
3620	3333
11260	141
14676	18666
14490	3057
14585	19510
17450	13090
18552	11352
19407	19153
15261	13542
3717	3284
13874	15773
13338	4013
4101	16044
7503	7234
4512	3860
13528	2284
5376	4303
9120	17169
2202	1874
18648	13537
12902	17377
405	8154
14108	17704
1256	1797
9953	10313
8413	13365
10585	653
4619	17583
19322	14183
11903	19330
940	12937
945	4767
18069	12966
17850	6766
8374	12148
9108	10057
4813	9124
18390	14382
5787	7350
16574	15790
15816	12470
10799	19550
4266	18487
13482	17423
709	15817
2979	14140
7009	5727
17392	2250
11586	7107
12987	6822
9418	2008
19498	17204
1773	6103
10574	2478
16367	7162
903	13546
7512	18886
5134	10759
6609	2273
12547	19058
7982	8393
15341	11039
18298	9288
10956	8044
9406	18778
13870	17127
14601	5242
3763	8623
4090	19607
7923	11570
8665	9533
10088	10386
8676	6357
3671	5963
7582	4141
9492	12056
19312	9160
10914	212
10305	2619
3437	6058
10530	5413
12511	13946
8933	9913
15943	16225
4263	10852
12735	11928
7139	8074
10953	11760
332	16096
9292	5848
11121	9733
1158	7456
2117	11979
16898	5394
5226	13340
11710	10388
276	2494
13983	16582
5662	16792
14318	16241
9756	6946
18114	3536
4575	5325
10193	650
5151	7109
1839	16875
5141	624
18988	13948
14946	11668
19115	2475
14112	15702
10472	6723
13944	19141
8102	9808
4768	11175
6795	17280
14652	18073
3495	9099
18630	375
11682	1741
1625	7889
9850	15963
5493	15731
11561	16915
11064	617
14250	18011
18742	14172
6405	1368
1212	4763
11930	13977
3129	8556
3693	16430
16083	2514
10231	14875
8399	5363
13510	16118
14389	13578
10169	1142
7266	16156
16734	16702
19599	11955
8107	16740
17239	18606
12103	11046
540	17694
11764	5025
4473	17234
2616	6924
217	5420
18855	8336
18100	9052
2066	8324
19585	8909
9137	15434
11496	15611
17324	13203
13820	14226
8503	7344
5532	14441
18239	12018
7777	4813
4645	468
11049	12695
5274	9855
15876	9428
15535	16083
3626	17514
6447	1890
4490	6363
14445	15729
4111	300
12801	16632
4104	7362
18196	12395
5522	6910
7463	6565
12270	9343
3490	5189
15388	4696
14497	8951
9388	2488
4510	15555
7949	16060
10560	9463
15405	1699
13877	15988
443	10376
18439	16829
15652	16272
3624	4738
19671	11216
19319	16817
3188	12385
94	5438
8250	10425
12962	825
5051	10186
15805	19060
16769	5426
7746	19763
6638	9810
5300	5421
3514	13072
4246	9713
6925	12552
2842	7164
6303	6098
18707	13381
490	8737
4007	15077
15232	14826
14993	441
19684	10429
1853	10222
16137	11098
17165	7803
17424	11528
8061	16825
16592	16290
1322	4157
1976	15326
7130	1169
15955	11378
16947	17949
14888	4306
15159	6207
8792	7807
2737	10016
8661	2963
926	18400
18323	7062
14379	3669
13555	8391
13834	1273
15115	19697
2380	12213
19126	11037
11105	1940
13916	8109
17508	7725
6294	5624
6336	2515
9153	5098
131	18713
5624	17846
3157	15671
4773	5243
17405	5304
19258	589
13947	5520
13107	9934
11391	5031
19492	7930
840	14159
17303	18831
11164	5150
13084	10792
1426	14819
18813	17039
10481	4243
4420	3853
3666	627
13830	7313
17367	5411
2692	7341
12812	10123
11636	13991
19367	16739
7524	1174
17335	11690
15783	3829
3787	4560
9566	13013
11278	17297
13777	16488
14483	3535
17404	16014
19168	12220
3986	744
14583	7392
19288	14413
758	10685
2875	11863
7650	11057
3545	161
16017	8410
14939	16908
7467	2811
933	16544
691	9642
350	14866
17779	13313
8598	4987
17440	19619
10830	18681
160	3178
1573	8234
1871	14515
19060	15772
302	1267
7347	12498
11466	16995
13177	12735
16781	15570
10779	5682
7098	1327
1714	14059
6276	12015
3834	980
14809	14993
15253	3985
6679	5071
1253	4173
19740	14818
13927	3962
5541	1002
9513	18537
469	13274
2080	4089
3792	967
14014	16692
13414	19658
15782	12194
17464	5756
17195	411
15294	15028
1132	8178
6186	13563
11115	18091
4049	14917
1111	14720
18851	14812
11376	12707
18353	5059
320	16583
3029	11892
14074	5768
16274	1082
11123	15698
9089	15455
2338	13282
4926	3734
4029	2522
15132	10150
8717	12930
5636	9589
16388	1363
4928	14878
19261	6600
19791	4887
14203	10886
10250	2086
19021	7837
7037	17224
16812	10355
2270	3983
7151	18788
17988	13435
11831	11904
2370	352
6213	12310
11719	2211
10782	9186
15957	6814
5845	18160
7034	13605
17621	3269
3418	3
13157	18613
5571	16852
1374	1984
3168	6726
7839	9045
17686	14675
14814	15482
2285	9198
7335	4250
18373	908
958	13172
7849	12126
12999	460
14580	17243
11964	3668
12733	16318
17774	955
15815	2505
16666	9981
8522	16188
6261	13228
13548	11304
14367	7094
2361	6101
10869	17854
9577	12120
15519	8501
1997	3543
6812	9386
920	6238
17294	6417
7067	3034
13483	15856
13165	15883
2533	17007
2650	17689
1169	8277
16741	10307
5523	13136
2290	18068
7683	11315
15184	12414
14044	12138
1819	16511
5349	17154
3615	19279
8035	11336
16864	16180
17573	6129
19770	818
2853	1956
18543	19621
4861	19533
5766	2244
12118	8997
7381	3164
5222	9700
11422	7876
6513	17398
2657	8724
11501	15585
10724	12901
13360	9854
4217	12818
15806	10838
11000	3194
18429	253
7288	14951
15958	17301
7404	11079
13323	10992
1269	5538
16316	13452
14411	18083
14842	13905
2712	16585
2647	13896
14467	18265
4780	16171
17812	6903
10686	372
18148	16493
15513	11931
10873	1416
5178	12698
8938	10512
13141	8328
10514	7461
2802	19113
3943	16483
18618	3664
5210	19464
19320	4919
16779	1152
14463	130
16423	1336
15748	13237
11875	8347
10399	19598
6228	2818
19488	3818
16537	6686
9057	4798
2846	19565
10823	5788
9146	3145
6072	16586
3070	9447
13716	10075
5810	13825
2060	13659
1592	9168
15269	13746
14821	8947
3783	5343
9738	18450
717	1000
13796	9208
12179	10717
1112	11306
18853	1737
4616	18879
280	17335
11593	18138
3916	15099
10237	14241
9897	13238
18204	28
16482	1507
2340	5139
8866	14394
2678	668
15396	5202
18584	15687
8508	12687
5230	8744
11441	12547
5622	4504
4327	7381
19569	7797
15017	2592
11632	3232
10380	11063
18779	17145
12995	11800
1358	16587
5849	11045
9193	9619
15220	5659
5238	14514
3550	16344
9461	19544
4622	7159
9212	16733
15518	10343
4711	17693
5028	15162
8988	13487
6846	5292
2594	12628
10282	15166
6617	4296
17640	10206
3305	18971
1292	16019
2808	12029
5098	5006
8507	820
1702	15460
13332	17556
17676	16094
9322	7840
13680	16916
5760	9714
13305	1967
14947	536
8188	5585
1214	1213
19378	583
11027	2642
7701	4195
18163	12091
8967	3265
12732	5810
12466	9835
2221	8283
14866	16542
7984	4106
11100	13174
6572	15475
5270	15420
7718	16992
15647	17720
13642	14762
13859	1497
7353	11555
1505	15649
4208	18465
13975	19489
1966	234
15476	3730
6144	8346
6287	18317
9700	11648
2535	1913
10148	16396
18621	6340
16566	14982
11825	11692
8812	13917
5854	4740
5256	18124
2287	5733
2152	3847
2438	2396
13883	11719
10008	6852
771	866
6212	4990
652	19663
586	14265
13364	17225
16496	18383
14233	16691
3406	3422
13003	18344
2532	5560
8863	12459
13473	12659
16030	16003
342	11385
3204	91
2645	5645
13279	15635
7560	19368
4492	9146
7319	10377
424	15402
7834	11296
5007	5899
10807	4359
2570	1559
5740	6246
17982	17059
13121	12123
18777	5721
8067	1259
2493	17415
12171	11771
17608	19071
1116	3655
5090	8021
18823	17855
17320	12314
16606	6149
210	970
15599	3809
18999	8574
2505	3932
14383	12809
14328	14612
19151	8143
14884	16742
6778	510
4270	2688
13433	10283
12314	2218
19315	1188
8524	10832
17402	6994
19231	9676
12178	15596
398	4500
4157	10955
2682	14364
7107	6799
2297	3486
5044	15544
678	16757
4984	3132
9019	12141
12348	1435
7484	16929
5348	12657
9009	11945
10732	15104
18219	12528
4812	6979
3360	18936
15320	9652
7143	4258
6086	5192
14167	16058
10131	2557
6240	19367
14737	1139
13497	36
6979	13369
135	10520
1014	9861
12855	11875
4381	12875
8952	3102
14572	5284
19339	12132
19179	7601
7671	3635
9043	9941
17833	17227
2966	3621
11553	9889
18894	4733
6426	3012
14305	12588
14025	243
5381	71
5722	16381
5566	7160
12895	12924
6608	2846
16319	12033
4677	17783
8377	17971
18292	7961
19084	11295
7258	18325
18735	10897
15300	16762
17007	19632
10738	11556
8073	16710
8428	18466
15076	9890
16750	19156
14300	8703
3053	14281
15863	9648
18877	11135
9221	10037
19448	4446
2964	18367
12385	5465
8506	598
18088	16497
13396	12565
12424	1856
3757	4816
11357	1143
17800	6377
6290	7403
19594	15156
17179	18717
19734	9859
13608	2255
15642	19685
1790	4174
2215	11942
984	6666
17078	19235
19540	11199
1921	8253
2181	10682
6118	7377
15438	6193
15927	6250
18459	13763
15485	10085
14673	4805
5316	673
5777	10473
1961	19677
12992	11145
19239	6617
29	15283
19694	14506
15784	833
16331	13741
6329	1094
15633	13686
18024	390
10810	1091
14568	16057
16194	9796
12312	19132
4949	12949
4202	14181
2017	6465
3484	15355
7527	4820
3124	13257
17049	46
8461	3998
13783	9645
2941	2181
3404	15558
14703	6064
19556	3386
9931	11386
15309	18436
8388	17559
285	20
5637	11064
16681	12908
3720	14634
11937	9777
17316	2214
5616	17918
2187	14341
8012	2567
10951	988
2600	19384
19662	5282
16994	6410
6233	10983
14322	11921
3196	2786
5580	6978
17125	8660
15372	9059
4447	1544
12174	15869
13693	8603
13308	2951
8214	6001
5922	13831
6158	16761
12997	10908
16140	18779
19538	2569
3470	10079
1693	13731
13366	17553
15719	4290
1484	6111
8962	15686
3771	19512
18255	2990
11724	4015
10547	9199
18644	324
17106	19258
17751	12028
12044	11329
11673	18036
1056	12551
15832	8117
6826	17952
16908	7830
9670	7703
18333	14962
823	14976
14577	8004
11865	18184
5538	1794
19265	1632
2796	5483
7798	13275
663	13512
9475	16860
7516	3317
13261	13060
13958	13954
19107	18630
16536	5460
18725	10517
18308	9558
6813	8332
5513	9537
8334	5232
16497	13277
17749	3294
18496	11494
7925	10896
9027	8741
15697	96
1667	418
18034	17305
15080	2831
8052	12618
6408	18669
432	1290
8093	17709
18822	18172
8101	3404
7992	7047
15247	7935
9622	9381
13878	1077
5058	8459
5972	10907
11742	17587
16663	3044
18392	5941
6691	3290
19586	6434
1860	17124
5221	3190
6725	9720
12065	17567
6399	12231
14308	2955
3268	16642
15277	19105
9158	12889
1174	9715
12351	18579
7950	12357
7109	18257
17592	3237
6167	298
15555	8586
4216	7761
7206	7143
10526	3820
3056	10696
15302	3576
782	9539
6696	5834
19227	14630
4959	13366
6060	8716
18656	7004
3897	16277
13802	15874
15198	13111
9052	14013
18895	3309
14871	2459
14067	19708
13634	10829
15650	2939
5211	11769
521	16076
4597	11298
9574	18501
16333	5632
1933	12962
14330	6282
4755	3487
8777	2441
8847	111
3180	15964
11349	19275
11351	7150
11079	7899
17724	3873
18215	18502
5939	13887
15249	17527
16552	12616
10614	6775
7550	11424
1908	3480
16376	5752
11630	11406
9594	12988
2922	11698
19685	7260
16337	17369
7781	7825
3913	2376
11324	4824
19245	7239
6728	1946
14776	2593
13378	5990
14491	10131
2420	18166
4291	10446
13898	16621
11258	18658
11085	10177
14540	11383
12075	3982
16153	12943
8385	5153
16045	15865
11328	3870
9842	10250
10642	882
15048	18901
14086	18382
7429	18581
15423	6209
18126	18175
5231	14072
7254	178
6804	1687
5118	1013
2471	11493
10559	2299
16486	171
11741	15316
6411	17970
2994	6800
17393	9654
19166	18476
4828	7625
8609	13014
5498	3943
13187	3743
17744	17869
5391	16337
569	12386
18231	15066
10850	14548
15311	2385
9437	5925
18349	19143
7515	13141
5120	13058
19053	3939
10279	17220
14263	12919
9675	2418
1512	15814
2752	3867
9165	1271
4808	14836
5684	15508
14186	19214
14658	11886
9144	14863
12754	5867
8400	12022
12679	17001
3877	6845
12820	7318
7306	14721
9811	16635
610	6241
10156	4832
9549	4085
7608	4974
1736	4189
11301	14459
6723	13525
5775	2243
19677	18407
12757	16969
3513	13391
8170	7293
10718	1119
16236	10235
11608	17430
6971	11930
3656	1035
12948	16093
19414	7197
5025	3072
15010	17668
19172	1924
14027	2295
3415	4136
16920	899
16434	16550
14988	18385
16693	7413
9422	15623
1574	13703
14754	542
5695	18440
12846	1395
16095	18345
9650	16970
1765	8420
8395	8282
18557	16351
2157	12596
2397	12703
17684	9963
15383	520
19195	287
4106	14320
1468	18080
312	9464
7276	4789
6880	10895
15533	10913
9981	8167
2218	7244
9990	3037
8937	10690
7045	13160
4962	16686
17073	8448
15094	8103
12053	18187
9686	11861
18640	5165
13052	14753
18482	16147
4463	11340
18103	4884
10964	11466
13724	19738
15808	999
3240	11112
19078	2242
12693	15044
15130	16837
1039	8773
18620	9479
11481	7551
16514	13089
10879	8668
18294	2317
956	17887
1386	19260
12950	3804
7374	6972
16844	8653
1726	6297
4823	9703
15457	2087
19347	18113
19520	5673
5037	7568
10672	19233
8058	18770
4870	10805
7033	2044
3674	9370
16604	13939
6892	8582
4749	8750
8426	13652
7430	11031
6581	10644
9251	1817
16520	6300
11971	16464
6927	2337
13273	10270
3200	865
2177	8289
8834	18063
12594	3185
9030	10169
7368	6635
6389	14120
18570	4993
13557	1736
5975	6967
744	13413
7396	7079
16311	223
9855	1820
12869	16034
5061	14450
3474	9365
10030	1354
874	12893
2265	17075
13664	5927
13614	9893
6770	11027
17075	11833
17612	4281
8095	7082
2671	15603
19233	7140
12230	575
19680	13472
8312	3570
4034	1905
2487	15382
6631	19229
1110	11410
17039	17394
7799	18952
16476	2141
5931	18825
7014	10902
8475	1413
4592	8067
11897	5762
18706	5489
18522	12377
8283	3406
18304	2790
8079	12832
11590	13637
19114	903
13079	9531
12620	4427
1894	7672
5176	17711
1862	15637
17711	5393
12184	7668
1944	14595
2598	1383
8515	12382
3531	1012
6792	6597
9277	18838
12996	1617
9037	4286
7652	2565
2038	12433
15963	14806
11631	4320
8761	6843
14093	18813
2394	6155
5679	16295
6823	7599
17228	5018
333	10410
1217	12133
5286	11939
7979	10127
8458	10683
18598	683
9017	18292
12	8012
12418	17582
6920	4986
3051	2645
3416	6763
11708	9628
13072	2876
16462	18580
12429	4116
9321	12469
11570	19120
7230	12155
17164	3916
13178	3681
13752	19345
12477	3555
13431	13673
10128	16461
12162	4751
16228	18647
6090	10822
8462	18931
5762	9187
174	18293
18183	10947
17096	5502
10557	10102
1963	11782
13714	948
6543	5104
15096	18888
3456	7870
3396	1338
17900	1827
18708	17808
18214	12097
8798	4026
18085	13583
13193	14185
9150	17231
12915	5221
13150	18319
17948	1277
10035	19499
7198	3416
4978	10616
339	9966
18217	19057
7216	4859
1756	19139
1739	662
12500	5698
3245	6401
18981	9520
17659	16075
1182	17186
7870	8563
17619	17384
8780	8200
8655	2472
9393	12203
3896	4843
3090	6685
9160	12400
15971	18111
15397	16336
4249	6016
7836	14287
402	9064
15337	7493
10027	8956
17937	16941
18865	10641
7264	17940
5244	934
556	9094
10072	13354
892	2723
6500	6508
13268	6367
231	11
4524	7075
3342	11704
4162	19674
1387	1365
3421	1980
12470	4050
1084	8091
16400	3253
15110	12720
6105	9331
372	17365
11077	17198
13866	15834
17235	17471
7797	3976
112	10766
3527	14907
16837	19377
16215	3761
18626	3485
8247	18048
4496	95
373	9996
13978	13720
2873	16326
3274	6943
1706	12821
5259	10761
545	3260
10394	13384
9502	7622
4764	13123
3348	9175
7294	6231
11534	5933
16691	18710
2403	12318
9363	7173
4290	12051
17379	433
11201	16419
7113	13965
6206	1779
16287	9042
8024	146
4937	7118
8190	8934
2866	774
2432	4934
533	16996
8011	19278
16648	19155
18924	18277
16727	5772
2515	19201
12734	16466
16794	8486
8175	11727
12512	15693
9984	8491
8217	15525
18194	9719
4860	14018
7249	9445
14743	2907
13293	4553
1984	16317
16686	4020
19396	14572
2660	8567
18916	4398
12552	18546
41	1370
6082	6123
6346	16629
10669	14294
8971	70
18818	1480
14848	4063
11207	4280
9692	570
145	10162
15257	7883
12421	18443
13575	2001
5252	5554
15044	607
6550	1979
4362	10483
1719	4931
10613	9458
12953	7166
3079	16439
10502	5227
15525	3011
12086	14276
17494	7841
1109	9049
5848	14510
5254	5627
18738	8451
985	13488
14995	16590
19576	7348
7405	9896
2464	12582
6674	19748
1400	5829
5912	12008
3849	16876
6882	6501
3455	4485
11338	8729
8411	9552
426	8544
17655	14842
17311	516
1150	12504
6978	18015
10699	718
6641	14996
17532	4743
2333	512
1008	2279
12697	6532
1105	6002
15419	10195
19676	18481
4446	4325
2910	19047
3436	2747
10406	4830
10492	1529
2118	498
18957	11705
19385	19713
13901	12053
16649	13376
1345	844
5663	19495
12439	12595
16919	8522
18145	5266
241	18225
16588	4817
9866	10533
11443	18506
10093	2454
16149	1747
18083	4508
8262	15361
16306	11398
18998	7200
18271	3437
6299	19029
6881	755
13559	15453
18131	186
10351	7093
16546	250
19617	16747
7021	9290
9233	7900
16499	10258
3061	2765
15195	16175
12636	10722
18448	13832
17068	124
16679	9021
18067	18933
8949	13952
17088	3616
7883	6097
17414	1129
6545	13897
16823	9556
18737	6038
2052	13633
9072	19766
11623	19317
4571	919
10893	2973
11640	2750
16901	15473
1664	18986
1464	9790
1500	17682
16015	1772
16505	1226
7019	8487
7245	5400
265	13314
11681	916
13210	3970
8474	9211
18921	2605
5507	12836
4018	11403
8959	13025
5862	4093
3025	716
3819	17520
9625	4053
9743	306
18638	4471
18396	16144
6033	1567
8405	14711
5304	5462
16862	14643
4715	5287
16507	15564
6948	14932
6940	5353
6477	8550
60	19683
19225	7175
14179	17731
7423	3427
314	9915
9992	14957
19108	2390
1198	14972
13242	950
16480	17017
15258	9904
7829	16772
3839	12906
8402	18859
15736	6499
16613	7943
16351	17850
3522	7366
18007	1098
13094	9012
6598	17393
4871	17546
85	14497
6694	17496
18965	17964
11723	3398
9054	406
16037	8849
4840	13202
16647	6957
9806	11489
8106	15030
7616	1845
3523	4450
8808	10284
957	4582
13611	9332
14456	1996
10489	10632
18619	11583
11616	8629
9576	12737
18627	14010
9180	7933
6759	3607
16280	17175
6992	16426
17409	12867
8648	14687
13183	13227
1246	16168
10042	2322
42	8056
772	15411
18177	17230
7303	16073
7649	9522
11032	1168
15304	455
3807	18386
9383	13830
13924	12043
14078	1634
16696	4100
13838	11949
18602	10058
16099	18104
3761	19444
11701	12221
5827	10228
19553	3561
14241	18556
3946	13271
19036	4981
1577	11621
2972	2014
14113	3872
1527	19507
13018	15100
7697	17342
6455	18168
4761	1784
8873	17648
11991	7019
2625	7996
17881	14516
10420	11565
8446	9863
2240	2247
12918	17270
15420	8676
12823	15120
3293	9573
17375	7891
12444	8688
19234	6881
17989	11688
16732	12633
15661	663
3684	13298
5036	2690
13882	11700
3068	11596
5422	13868
19581	11203
8314	17080
12713	15853
11845	12084
1344	15034
19220	10405
7546	10791
2046	11910
12147	13853
17310	14319
13196	18947
9190	11442
14603	6477
8338	4401
2246	4254
18697	2358
3380	6942
6990	4956
4184	2562
9151	7616
9821	3593
18252	670
17054	16213
13647	1783
18910	7813
18774	8535
11729	18190
8424	16701
3357	7022
19222	7021
8841	10723
15874	18503
191	16589
13609	14203
2267	10390
18113	3706
2783	8834
12796	4271
13127	16851
451	554
11050	2529
18400	2024
10384	17492
9479	5832
8259	6500
4435	12291
8656	5193
8737	17746
19010	15204
7879	1207
17567	12556
1338	19601
17973	15706
11611	17987
19138	16607
15267	15622
5264	10305
18420	16319
2623	1770
4368	18793
18870	7547
11468	13719
11023	18667
5105	8814
7318	11943
14489	249
19417	2235
13709	1117
3926	7808
4623	13033
4282	10207
9135	12947
3697	6720
7213	244
11255	4965
16012	4927
1947	1882
14655	16467
13269	3868
6349	6202
8906	18557
1024	15119
11811	9876
5834	72
5865	9768
12117	16478
5240	262
1641	18252
4295	16432
7403	15421
907	12222
15859	18288
12313	5915
5515	6734
11740	9154
2434	14850
9567	5847
14116	12562
8570	10017
8302	5423
15932	3136
14292	10540
4586	7436
4995	19169
13985	12089
10645	1423
10068	1868
6203	13322
10048	5714
3242	18005
17172	18846
12627	16479
1138	13279
16368	13336
19102	6507
3309	11972
19742	14848
12119	7804
1216	19592
17888	19699
19099	1626
12641	13814
3083	17187
8887	8954
19229	6488
4112	10700
10731	9080
17542	2736
7361	7225
18296	6735
18952	12512
2686	5636
13646	2149
5408	8362
15146	12340
17566	10479
12315	16179
14558	6420
15550	5212
17368	9857
15887	11422
9637	15060
15540	12894
17673	6956
13734	4371
225	89
15356	12897
15912	6453
15012	1545
2087	17885
3971	8740
9918	6452
12581	4297
1932	800
7630	7955
1207	15319
5083	3447
5655	8926
6258	4591
2977	12727
7137	1551
10209	15910
8454	15992
14812	18489
10306	17972
16186	14369
13868	7193
2932	1627
6304	17495
4406	2401
2817	16724
2278	14156
8316	9
12186	11390
2385	7799
14820	19081
11980	17599
5806	13500
971	16517
4511	17168
2560	16574
16624	11716
472	8382
14860	10106
8547	6672
16670	12799
9041	8540
7066	17515
15435	18574
4164	8291
11407	19591
5005	18951
2990	18777
19642	1585
10961	14639
14435	7407
7106	4804
9261	16473
128	6812
18517	2009
9795	14412
9319	7788
16814	1071
9538	16021
13857	1516
7233	5794
10792	7607
12543	13438
13782	2357
5187	11811
762	15884
14610	293
12210	18219
12848	15089
18310	16791
4300	3672
12542	18323
11052	13787
710	11252
4454	15798
11159	6105
11266	4365
7557	19349
18781	16940
15440	7801
16626	3950
18992	15497
261	17303
8852	15548
4229	8616
11806	562
6945	19207
4424	19756
16417	15592
18663	194
4248	16926
5477	18682
395	10014
5660	4021
11862	4218
12795	9003
8277	12730
337	12212
11509	3719
9267	695
8533	19217
15774	14934
7860	4425
10135	12214
13831	11253
597	14361
4507	9690
17661	9278
5453	549
5417	16838
19413	18499
18812	18655
1999	10319
19334	6245
13843	7513
1131	11569
6828	2237
16714	8990
17832	9644
14030	9307
19496	15059
5715	13850
1147	18318
5707	15252
10633	19578
18728	15459
6552	9291
8888	6584
3205	13096
15962	5528
4228	5129
10828	6355
7988	2154
5219	11139
10316	18649
18546	6052
11683	7911
345	16020
16539	19162
3108	1185
10967	15237
19187	13792
7029	11044
9284	1925
6819	18583
16940	3483
16690	17340
18982	13889
12469	7559
4720	17634
6445	6517
19158	6629
91	2930
15870	2429
14434	14091
3728	19099
9551	13804
4042	15356
11480	18934
9559	18784
1219	8552
18065	5774
16567	6795
3127	13024
5793	17376
2555	15674
2411	9434
729	18291
10297	5791
10863	7066
13043	16680
9687	13744
10839	12829
7511	6891
10132	4495
14771	338
5452	3341
16182	17445
4652	9274
14571	7264
9799	6502
16979	1189
1233	3997
9800	383
6453	11371
5925	17089
17637	15607
17305	13821
11051	10568
12415	11586
16511	5874
7591	7165
19052	16288
8597	7139
5218	11529
18348	3501
16553	12978
9716	18707
17373	15
5550	16592
8548	9841
4747	16110
1223	10948
7976	8526
6883	15826
8587	1339
16522	16392
6020	16809
4376	564
19469	4837
10588	7235
18986	14668
9470	7939
19683	371
8828	7516
9379	14201
14454	16513
6947	3710
5832	15049
4769	16967
6498	1684
7077	3328
14354	4895
10534	9970
2071	5979
18388	16350
8219	574
8353	17835
9223	7486
18450	637
19543	11860
9219	9860
3160	1225
9445	8780
5614	5510
54	12736
7745	17960
15508	1599
15904	5168
6141	12128
645	19284
16256	18564
8439	14266
13204	9568
5354	10482
12648	7854
7543	15756
12060	9055
3270	10215
9161	5898
9721	15688
10070	15470
5131	12151
6553	6492
3183	17739
12665	19396
14303	13778
4377	4958
5716	1399
17804	16448
2325	5967
14587	11748
7228	8194
8489	11437
2584	9057
8619	1897
16021	7719
12854	19271
13893	6824
8611	5745
14782	17577
914	15595
14898	7491
3229	19362
855	1209
10007	15419
3562	17832
16265	11741
17021	3444
16214	10140
13863	2546
13438	1202
16768	7960
2956	8287
16297	16114
10419	15200
336	7606
6385	10604
1471	9871
2856	4951
16841	7893
11941	8180
17944	18538
2903	17190
8996	15456
8	11579
7716	738
3201	3243
17410	17816
8034	13882
6177	13854
19344	17022
6733	6648
1104	10165
175	6217
14392	9987
8200	2263
15288	3150
18629	6487
14087	19119
12828	1829
17250	11218
5692	12432
4037	7220
10928	16149
1691	1068
11390	3713
3618	1733
16930	4710
14130	7375
7018	9230
6741	1653
7200	8259
2097	8288
4370	3591
19013	8594
1670	15253
500	11970
10907	6583
13844	922
5317	15705
5447	11115
15175	12591
12384	9213
10626	8675
12837	14123
10452	600
19688	3440
2529	15405
13890	8770
4433	1884
13651	19283
8389	16688
11757	9525
9249	2880
15268	1730
13206	1982
4409	16036
2736	3005
18475	1891
18288	2099
9266	2326
19672	3733
10627	3103
15333	2654
9224	15070
18909	3622
1384	11538
18852	11807
883	17323
16294	5148
4375	14880
10251	11584
7938	18404
410	19404
8697	2589
353	18049
17836	17798
12465	7925
4234	273
10080	17237
12393	15892
15629	1685
2213	14997
18516	16316
9837	1163
12550	14834
16396	17755
5484	15521
592	7541
8346	19219
9310	15586
16079	1512
2703	12507
8043	12623
18816	7379
16587	2033
10418	9284
14475	7496
7057	11952
15875	13129
1278	11703
3791	9101
12711	19013
7700	19146
12209	19605
14141	18211
2140	6738
9775	5602
879	910
16407	19206
9514	2386
12088	6100
14879	8151
13317	3441
19741	4438
7054	4752
3974	15082
17945	17735
891	1561
6719	2770
5682	220
17807	17012
394	13258
2294	19091
7070	10110
11088	10063
1788	6683
3314	16189
18279	6923
5108	15105
15275	3858
7806	7473
7625	15559
2858	13593
11374	9817
10210	1343
12844	4566
7857	8064
6178	17618
7434	2021
11580	16223
18462	2436
13507	16382
1467	8108
11396	6381
5233	14012
10416	2175
8270	9161
5341	9051
14262	6889
7160	10052
13062	16134
8989	15539
9641	6826
9346	11710
9105	944
10932	2421
14057	18854
8659	12811
544	18188
438	4402
4859	7617
5428	147
16211	19312
15751	14126
14641	351
11969	4548
15408	2893
3816	4459
15798	12540
8055	19462
7733	19680
12849	16603
1287	2755
10843	6118
12817	11635
8013	9579
19104	6871
13829	12348
11096	10329
16658	2414
15941	7333
13090	4584
16577	14608
10062	15037
4460	8101
19415	2225
10911	17679
17993	14110
8509	16327
5842	11832
3841	8062
4944	11691
13819	2380
5101	17355
1179	384
14448	10952
12770	14576
11283	122
13119	13988
6400	4498
14021	3566
6624	11076
9038	12842
603	10736
7695	8607
13377	8828
13249	14870
12481	16157
8318	16077
14282	1489
15972	9903
11434	19268
14604	18287
2833	15897
4311	18426
14851	4428
10287	18895
18149	18422
9372	917
15925	10555
9717	16696
8215	9576
10318	18876
1332	8252
13984	19547
6708	16541
6607	4822
14035	13311
2970	16435
19023	13679
13039	19052
16945	13236
1363	12807
6057	14481
13682	7399
15447	2520
6802	13641
12986	530
9369	4601
13637	4135
2185	12042
3636	17945
5575	12705
4739	11438
10405	15524
8141	18136
2488	3980
18316	10922
4330	7515
11114	17671
277	1992
19181	3356
867	11458
14341	4749
13748	7010
8299	16766
15373	1513
19792	1814
8612	16670
15974	12388
10023	8404
1118	12675
18290	2252
7428	1922
5917	17439
4643	17346
15882	14519
10668	15381
16372	4713
19667	3153
13400	19779
8354	18120
4857	12288
9225	14048
2451	8155
17910	17436
17506	15663
5582	7618
4500	7183
2572	8035
9188	16610
19215	2950
15506	443
7251	17152
11142	10856
5992	13957
6890	19158
1048	5225
19068	19771
16321	1458
16243	19075
471	15155
6621	7009
17768	1762
998	64
511	10393
16594	14239
17758	5816
5877	421
9746	19458
3037	9833
16949	8936
5497	10387
16927	11650
7017	1657
3826	15159
6490	14591
916	13121
14702	16495
11163	2740
1497	11544
12331	9306
18264	5617
2354	6332
8319	5144
7179	9510
16369	6093
17826	11050
1388	142
17598	4619
16100	2491
12832	11816
1644	14898
1751	17498
530	8590
2309	4107
14532	868
7278	14897
15922	467
3794	8169
8629	16334
18983	18328
3997	12227
7947	743
3602	9724
17931	15391
2855	17973
10565	10089
15274	13914
2207	5402
18550	4367
10728	3527
1339	9820
15376	6902
7238	508
4116	18309
6898	5729
12390	18572
15152	16002
17728	8575
4584	13352
10171	5984
1895	7683
8287	8756
19806	18640
10471	10311
363	6150
19507	8577
3980	2455
17876	11183
15517	16857
13854	4509
8985	5591
1882	4103
16541	8691
5607	12098
1120	10769
13087	11990
3908	16409
7421	2168
1864	2702
6503	19154
13981	14735
16999	14191
10369	15158
12205	4370
536	6704
11512	15022
7126	1046
10764	7890
4127	119
13013	6483
17537	11765
16525	11113
8525	16285
7075	4628
14552	6769
13315	4570
6791	3242
8317	3402
19545	8083
16292	8871
2958	8122
4171	16894
5185	5070
19326	13222
16187	5545
7598	4389
6000	19702
1541	17095
18036	14650
6865	7787
13623	9056
14846	5490
827	3421
13741	8979
1697	7706
3290	9511
11606	19724
1181	12166
12555	17532
8856	14437
3363	7629
1486	18515
185	17857
12682	16173
14956	13209
14589	8162
5157	12370
3721	137
8595	4725
3714	1969
6913	16918
19725	12467
2898	14933
1645	15755
15572	15572
7284	16158
15845	5798
10338	14135
18265	6964
18923	16993
10540	17183
16148	4420
7471	2834
13954	11593
11925	11463
3900	4530
2044	8387
13025	18987
14923	7931
496	14365
10516	19351
7237	5044
12244	5378
5013	15682
13588	17760
9580	13109
5285	19586
9175	12886
4613	5137
17569	11958
2920	16716
9189	15438
15081	6432
1597	5047
974	4179
5664	3410
12567	17605
2879	2302
10637	3292
18639	15591
11973	18924
8542	7650
5944	6066
14570	6083
8914	14202
13823	8974
7162	9507
8407	18980
6160	914
18226	11714
10199	11001
1180	8542
14595	16001
7026	690
15260	5808
11475	13066
5544	14348
18318	12303
16310	13834
15276	1171
14569	12613
10476	12586
15562	11240
10190	665
14986	18746
13445	12797
2271	6773
5255	19373
12805	5431
2064	5289
3937	14961
12010	10354
12737	16137
6070	7578
16668	13486
13498	9352
14740	1611
8108	11251
15635	11433
9185	7571
13922	16238
15881	11348
3729	9041
16558	11402
13128	9128
5318	12049
18553	12290
14079	9033
15998	18006
7415	9125
15064	19380
11500	7984
1208	2544
16165	1766
13167	17574
8703	8480
7079	2669
7314	14575
1818	18363
11807	2882
13339	9361
18199	19379
17034	19255
13048	2547
7360	1456
12169	18575
15259	4209
6782	2050
3171	75
7816	4008
14550	5747
11554	15886
19404	8238
1300	16369
16629	350
10145	558
12014	19114
14686	15532
17731	6428
8510	9165
7375	3500
6342	1608
5949	12448
2486	1989
9610	5459
3072	13468
2848	2081
4315	10205
1513	12649
12768	305
6204	2671
413	9341
12268	5288
9822	7064
18734	16222
4674	3989
15939	3467
17445	4873
14111	19194
17418	10368
12973	10183
5942	8352
17426	7992
13629	18116
2676	13489
1823	17343
11761	3651
17214	9651
12600	8719
4113	2490
18978	2707
9740	10972
1669	17325
15278	11220
3403	10399
816	10290
9564	9130
5578	5276
7407	12094
15145	17490
10527	16604
9730	8262
4961	12228
6134	7425
11822	4211
8998	307
4797	13473
18569	10725
14135	11815
15208	15560
13474	3168
12223	3584
12561	16658
19735	3040
512	15491
9076	5448
2283	10542
6672	18193
5023	19095
3401	4385
7847	11316
6180	10200
15917	12337
17539	13670
15703	19471
4774	8541
676	5546
10433	4841
14158	11274
5718	1341
17100	17066
17366	12025
17662	3300
12766	7026
17124	13273
3041	10716
12858	560
4903	13171
17780	11150
11153	14825
9669	588
13235	8830
8875	11387
731	9660
8495	15057
10714	19070
19402	13867
17650	14071
9727	10008
3377	14233
8732	9526
17904	18900
1805	8943
115	17387
1688	9779
9426	7982
2568	2668
16467	5943
5431	10182
14646	2444
12341	496
14523	4800
2965	11401
3699	1398
14046	15229
10346	3089
13743	18274
4482	9800
18506	2824
5029	17269
2834	4003
296	15435
2355	6842
10033	10469
18956	6431
9287	7466
13513	15385
19608	3297
10575	16485
3919	19269
8519	13930
18150	4753
13504	6137
5680	11879
2731	17466
7878	4865
800	12197
6718	195
6218	17091
10265	8752
11508	19595
3988	10426
16077	18480
8103	3688
16138	18740
19762	3068
1299	4979
17115	19174
15840	14129
19658	19340
992	10341
4555	5901
11507	26
3336	7748
14200	3039
9126	16362
5039	4801
11951	3973
16365	6059
16804	41
5893	3914
11780	17558
12350	1022
17462	16652
10009	13385
13197	9366
446	321
1295	14499
601	18570
6413	17847
19201	13976
11749	19216
1435	14270
8946	16017
14287	19007
3459	8693
5160	2482
9469	5082
10268	11752
3142	1901
4733	17695
10140	1990
8860	1364
14134	160
7675	330
8599	15183
8264	968
13016	18249
7304	18019
789	16853
9867	13958
7387	13460
3179	10105
3708	11207
6994	18902
14509	18101
14834	8265
264	13153
4339	16638
4687	16669
74	12188
9244	8435
3391	19417
1237	9457
2098	14887
9250	18894
15602	12945
10698	4720
7365	14546
17487	14688
14560	18077
3226	956
10294	885
3300	5802
8488	17774
18821	3182
14625	7786
1121	7044
11661	12929
13619	12973
6026	18928
2622	8093
763	16095
14002	12995
3023	8860
9053	9452
4656	13374
13447	16389
774	4212
12094	6535
14376	4869
661	5651
7379	7067
11381	17409
3812	18145
5670	15941
12920	13667
10400	17487
5887	16457
19580	12500
17352	16584
10111	2104
4499	16278
9035	7231
3275	17320
12260	8237
12114	16378
598	4592
6906	582
17289	18256
2749	3762
12285	5920
1531	9280
2169	1284
8556	6418
18991	13978
3632	14351
2974	1464
12283	17470
13368	14125
18486	14923
742	18827
3322	13891
14289	14692
6685	17771
13531	8678
6048	5628
6592	18067
2550	18122
55	341
9852	5474
1060	13699
3228	13653
14371	16379
16773	18322
7561	6056
1221	18949
11132	10656
13499	17983
16756	12186
11228	11133
16024	13289
5796	8517
14147	10863
7526	8746
6	10798
14909	1759
11530	10666
15062	11905
6769	9374
551	1738
2804	2632
13511	12464
4852	6218
9247	1620
14736	6003
13518	9047
7590	9723
8671	7997
937	2345
11296	19344
15043	12167
16544	13708
4727	2076
7281	13154
5961	2978
124	14662
11045	5296
8678	19018
5129	7237
18947	12896
14375	9775
2067	1746
12587	14502
11633	8399
12645	19527
12783	17324
648	10412
17861	7420
16651	6425
18709	19392
7138	15774
9130	17610
16614	10820
16257	15887
14479	2804
13910	4568
5962	2205
19481	8164
2713	11299
5412	4955
17935	4571
13148	2773
15584	9528
18511	18268
5008	18228
143	6273
3422	14457
7071	15721
8242	4732
13361	953
1528	13835
1509	10324
10979	15439
1361	7003
2944	10318
9973	6166
4942	13936
13713	8214
18416	17572
18805	18869
14266	7611
18623	19323
19046	48
17906	278
1380	1651
16902	1803
14169	14199
3987	8216
2204	16160
15884	9467
18111	7427
14255	6832
13818	18238
19788	10309
13946	17791
10324	14642
2241	9318
7774	14248
14940	11707
18646	6846
10887	15909
14050	19193
2553	14184
6863	1603
912	11725
2085	10188
1534	16117
18224	18118
4022	1095
3231	19405
4469	16306
11999	8007
17270	12000
13549	16463
18696	1589
7593	1444
13532	7327
7050	7357
10094	16282
3040	2413
5394	1715
16271	9994
8015	7053
4954	12306
9373	18153
13362	15503
4796	2984
15369	11275
2416	16965
15509	19715
12102	1877
12480	3120
16538	9686
12692	19118
16133	16462
6889	16994
11712	15138
3880	19236
7918	8144
2469	17167
13076	12812
9807	16217
12382	18270
13700	19126
16421	1503
8363	5947
10377	18054
13530	8815
5374	2796
19252	15640
9113	5039
12617	14074
6483	18507
18996	18137
11979	15791
3052	4631
17065	13426
7127	15516
14084	56
13694	9806
6076	3807
12196	2432
4748	17750
3945	2398
17345	10920
1352	2960
10001	6522
15057	13528
11297	4241
837	12223
2449	2611
797	14327
18403	15588
15009	1566
9924	9320
16479	7621
8393	3251
308	4692
2906	4368
1694	2530
14506	2101
14949	19324
6166	18916
19296	13851
1123	16900
2909	2952
1854	7684
775	2778
15568	9869
3815	8409
13395	3442
19493	6952
19657	12490
16002	9847
18884	3097
16485	10457
13429	4071
10484	16722
15068	3433
4675	4226
18457	1900
12247	4300
2998	18329
1962	5850
3413	17830
16730	10951
2439	204
8204	8307
6724	5972
7757	18121
13061	9325
2874	18206
6489	18107
11858	18092
7373	5451
13722	7509
5087	9721
4549	9220
7817	77
9616	4075
5608	3112
4175	3154
16717	6117
327	14267
15674	10451
14024	7408
14109	16204
13405	1157
17788	3165
19147	16563
15693	13944
19374	13886
1779	8523
11810	12662
1026	10513
1608	2313
15896	17381
15056	9337
10962	2012
4069	1810
5892	16167
17745	11907
13472	15906
1704	14908
11594	2258
6476	877
804	14563
11015	15891
11315	154
2121	9555
17433	4175
7466	3303
15571	11901
7104	991
6196	18221
11237	3476
9106	18405
9713	19530
220	5692
11469	1955
19028	18531
9506	15945
4449	477
4615	7268
8184	5819
19383	1001
17186	19737
5525	636
13794	10755
4617	5133
15919	18290
13224	15302
16174	7430
281	12282
9754	6348
19197	14534
16957	8690
5004	2525
6403	10574
19140	18618
16528	702
16805	8650
7171	17110
18461	15341
14612	18883
8241	3474
12797	17332
4061	4264
8658	19062
8901	18795
11449	18739
14324	17112
7358	8775
13822	6594
230	14523
13735	2635
12515	10880
5584	1093
11838	18670
5314	18392
1016	1301
15326	3339
1191	7206
2930	6974
17546	15716
8089	10624
1069	6570
15641	15362
7928	19642
6648	4134
16379	5838
18212	4160
19438	5380
7316	5839
16111	18896
13787	14288
14148	14420
18937	12791
13243	18010
16747	5182
12720	12324
2869	17713
8289	19537
15653	11672
5334	1650
5017	5601
15176	1430
13988	6771
13590	14095
4396	8302
11965	13246
1876	2306
2811	7087
14298	1695
416	7241
17950	11984
8187	4391
15011	5593
18539	14944
10143	13143
7386	15293
19206	12124
18814	15079
13867	18621
17732	17250
5554	3578
6434	7845
7354	13513
11518	1270
13624	14229
6001	4802
4981	13155
17144	15063
10620	7670
15079	14118
9999	10204
6345	13567
9548	6945
6018	16730
379	9054
12798	14269
7563	3813
13681	8946
8116	17565
8589	1828
2317	8481
330	16662
13365	19714
4564	14154
17975	6198
17377	15736
576	10385
7673	9785
7578	8765
9084	9786
10335	16523
7993	19604
17070	19403
391	4577
12368	1457
3964	4231
18031	3051
10063	7495
12146	1997
7924	19358
1432	14179
9913	18397
18622	4408
15620	11781
7492	19440
3193	1569
14171	9647
1151	16346
18491	11084
7569	788
18672	10653
17700	3554
14750	63
3442	6481
11693	53
6309	16266
581	1312
3191	9770
18476	11911
6563	5147
10769	14246
16571	3819
18987	709
2164	19520
3084	12010
13080	16262
3647	7635
11974	4307
4403	8895
5920	4781
2082	16472
16212	12193
11503	17472
17620	19049
3995	19422
5683	13451
14089	8465
9099	10252
17381	15587
5702	4737
10924	17935
14462	11404
12269	18680
19689	18413
6793	9530
542	424
6270	16042
12391	11200
13172	1519
2573	17545
2830	6494
18307	7032
13630	14157
4508	15512
5074	19775
15858	18997
9430	14196
5825	11574
10528	16387
2255	9971
7825	2843
9860	16773
11149	1872
4257	2294
10486	9430
10276	6925
134	18028
6108	15966
7884	16997
2913	7608
5938	14078
14825	17395
9342	5083
9433	10688
3169	8434
7665	19722
3857	9815
46	11526
4975	15264
1270	4899
1375	4653
13053	9063
15161	8006
2190	13379
14555	7766
17315	15930
9210	13465
13158	946
11418	19572
9634	10662
13164	5007
6597	17873
9917	1180
7240	17357
7571	11693
18860	1688
10249	1562
15921	8867
12652	15055
19436	17547
2027	7878
6647	12939
18477	15048
2904	16484
11432	8772
8707	11607
5819	1704
15940	13003
14889	11950
3715	8165
13459	5991
8142	14093
3244	6510
8442	19361
6852	19577
17496	17686
4551	672
15524	17906
16859	14552
2718	18805
12057	15965
7506	1670
4565	9793
11467	16778
13406	17373
2992	4166
5070	4607
6246	16235
4787	9142
6643	9302
2497	10984
14565	12436
11684	14
785	7806
11053	1089
19611	1191
4233	17416
8326	12277
19255	9204
1473	10273
5011	9942
3854	15278
15167	14788
8730	11623
12904	1387
12039	17826
7100	10552
17632	9592
10311	7301
13022	4984
6981	466
15975	13009
4117	6253
14653	17453
8530	16595
17063	687
9092	10570
19607	134
12862	12039
10011	6882
2885	7012
11222	17170
17951	14062
17036	5568
15711	14952
4931	14399
17137	5743
6511	11399
5868	18447
743	9433
1809	14061
817	11430
4528	12830
15035	12533
16506	4255
6110	17266
10859	9098
8790	5903
3282	8573
11311	1786
2477	15160
5553	15711
3621	11070
12496	10447
4232	5999
11247	7861
1658	14077
12194	6085
19744	9248
8853	3073
12252	17811
11009	4613
10081	14205
15468	16677
13161	12356
7727	15502
7577	18516
2153	14597
16559	5923
18650	18307
18107	4413
7103	10097
11303	5224
3534	7548
3071	14872
15606	14402
8803	364
449	813
4653	4808
9887	1612
18513	13899
2549	3646
3122	7700
5846	2105
146	10352
2372	696
5276	4850
11138	7007
6067	13671
18710	8636
11044	12660
11001	10163
8076	5334
18105	18261
3433	4176
13799	7488
6959	18550
14070	15974
10501	8584
12123	2233
2256	18956
14876	632
4538	14415
924	19735
12243	3877
12639	1726
12824	3151
11511	16545
7397	4511
18484	5399
18225	1239
2032	2343
1328	3553
9097	6040
12977	15929
14019	7025
258	11307
13502	7001
8608	15567
3638	4768
12170	10646
10320	5231
13804	18919
6075	6885
16361	1384
18717	2030
16738	4950
16645	11862
18058	2191
19154	10138
17067	2962
16581	5611
1440	5132
10770	5259
5490	8932
3208	5532
5110	16086
13155	18948
12610	19348
12913	2489
5685	8468
7679	135
497	4604
3874	8832
8943	8182
15764	17460
6676	19616
18677	17412
17536	3108
16998	12024
17795	11454
1907	15878
8818	17555
1382	5496
1199	10315
18004	17030
8072	11587
11082	4219
10598	2037
7990	8209
16554	4647
9921	4966
3027	13692
17754	11560
6247	11100
19106	9968
1210	7653
8484	13688
3320	15615
7808	2686
9884	7342
16044	727
11720	9008
4951	4758
4999	11522
13374	18097
12958	4964
13678	16006
14586	18354
3567	4158
515	14873
17056	4083
5302	18110
1372	19749
2414	13052
14317	8447
19364	14856
10870	9757
18192	12925
11924	16123
8342	16788
17773	8841
16982	4433
9601	12940
17515	4724
19807	7518
8355	13585
11602	4922
18020	3070
3365	1640
12573	5154
16073	11138
7955	5038
16580	158
16474	11684
9070	8232
12591	19425
14926	8496
9801	15852
10647	10741
13344	6993
12831	19025
608	18416
17986	3161
10757	3453
1698	2826
3307	10441
7451	3587
14015	19682
13538	12258
12294	2581
331	5557
18844	8960
3028	14773
2339	2894
3949	10436
3259	15454
2953	14141
207	8010
623	12438
3478	5878
10202	16496
5258	8313
4135	5631
9285	1233
15021	8509
16177	4551
13715	3434
9138	10221
2915	435
14687	8829
19173	19321
6554	2288
10835	4187
19066	12599
9690	6569
3177	12264
18953	9420
5561	8019
18845	7428
5260	19646
7035	3298
18370	2699
15454	15739
7737	7655
18147	19325
12572	6602
8432	1054
19793	11701
18355	2775
7747	5936
5717	6736
1806	6385
6272	6312
17609	17479
19109	19310
7252	9086
711	2173
6428	17048
8144	7823
8333	17173
3847	14767
17529	6143
11654	9159
14960	9845
17623	18786
14401	5815
14168	3574
1055	9897
16440	8407
15624	1316
17583	13775
1915	15462
10285	10613
12886	9405
10271	1158
1581	18764
14627	5726
18155	2462
17526	14017
8840	10899
5280	566
