6000
16997	3757
3721	4135
12861	12499
15970	18277
1267	5055
12299	3054
17987	16641
8331	5864
7544	5818
9074	18318
12554	656
1934	11327
11942	1602
17248	14456
14808	8945
11191	18852
11210	1555
13864	5181
720	14130
7962	11034
17834	5819
16429	15417
5518	6286
1583	9712
7077	17126
9982	11499
14333	3919
4995	6527
6180	13122
8179	6648
3194	5340
7312	13093
6005	8444
7507	2922
15941	18855
7991	3929
17779	13479
9937	5364
6972	3297
3592	6344
16598	10750
16786	6537
3930	13025
4639	11575
13138	5031
5629	14049
13757	5116
8412	17106
19295	10649
9687	16767
1733	12885
14561	17932
6365	8373
2738	1697
4605	18580
7780	9045
2077	452
606	17939
7005	14397
10857	14634
13492	10704
17605	17309
14964	13038
18344	15741
460	5826
8495	8045
18147	10290
6138	16029
5157	16712
14273	15155
5407	5017
7612	19379
5389	5339
155	17403
18368	3430
13098	658
10770	7393
18177	2571
9066	15354
7149	7962
7801	4116
4819	7029
15001	13161
12988	7837
9729	10434
519	16069
10712	19762
19252	5365
18207	11730
8798	19461
4587	333
18357	1231
12840	13077
15243	1983
14903	10630
6727	10207
18824	18291
15572	3942
12111	9721
6916	16613
10236	16552
3920	6428
1839	4557
9095	16057
13901	3780
8621	15082
828	18010
183	10714
575	19297
2344	280
99	2445
10930	6098
15092	12265
2744	7360
550	5165
10017	1096
8350	541
6436	11826
15845	17399
12059	4353
6062	6806
6675	2165
5869	520
9128	7535
14985	3619
10567	18172
8793	14389
3656	7366
4301	5530
14693	9667
14923	2344
6619	19235
10483	10415
6684	1958
1949	3357
16964	17831
1557	7626
11606	4077
3080	9356
18336	13326
15258	790
2009	16072
7587	9934
1396	8355
5867	17664
2282	9146
14525	16383
1317	7840
12526	12972
16745	16294
862	9595
19296	10232
9987	14404
9513	14364
6212	15193
3181	5361
8201	4444
7531	16374
18601	9649
2530	4247
17229	12426
9498	9988
6611	12144
9414	6423
5857	11494
5451	8480
17821	12231
16273	13357
9319	18573
18243	5369
12870	4826
18182	11124
13780	8492
10564	11732
7009	3579
19693	8063
395	5304
12817	13474
7124	9828
433	18567
3269	2086
14678	6825
4027	291
1503	2951
13173	16478
16441	4612
2262	8389
14164	15612
11735	3246
8035	17922
12268	14800
10994	6022
7165	16291
11907	10638
4220	5630
6409	6216
11696	519
3046	13732
11960	10253
4269	7272
6840	10174
14494	10030
7431	17088
2367	10377
1726	9348
13711	10180
6116	10497
15314	18973
8896	12743
19060	7828
3132	16905
15698	7892
7685	14772
14649	1321
2384	15404
11772	1196
387	14255
4158	19131
15451	2859
814	13681
13116	14339
9098	18622
11882	14727
3766	13788
719	5206
17224	13028
18900	6848
2014	10394
14881	13965
570	4581
17320	2211
17626	3882
9692	9789
19638	1608
18544	10213
11044	6354
4244	7805
5046	15831
11680	19566
3098	18323
5963	8897
2596	8874
7889	18448
2007	1918
2834	2552
221	8394
143	11344
5269	13995
11653	15653
17655	7537
5998	10773
8843	7554
6629	7574
3861	3375
386	17580
10312	15740
19761	14030
3490	16285
7134	18205
10845	15187
10540	212
8987	521
4931	16184
1322	3157
19797	17989
13607	10935
19423	7733
2419	3425
5703	1424
11829	16653
16262	16695
12533	4224
1368	16467
9195	7176
19340	14795
19170	15798
6989	13313
3687	10463
11760	386
7875	4452
6377	8809
9086	17414
4245	3582
14377	6039
14127	15473
10151	4786
17668	12934
13500	19380
9465	14881
18776	11445
13075	17913
6628	6249
13853	19377
2685	13209
916	4174
727	11043
9874	12172
6388	14265
12026	8214
7396	3471
15785	6982
12157	11553
9564	6191
15167	1230
14950	5850
19640	7209
6087	18722
1601	17753
9325	10573
13360	3009
2657	18046
14364	1588
11300	17602
10493	18364
2227	6594
9642	7493
19101	16880
15898	3526
17827	8803
15426	8318
17793	17053
2625	4570
8019	8317
15005	10991
3453	17256
11142	18526
4627	17548
9070	13116
7534	12076
1552	18041
3902	18423
3460	17040
14893	5483
15187	11275
3325	10992
5029	15450
16882	16156
5295	9255
13772	2171
659	619
7603	5028
9962	1130
14252	15527
2877	6620
12002	779
16616	7066
17971	16690
5067	586
3705	8631
4182	9559
17181	2294
6402	10972
16523	4044
10554	16835
3963	6163
4741	14384
11422	13895
16041	14597
8887	7307
9037	11638
8239	11616
17881	18449
10722	8035
17088	13802
1110	11467
1106	16406
16584	3027
15030	13202
18407	16510
630	10729
8561	10571
6338	11291
14387	5362
15061	2203
8808	4131
19686	11824
19510	8821
1370	13537
549	12239
4496	2802
7112	1691
8770	15595
10742	7848
10065	18017
9439	6942
17662	2176
11175	2869
10487	13747
1667	15796
250	9301
1913	10631
15015	9120
2341	7928
8087	17923
1600	14117
9610	6801
296	4961
15055	6319
19044	19554
200	2120
8363	16223
12027	18112
9207	5551
11523	15293
18172	14408
12658	18322
5874	4539
1174	18650
17333	17096
5033	8279
14289	610
6080	2001
11813	14680
5485	6722
9118	16524
17788	12461
6637	14739
10811	14618
6672	4781
12974	11988
17460	10525
19614	17508
12908	968
9139	11345
16844	2132
1277	16187
2140	18271
5303	5979
2681	7063
10855	1650
14698	17352
18478	4898
12284	18133
3745	18649
9327	1632
19118	12675
6853	12209
1327	5556
5160	1974
13289	729
11938	12025
2500	4988
6522	12921
15839	3888
6185	19652
19565	2199
6017	11153
449	6842
6069	7435
12623	11440
1742	3414
13307	12807
4284	18429
8530	13306
8898	7778
18841	6200
3612	15131
19146	4360
10730	7279
16695	18144
19682	16851
14434	15999
10647	16175
5827	7266
6525	17272
18441	3002
16058	17689
12599	8140
16567	5618
6053	2550
18675	4788
1134	9171
10559	6745
12249	7615
18047	11312
3991	16378
475	18519
7775	8290
5517	6945
13080	2954
9622	2926
5023	7948
9909	15665
4777	10277
13088	15529
16714	760
4591	7104
6779	13715
5829	2037
14277	17475
14866	886
17380	13700
4837	12386
6817	13236
4367	7089
17805	346
4219	7977
15052	4551
16590	10113
8369	7203
5007	940
11682	4892
822	2382
16699	18958
10349	343
16100	8762
17520	15512
13583	17426
2185	4468
15364	18388
18577	1792
12234	12595
15754	11758
9621	8149
3940	12652
19047	17839
14628	11455
1154	957
8855	7051
16563	16281
7568	16646
12896	13543
2440	13516
2526	14654
14497	11920
18453	6398
3694	7133
3275	2654
453	2060
18415	12523
9067	8380
3014	12734
2174	15904
4060	3377
5881	11201
461	12381
171	18137
16667	8302
8129	4467
216	16899
11371	5595
5694	10554
1244	8365
17365	7247
17736	12058
17047	6080
3836	17895
2361	17888
18886	18827
17576	6211
10558	4697
8188	14626
17678	9946
8923	8218
5089	18109
14072	177
981	17979
9740	9551
8034	14622
6284	282
10090	17504
7582	632
1222	6585
15439	15147
11630	2661
4227	8793
8498	12117
19534	5852
12939	204
8021	17605
8278	18081
3133	9058
18791	4147
5621	14184
4500	11149
12525	17904
33	12184
19643	5737
11678	12758
13585	2837
2890	12151
1986	15110
16937	601
17260	9803
8217	17568
14232	12736
8334	17538
18354	6213
6891	558
3794	11622
11970	1908
15117	16217
5932	11008
19046	16668
16014	816
802	16304
15318	9702
17406	15016
6680	16593
16623	10188
1206	17586
16175	19072
2096	10981
9772	15394
16084	1316
8416	12855
9146	12436
15299	18674
19582	17257
2049	14696
13457	10353
13054	13208
198	8012
19163	7068
11503	12434
16346	5571
8349	17041
583	1607
18356	4897
2963	12868
12789	6555
18893	12628
10761	7654
3639	14611
15329	15995
17761	17282
3882	16637
9069	8001
7472	7555
4699	4193
522	16883
232	1300
10753	4233
2478	18644
694	15182
2756	18563
6248	15871
6713	19412
15985	7057
10128	10133
1745	1855
19541	16892
3856	1395
11591	13446
889	13746
2144	14499
13426	17931
13175	6855
7995	8639
1669	5554
3679	11953
17607	6371
184	7791
4616	2201
18589	7842
10136	14193
16423	18066
15592	7216
11783	2024
14097	17762
1015	12839
17051	10506
12184	12166
16697	15699
3354	6850
12760	1077
7811	12133
2820	11637
7740	16574
804	8233
1238	11532
16938	13140
6376	3043
12186	7398
6990	16371
3937	4136
19115	11190
9556	14851
18772	3141
6668	13179
16199	16874
1770	15019
1725	15811
3842	12927
12370	3706
2113	1379
11898	17630
6278	13041
14475	16200
6886	5176
6209	6690
11264	5932
10899	5903
2456	9753
8738	16788
4659	16372
15797	14543
2199	14950
12763	10762
7981	12466
17804	16588
11496	10918
15746	2631
18670	18962
10838	10761
1544	10321
12400	1117
10440	16861
16132	13606
12965	1319
8435	19340
16871	3947
17609	12486
14228	17066
17084	11104
5531	19074
9684	19521
8679	9294
6566	14423
14538	13127
4046	14484
3465	10629
3915	1521
14599	5981
8826	7776
16240	16415
1304	2943
186	1114
9646	7055
11076	15440
17018	13359
6764	5152
2161	14931
6538	1100
17621	12415
3927	10615
17714	10262
13756	5731
16381	13056
17445	7497
18535	3161
13028	8062
1885	11965
7267	8609
10272	15805
8145	4332
1824	5140
10705	15135
958	1613
2339	12118
2064	5707
11868	13522
8719	16670
42	14507
9405	14068
19460	12161
18135	7903
4740	16121
9339	17410
19747	14492
15724	1810
1275	6082
7414	19592
13379	8467
7821	2248
9077	12017
13555	16885
5858	14080
8518	17704
174	14055
13485	11359
2608	18281
13019	3903
977	10485
5442	14514
10826	17128
6813	7589
8061	19382
18316	19480
1220	3981
8567	9634
9664	15721
18833	12562
5383	19204
197	16962
16482	12963
11192	14007
9426	13284
16611	11552
13148	14057
3394	4170
505	3427
18169	483
16402	10560
16922	15744
4782	2354
18222	14232
16525	16603
17437	12519
13331	3030
91	6429
17519	7799
15277	2801
1465	17953
16936	12379
11414	10305
13435	18506
18238	9928
12244	14379
15975	6134
19116	1625
12673	2078
18153	15174
10129	6724
16630	10983
13424	7097
18455	2568
8509	2873
13600	18586
2355	8746
10335	18620
7428	2740
19430	6521
9751	12821
13249	136
13954	9703
3031	12315
15091	2215
11005	12228
4044	8417
3164	15363
16257	6452
6561	46
8445	6502
12105	7915
9587	2719
12311	13255
9249	15096
15879	13067
4804	11921
18008	905
15315	6499
16358	128
19388	731
9735	6440
12119	4968
16929	11033
17243	1582
1617	4375
18031	13909
12223	16152
13055	3369
13700	13274
14376	9939
3941	8709
11075	15073
18218	18404
18347	2898
14398	5345
18848	3891
4433	4731
4197	11168
2499	15865
16363	15170
12792	3432
16957	9885
15118	6972
9131	1370
15525	12141
11634	18600
9676	9814
12061	12795
2777	808
5162	8418
9320	12412
14838	10441
12463	16191
8345	4202
13192	17218
6877	6374
13960	5495
2186	16877
454	7233
12410	7841
18755	19317
10871	7627
8275	19029
19071	15606
14829	3493
18119	5020
7180	1518
75	18730
9682	2477
2969	3823
12685	8209
5050	3364
1628	8645
4785	7711
12742	10965
13427	11185
8946	10493
473	5266
17703	8323
4601	4047
3711	14799
3685	11752
18500	18712
16269	14574
6756	8107
9401	7635
10642	3407
9283	10471
13365	9170
10503	10521
10036	1141
13961	19154
13793	9792
14269	12528
875	7622
6762	14335
17028	4154
19122	14401
12453	6378
9373	16222
14820	4373
18804	5458
8657	4791
15586	1357
3130	11519
19063	4635
5236	18687
137	19038
7463	18102
9635	9980
8137	7920
11766	17461
12670	16759
15045	3542
830	1209
3594	14880
10355	16273
3223	6689
2320	18789
11165	2811
10086	14843
19439	5296
10444	13573
17079	11937
17568	13695
18959	1808
15126	5407
2135	4668
6432	18924
7616	8871
11456	17464
14256	5626
18628	16771
14944	12110
15798	4947
2005	18543
4867	19552
159	8854
6085	3187
13541	16815
12314	7933
2365	15542
17252	17397
8599	8520
1066	4200
1940	7136
6314	7851
13868	8423
13140	16504
10863	2523
10940	1971
11931	7829
10292	6074
19763	14846
7878	4455
2021	11838
10268	10583
6039	6826
13949	3107
13814	2999
326	537
9012	16628
19666	19113
6820	7416
1074	6028
2950	2409
10938	12690
7490	14247
5083	9288
7233	3548
12793	1219
17441	17577
15327	13716
10738	9069
6317	3822
19459	2395
2868	13173
15433	1510
5909	13319
6766	18148
8316	5054
3339	14120
11643	11388
16832	1926
15189	18207
11493	15415
13452	189
15874	19576
9328	13143
3781	6778
14329	19323
4084	10087
16576	8171
10804	740
4535	18906
4231	14813
18411	5388
10961	15438
18909	2570
2420	14897
11182	12036
4568	3044
18651	3819
8141	14487
12237	11917
18092	10635
10848	15550
4159	4604
17770	4657
11180	9849
12305	5080
12149	15040
8920	19563
8936	17818
6673	19750
15462	9040
5512	1903
14337	9474
249	5706
13706	17155
1080	13865
13246	19403
552	13814
15434	12516
8573	4733
14582	12030
16044	13241
4632	498
6328	18552
1946	7506
12725	4268
833	14706
14129	7511
2178	14709
18939	5316
17803	11805
19269	15089
18950	19649
12997	1854
7189	9396
686	11029
13141	19582
10817	3896
12802	9681
4190	9794
9980	12622
15882	1846
8027	4535
125	7873
646	18839
18353	11994
1295	11448
18187	14757
16913	2986
5846	16926
1899	18721
15744	8387
13582	12716
5777	14940
17326	18126
10092	6308
5920	12359
13746	6448
11499	12405
7669	9221
19017	2850
15735	16970
1239	16572
6019	9799
13109	2757
15800	6242
10522	4949
13015	13888
12220	8301
1297	705
1450	1012
14248	1416
2805	10004
17664	1325
18186	2539
1359	14277
8731	16076
1087	12320
2010	18122
10332	1847
4105	5248
17873	2384
16771	9094
16826	11587
14125	10757
11045	13503
8918	10854
16875	2887
5872	3134
3414	10739
5396	11026
13201	8230
9255	1116
17271	14663
9221	9460
17287	4436
2533	1771
2705	4207
13761	6753
19419	3714
6841	11501
2726	11389
11359	10731
12544	9555
1248	10220
14080	10418
18126	15095
10420	11589
12542	11132
3071	7235
19425	15925
11298	15549
2309	10744
7892	17691
6742	8252
14994	1570
12873	8135
19184	15616
1692	9775
7805	15052
11135	15678
6301	19553
14423	7960
7071	13546
17431	11537
9929	36
10700	305
13621	15360
1415	14883
5235	10551
983	7909
14128	15425
503	10950
7608	8003
4172	12721
9097	11876
12617	12385
3662	1374
7853	932
12373	5122
888	10558
3743	126
16656	8574
17541	18903
1260	12632
2544	2137
19437	3355
18398	3482
5888	7919
3048	19524
5561	19209
10889	10847
9273	11883
17914	18834
11574	2373
1543	14365
7523	943
3804	5142
15386	1962
10603	684
4527	7021
17525	9353
19445	6664
19136	11783
2155	18255
18724	12012
4805	1540
7767	3739
6596	16811
13695	8378
16056	14452
13860	7134
1482	2840
4109	1577
7021	18753
17094	11309
16732	15799
18101	13750
14655	14402
3147	1823
18729	7972
7746	1478
5386	1761
11812	17296
12341	615
15694	8146
10188	7864
5454	4118
11303	15232
7432	5915
7617	8148
15296	4695
11171	17539
16339	10184
10911	11340
7049	17153
2239	4068
5638	12069
18362	7234
468	3986
5958	15114
19076	15775
9324	8506
7983	4231
17847	18559
15758	18403
10011	16966
3625	16314
5896	3244
5931	7198
14731	18982
19569	18975
3718	17378
850	11143
17809	2436
19134	485
12053	5894
11604	19261
4958	11609
9023	12936
6081	19228
18115	4974
11405	10233
4006	13930
12363	3924
13856	16055
18176	810
5782	1587
3033	7180
5901	19476
80	10348
681	7036
15570	578
31	16973
17037	8976
12036	14793
12805	7032
12331	18942
341	8274
10914	1261
6113	13618
2141	6431
3829	11813
12342	3150
12695	10685
18001	10066
9413	17549
6606	12092
9011	14656
13314	5394
12435	383
11587	12798
18789	2681
13425	11989
1302	12790
9482	10358
4716	15325
13626	12852
18937	10563
1089	15291
14708	17729
17944	6700
4925	4782
4399	4478
13615	11000
19379	16997
15009	16352
1872	2976
1528	1226
19157	5257
7451	13985
18606	2561
15211	17524
15812	12024
9683	2133
19123	2204
2289	4776
15098	11556
3652	19660
10653	19018
17911	7380
17251	4313
14085	3635
19684	4410
14922	164
8628	11425
9991	19683
6107	7594
4345	10600
8417	1193
19667	6297
3369	5935
7579	10738
343	14369
9561	16772
2524	222
1837	8661
11709	1744
589	6849
6254	14042
5027	3081
5910	15361
4289	9152
1285	7352
14593	6955
1536	13151
12750	9856
10018	13776
5793	1470
7783	3004
9819	18774
18100	2827
17408	8173
7243	6321
11823	2173
15223	13076
18710	1673
17976	19225
12545	16039
7726	477
16565	7095
11056	14518
13783	8733
6924	11954
18753	2743
3182	14245
6704	2287
12811	12759
3058	16563
11454	13957
5289	16041
9366	19287
17074	1160
16777	18723
19536	16199
2376	1938
19045	1315
4809	11488
18859	7860
4600	11115
3443	2781
8030	1115
13558	12247
15071	12981
189	14010
9313	1672
1423	380
3442	17383
12946	9832
3117	16824
6705	8606
15993	8340
3021	8547
1247	15823
14863	11911
8418	11295
3670	6606
2060	19307
7239	9071
7771	11888
10864	12390
13971	11401
18718	235
19257	7014
8044	18379
14583	18453
11789	17415
16687	16394
11815	14064
1076	3395
17275	4891
8007	17993
7942	4208
5267	9727
731	13932
13939	8607
12128	16195
13830	7353
6297	10535
18799	5198
17148	16732
7975	4844
7807	4441
8126	4626
5166	19444
12650	4875
14942	3349
4984	4256
13972	18680
10132	12923
18063	3038
7266	12882
7840	4903
1568	11483
10596	15868
13184	170
7609	12374
3793	17395
13902	15061
10431	612
6898	6235
4721	6245
9432	11383
18717	3068
67	16376
19663	14078
10195	6333
16451	7813
12083	3545
12609	3551
10610	6128
11852	8861
2054	10955
9568	3852
12787	1715
16912	5478
18269	14965
10621	10428
14069	12666
14124	10362
18648	18324
8402	13275
18069	16401
4579	12564
4464	4841
3638	17940
4843	3980
14094	9165
13504	1359
18957	4936
13664	8359
15088	19459
15119	2723
1961	15853
19549	16091
902	10239
11334	16046
3081	9103
7549	7929
16982	17512
13921	5214
15049	10536
18199	8635
2629	7607
11971	8740
5918	16077
6696	19367
1923	6180
3518	4500
19772	7102
7593	8046
5792	18950
2703	2029
11105	12725
13683	18186
15343	9653
2172	9612
5950	9056
6548	3672
19488	11654
15249	8213
4909	15456
8647	16477
11610	12830
9442	1966
12360	10986
698	15461
5830	3458
901	3917
5369	14224
19057	19718
19590	8188
14424	10768
6583	7580
12072	5566
19702	2774
14106	18819
12628	4795
16026	12472
2982	1280
11835	6723
19149	18283
5449	5071
7926	12018
8915	9819
2774	10686
4608	14534
16327	6597
10489	19479
10866	10386
3368	9558
14519	14870
1349	17196
13222	4599
5917	8357
3796	6084
11549	4745
12777	8448
18570	11755
3975	6226
14013	12649
1281	14745
16689	14673
2595	2258
722	15558
6694	135
16627	12031
4652	7781
14896	12773
4203	13829
16316	13039
12868	1469
16213	2575
14503	1206
12368	8998
4655	18176
15450	581
16456	11072
15282	12946
13207	6124
1133	10038
782	15464
12206	9596
109	19138
7443	1683
1942	718
14370	9869
15770	5665
2116	10409
17399	4572
13740	3019
15534	11297
9707	18660
1867	14901
1548	13422
7407	1281
12626	8589
3556	5543
2968	4878
16914	11770
15835	5256
13206	15656
18458	2844
8762	17220
2191	696
934	4752
12005	15613
15576	5647
17046	15728
569	3422
3141	16743
10825	9327
12964	1140
8064	11970
3169	4404
12347	10163
4731	11197
791	14214
8326	9320
9510	9241
15473	5019
19052	7809
15387	15787
17284	14967
2817	11695
5421	6975
10212	12331
5032	16117
3817	4916
12475	3095
8845	16073
14169	6679
4	371
18973	9593
2278	1655
5257	12008
838	1796
18018	19488
2046	9310
16332	398
3557	3277
5290	12235
3289	13204
751	8537
3037	675
19013	18050
12732	16325
15518	3470
629	6095
15908	2893
19247	12182
1403	6160
12751	5968
14284	14833
3637	8115
14444	6516
2418	14546
9931	14407
13952	17799
2468	10426
7784	13810
17338	18268
17352	5902
4955	19036
8130	2484
9944	13244
16271	8696
15816	6383
2086	3126
16287	549
19279	914
2430	7329
11375	768
13596	16331
13349	2406
16650	7515
13722	13015
14194	1818
16950	17015
9812	3895
7954	8383
4719	8392
4403	6815
12877	17217
2662	2418
17634	10340
12583	8956
13616	14209
1177	122
18564	10286
18201	5653
13628	18679
13422	6292
19704	8736
7778	11923
6824	7273
9025	9568
8875	6808
1639	4627
3230	13194
16603	18499
56	1890
6744	15880
8654	5813
2545	4446
6612	9780
15755	733
10259	19727
6246	2866
18608	13753
12922	14748
5390	13019
2832	22
16021	18741
1064	1907
4406	1452
2936	332
8629	14729
14320	9922
9063	499
1489	6257
19067	12527
16533	9377
13819	12895
2606	7300
9240	2317
12703	1900
14868	9066
18698	1611
3752	5399
14276	9861
4523	15002
18009	9515
5713	19368
17193	12078
14931	17779
13562	702
13747	10374
4233	7747
8931	3884
13719	4686
3	8947
18429	18645
8764	6838
16142	67
6237	14633
3648	3785
15216	6201
8524	15894
11364	19558
13011	18912
8786	11796
14141	17019
10953	3827
12887	2339
10684	9258
7060	17541
5343	5500
10179	29
4111	16952
8860	3971
14495	3345
6796	7128
8159	16878
2358	559
10245	1271
12228	9810
8398	11725
11676	15059
3279	3441
6726	11363
5715	253
18446	10433
3712	17662
758	19413
9998	11154
2620	16617
19711	16008
15510	12350
13296	16168
737	1762
10091	100
10209	15891
7271	3351
8684	13981
13197	19259
4780	14541
13518	17876
14405	15777
15547	4723
15414	12533
18363	10755
1130	4702
10760	835
11385	17022
15616	2886
4069	18665
17488	17534
4939	13823
17031	2345
8824	5686
4972	1046
19103	13962
301	7941
18138	1819
19648	8604
5482	15756
5397	2779
19004	16761
17030	1429
13058	10258
3286	12789
9774	10459
16744	834
847	4839
12457	2513
18375	19441
5530	7954
3005	5568
6447	10769
8325	9476
980	12587
6102	583
12283	119
12471	5576
4821	8242
4982	2577
14307	14258
14978	5762
959	267
8453	12210
10812	5376
13990	13954
8110	13653
6690	13453
14420	5729
11639	4644
12826	4846
6127	5244
17322	1865
11858	17863
551	14016
9005	4759
7159	5885
11692	6248
9156	15300
16200	8048
17950	11009
7529	15315
10859	17039
3604	17637
3800	6000
3851	6400
16513	3465
1360	3467
15396	2750
11622	8192
15999	7450
4050	907
6245	16232
2433	15807
16409	4571
11307	16895
3863	8327
17253	2002
17203	79
14282	10712
7343	12813
16000	6436
11116	14601
4680	4176
4872	15418
18247	14521
7493	11795
7176	11692
13343	14529
16596	321
19672	3984
19647	12586
18351	16169
6528	15198
7087	10957
19493	10602
984	18530
11435	16312
293	11586
2505	19397
17194	10556
19501	10942
7910	15026
15701	2690
13342	5827
4210	596
17629	8197
3427	4778
294	3957
10874	3820
11916	8855
12585	18928
7032	11252
15804	10467
18392	7973
5402	16365
16166	15552
17004	1352
8813	8330
3797	12765
19151	15126
4137	4637
10520	5904
9701	15536
1917	3944
22	9887
9216	5421
7182	7770
7242	2557
6767	8559
11090	17958
100	665
6719	10486
2475	8700
12387	7419
15621	10410
11557	11647
6691	4150
15509	3040
14857	14157
15693	10934
1052	14084
9800	6057
2558	4994
9689	13485
11342	15476
17598	5718
14741	4958
3008	13266
8600	4506
14265	17254
1284	13487
18734	9601
11027	405
614	98
4887	3496
17496	973
16812	2520
9138	511
1054	19122
8395	4784
11497	17470
15485	7611
4365	7893
6635	13598
10858	11775
1700	15573
11120	14935
10387	14189
16961	2705
8208	12583
14769	15236
15213	15514
976	11850
17478	8930
5684	16128
6450	18734
10822	5218
1289	4623
5150	14410
1237	8071
496	11991
4485	17900
11243	10771
12576	3578
18394	797
16043	8533
14553	490
769	14280
16548	1552
10126	13354
18369	12561
1178	10840
8128	2773
4894	14929
4444	18099
1236	5861
18391	10399
9171	6924
18958	17707
18686	3802
17228	16531
8045	18120
17606	15474
126	16491
16131	7453
8525	6993
15181	7065
17818	19281
2880	17869
3943	4975
173	16302
10251	2153
15853	6373
2183	15083
19791	12740
7939	15214
15221	13798
10774	134
9409	3864
16557	17479
4566	14631
7749	118
13169	2684
16137	13801
19138	9543
11108	15373
10464	1885
4752	17358
11015	16721
10225	6681
15125	3310
8115	14841
5131	5755
3642	5131
4147	4031
7980	7602
19779	929
19792	17255
9078	1129
7517	8385
6092	19549
14105	17054
17842	12389
9022	15033
2577	10018
14204	3344
1539	2693
6477	15556
6982	8719
3722	7206
5820	17915
15607	2907
4799	14116
1332	10320
10919	15731
357	17817
16062	3106
2831	7938
13829	7812
17455	6747
7139	6895
1309	16661
19153	16120
15297	11234
15305	9954
3375	2624
19721	7659
7381	8504
11485	18170
4373	17393
4707	17674
5995	17042
1982	13449
15598	15304
5513	8745
3737	10432
18539	19411
5382	11237
14068	9864
10609	11173
5781	1185
3158	5781
11983	8989
9810	12311
18297	18231
9159	3982
4631	13792
9842	10345
1931	6207
14705	17573
8303	16170
7944	19530
13544	13369
18673	10659
16405	17398
5550	8101
8481	1167
19652	14955
8648	14810
4016	16146
12936	13082
18870	19273
2067	4521
9193	18822
2075	11749
7955	5027
2230	18150
6658	9776
16852	1055
12663	2014
18056	9105
946	71
991	3972
7038	13126
16632	10303
13466	11017
4849	3602
17715	17370
566	10807
12944	13051
10510	14342
801	13548
4919	19082
13608	1858
2285	9332
18277	17617
13633	11718
2548	9309
4628	2298
9365	11394
17752	1121
58	6931
1641	10054
16460	7239
14876	8245
10818	19017
9345	4934
14779	12371
8302	24
4667	1812
19284	438
14520	3245
3473	5188
17543	9619
19664	18001
1129	18230
3380	19133
4360	6614
3411	16194
410	10633
19454	3510
10672	8557
7959	16748
12901	19495
772	3233
9726	6488
14393	16506
4308	1044
3600	7969
9188	8569
6962	16749
1280	3250
2402	17179
5251	11128
12269	11404
7289	9889
2254	19178
6427	16781
10157	4110
5238	7890
881	10136
14724	8513
13013	12906
11093	15356
9538	10715
11752	1998
3193	12016
10687	12650
12412	16976
4521	16616
8253	1038
11619	18491
18184	3
11354	12491
1807	712
13309	8953
1646	4275
15136	17579
4260	13058
10285	16539
4088	17970
18393	2051
11315	18869
14743	17321
18884	10050
16467	13660
2878	9487
12590	1695
14268	11441
17374	14549
9775	5761
10706	4339
1621	7527
8474	16935
9500	4336
6788	1307
13774	68
5233	12530
15261	1309
7025	17616
19395	8435
14891	18815
18055	1034
9346	13858
16110	10639
6151	7663
2315	4049
8079	18766
17849	5219
12736	11958
10192	7018
13731	26
2828	3747
13476	18847
13233	12332
19774	4849
10962	18021
5350	14568
17361	14043
260	18669
6786	17555
3513	11346
19179	1586
13801	5531
1801	600
305	10591
7814	4854
12217	19187
5262	1641
17282	16341
6773	12399
1908	9125
18932	6067
4107	1680
7164	12531
3710	19778
4790	14014
6895	1194
4765	4299
16475	1454
11321	4182
18460	5621
5017	15990
8996	10974
6823	15449
19604	391
13375	8747
15303	9160
9463	11422
6816	19735
1288	4175
15011	2358
18348	9673
10253	8852
1223	19068
755	14180
9619	3292
7984	9818
11131	8187
17474	206
6914	15976
11457	16327
3435	11897
2692	13927
16076	15209
6887	5130
487	15165
18163	3734
4518	16274
17354	15896
2567	2292
16962	7852
18046	4449
11701	9956
10974	2814
15417	5251
1331	5397
18555	15229
15924	18138
16916	6442
14142	981
5474	455
19026	3588
9459	7287
15150	6734
18276	6367
11704	4039
7510	15695
8605	734
6746	805
18583	3605
6172	1571
5335	15140
8683	16496
6557	13794
4769	16556
3210	14219
9053	4582
9277	5112
4688	11559
1188	13168
335	7207
18995	103
7076	2945
2146	12947
14956	6894
1350	1336
7674	15430
13399	2141
19338	714
15407	5158
502	16036
2651	5321
15620	13578
210	11523
3977	15862
12131	7741
16313	14306
876	18528
7074	15004
19759	13254
3669	19359
14963	9285
8287	15588
18891	1777
14338	3646
7641	8853
5702	595
12661	15343
18542	809
10379	16692
17152	18442
1581	4141
1517	12079
13657	7531
2001	9350
16224	2246
4722	17522
17195	6911
9668	15696
8750	11906
6128	6179
19627	2694
6831	13706
2782	17353
8317	479
16762	10982
19635	3580
16186	217
18439	6508
7185	14135
5728	12799
9198	14460
14657	18611
921	13510
5360	18333
18465	3356
3832	17068
8167	5075
18863	12149
7305	15698
15109	13457
1242	10616
17814	3777
17043	15736
16721	15557
624	7165
19448	18556
19473	10186
15762	13644
3509	7317
6406	2639
18846	2135
14003	10057
9382	2651
2594	13074
11163	634
1814	18009
16766	15593
1225	12555
2288	7577
15888	14798
11348	6612
7689	4574
7151	9050
11917	6295
17731	14715
5182	17071
445	16902
12292	4911
13574	15179
10637	3661
12192	574
13336	19616
11297	16019
1518	8927
7731	10275
16910	7971
18991	19376
7734	2626
16012	2874
6050	3625
195	17034
9389	248
500	15785
18693	16159
4340	11639
25	8174
3288	11712
17667	10579
5719	13132
360	19477
557	16354
18780	5844
3493	10892
7895	15162
9104	5057
13470	8680
5625	2566
3183	5777
2240	6255
14892	7475
9350	6816
12308	16764
6601	3700
18627	4885
15822	2489
5411	16024
7184	10617
7632	5312
15858	4840
14945	13464
1408	2112
18850	6613
10979	8044
12361	3291
12110	9078
9643	13020
6486	11101
987	17776
546	9671
17183	15153
4810	19427
10556	9467
11259	13264
10905	3332
334	7048
3159	9282
2512	183
1103	6427
1263	11141
16796	1533
3946	1134
14403	5684
14976	820
5277	18630
17076	2911
6414	3007
8407	697
613	5023
10824	18864
15801	153
3270	6422
11803	13330
14669	13444
14111	3528
2763	11336
18840	14421
783	6749
9940	18425
1534	18754
12994	10727
18907	11662
9136	3417
16267	10024
543	4874
14830	11364
15921	3959
18740	18626
17465	5420
16243	12155
11384	12767
2885	4335
7541	3970
17131	9392
5643	11493
13280	10366
11338	19075
9470	11839
5031	660
2431	16437
9806	8223
2316	18731
1876	9609
12270	18657
3082	3871
16254	5701
18773	3654
4193	6818
19048	11172
15978	9658
5259	3209
15948	2644
17712	14946
10836	5145
2957	13197
740	18996
19524	6903
3869	5863
7858	1640
3574	19158
717	6077
3398	5519
14605	17190
4334	5696
19353	4326
8725	15203
6716	15751
15002	10848
9847	1248
9958	4865
8581	8217
6252	11069
7859	16639
15890	13109
5137	18437
8820	247
9618	5558
8042	7815
324	2343
9088	12745
18034	1718
11326	17340
19175	1465
12844	4757
12925	12458
18215	16924
15702	8482
14211	13114
17163	13070
18221	6906
882	2576
13560	12341
17332	18147
16187	15986
3566	16074
2401	12832
8626	339
14958	14345
5847	19628
8548	224
1753	8928
15437	8447
2501	16099
16775	7178
5408	7347
2766	12634
3683	15882
15374	7096
11790	1981
1675	3925
5370	1961
18869	10599
371	11513
13167	649
13149	11697
1424	3589
2809	9604
10799	139
15316	14993
17996	14403
3099	18355
17644	11660
8269	11089
2034	16889
10331	14949
8867	2528
15884	8665
15895	5906
5045	871
6179	9527
17294	7949
1953	13540
6299	7925
12380	11701
2290	846
1950	1267
14501	18435
7651	4515
1451	19719
9278	5177
7029	19418
19709	9883
15529	17289
7152	6496
7423	18529
5008	1264
14515	12174
16516	19746
9588	3162
6485	19587
568	17394
18499	10502
7649	6018
15706	3498
1491	4317
1866	7346
3495	8627
5994	3969
19003	3817
15324	2564
10246	3025
7225	4258
860	1477
12000	4306
15982	11282
17003	315
10629	18008
19092	741
5324	10680
17559	15506
13235	977
1916	10246
11737	9989
6356	14855
3121	12747
2016	13272
405	16644
12975	4629
6379	424
3226	3060
17866	1658
8108	225
7294	19192
13659	6029
9603	4345
6722	8924
15757	7421
7515	10954
3388	13433
5214	10514
18708	18131
12436	19105
9851	6283
1694	11480
12265	832
8297	12488
7635	2088
18548	13779
17413	3376
11618	2572
8925	8361
1298	8198
4462	9546
6044	15467
15302	17928
10754	3808
16336	12948
6642	15493
16601	19117
16464	15629
14531	15426
1050	9701
10856	10673
17118	18625
12474	17154
11879	15041
10035	178
13396	19050
15687	4463
1339	1404
1273	2456
10277	10830
14953	7008
3602	8249
19297	16139
7306	16945
9744	18593
15751	17593
18700	17994
868	15171
3519	8137
12062	674
7415	4525
19616	4728
8084	16705
18019	7625
5341	5539
11256	4860
918	3087
8777	2817
6634	12261
320	9801
8984	1087
12755	5980
2133	9390
8380	2737
13456	1584
2565	12387
4212	19542
4479	5383
4602	8572
19363	11379
12443	1849
8180	19500
1022	9366
2899	7044
14091	13982
18619	9183
5747	9655
1392	16775
18226	133
2888	12089
738	6566
1240	19564
3052	11011
12458	14980
6097	19136
14132	2542
6206	16488
11138	13316
3649	14312
18290	13317
6835	9161
3681	19258
17880	16226
13964	3583
18168	6206
7774	4550
689	5457
15652	3456
4783	12256
5787	41
8404	18337
14435	5875
9977	1295
18266	3023
15089	18130
4184	4201
2297	14714
8457	10086
271	4732
1249	17200
4606	14331
2792	7879
17675	15971
3775	7282
16480	4489
5434	2769
6897	14655
9837	2607
8339	2612
7667	14905
7898	15692
9143	19416
15000	19019
16452	15810
7793	17860
19041	15732
9641	2767
4504	4998
17682	18490
3789	12672
10301	11866
1567	2468
6000	4646
4710	7830
2457	18898
4865	5016
5426	17061
12163	9249
8877	1541
11391	14183
2247	606
19611	16482
3559	16797
17457	18667
19389	2047
3262	10450
16246	19185
4705	12883
6592	12850
19484	16579
4390	17450
11099	2733
16726	11053
14050	16227
14622	16442
2416	8474
5570	11630
1714	16221
12455	13374
15257	15630
5312	17685
14917	6252
12568	12794
6603	18062
17015	19596
14439	13142
1592	12289
1334	1968
11389	9963
12460	9590
17577	8739
120	1027
3971	1122
774	8890
16428	8715
6571	16656
10266	15294
11613	7182
7883	2902
14096	15984
1007	15362
11846	17151
10676	4165
18483	2077
5240	13158
2115	7955
12906	8310
10336	13010
18817	6453
9888	9158
16902	12818
5890	1994
13807	5555
10104	14390
17808	1653
13937	14234
9448	5879
7891	7685
11922	16018
12819	13042
3808	14818
5136	18940
13878	13857
10633	12964
6610	5534
17906	17855
6324	11074
10382	8744
1250	12673
16127	14244
3905	3710
14304	18533
7728	12422
18038	10820
4701	6462
7342	19430
4643	19555
14115	342
4031	8986
18849	5179
15060	11023
4924	4607
10794	10146
16794	11738
7178	6107
2231	2314
5973	16186
15880	4187
3759	2312
7069	3746
5493	16742
1566	3718
6201	16979
17509	3039
6403	17380
15689	11051
6775	2952
15961	15094
12074	2431
19467	5533
89	4618
11674	7761
7003	1447
6832	16492
9883	11285
8659	16561
2451	3541
17967	10266
12850	8527
2421	7736
2461	18919
9608	5780
5840	9788
7007	2285
15987	249
18141	2191
17975	16795
4625	17449
4138	8978
17213	4901
5988	8972
16743	15885
15863	13923
11968	14824
14441	9867
9863	5106
1338	2772
15281	13783
17049	6986
14408	16807
5322	8939
15422	8584
16662	5259
7599	5254
8926	17871
16098	17803
18622	13117
1930	1516
5304	5699
17157	13481
7276	8459
15919	9982
9168	11584
4981	14770
2203	17184
11366	3267
16956	19214
2129	17331
6649	12421
8955	10193
6578	13968
18968	833
1610	3733
9867	16181
11003	8348
16924	15970
4506	7255
7777	5249
8299	8638
16959	17157
2728	10607
16637	6591
16646	366
14890	6460
15865	14532
18890	4692
17969	6866
7518	6703
3389	3842
718	2984
10659	19602
15850	19544
13958	8051
13190	2558
2607	6705
9096	11847
19598	2090
2804	10858
16953	6315
10701	16183
16574	15176
6158	10443
17201	360
11528	8931
3214	1732
15039	14122
9402	18792
6410	11021
10649	9098
2272	19622
19309	12643
17386	165
10624	19578
13023	3486
6520	9614
2350	19232
5497	785
4295	6858
14921	1943
4425	1432
9065	18134
9450	17566
10951	7731
9472	18685
7191	2310
15141	19647
16416	9685
19208	15672
18662	10281
15587	1512
6227	9126
6499	15409
2633	16909
11553	27
12704	300
13845	5330
19508	5211
12377	7668
17467	4048
4893	11913
17055	10257
14867	13252
904	2565
18643	2931
8748	19191
15440	13367
2713	54
12350	16253
5803	2247
6325	5107
14151	19309
3532	6881
13114	2273
13564	2207
13835	1064
3806	898
4644	18251
18679	14160
14421	2328
12379	12362
6152	15035
1128	3553
5414	7357
15677	15644
7422	7612
8503	12698
9638	4935
1730	18169
9481	4225
8437	15583
18098	181
7630	15838
7539	17447
10763	6665
17524	9705
9892	17073
5804	8674
11111	7311
7768	8596
18745	12067
12426	8078
17502	2918
12521	4508
18016	3494
15383	752
17513	15491
4507	10404
13576	8992
5859	11986
16284	8688
6582	17861
7386	4884
7391	4699
10407	12145
19688	18820
18793	11644
18696	13843
1395	6710
16750	18045
761	17655
18874	1661
18830	10743
8184	19249
11560	336
1660	4615
5078	15413
12678	6162
17311	7275
13685	5436
12757	3863
3245	15102
12927	11558
8810	4674
2460	7464
2107	6517
13805	15423
11363	7062
967	11787
6807	16675
8375	15788
923	5390
4043	10988
11039	11646
1312	11138
17358	16972
17230	7691
11551	6684
16354	18787
2897	3945
19028	12192
14652	14590
4405	5101
10784	11959
8204	16925
13472	4888
15684	8434
970	986
13536	13963
2145	16591
457	11052
16767	14058
15229	15694
19722	7600
7425	6447
14966	14282
17992	17100
6880	8422
19132	16090
13340	463
15749	2735
18364	9406
3027	8061
9623	1949
15359	18592
3528	13998
2490	12041
5997	7790
17530	9750
7762	12551
11527	8498
5891	12548
1971	5640
2722	722
15833	6262
2321	18899
16856	11608
13259	5553
3635	9452
14328	12059
2292	1723
1399	8873
19679	6941
9289	11096
18450	1419
18202	10001
13592	19211
5101	7354
2930	7002
7501	16329
15733	15322
2563	4403
3449	6205
15134	9613
19577	685
4183	18842
6007	1147
17649	16866
14409	16999
6381	19381
15723	6350
6822	18202
1887	5740
44	87
19343	1010
17453	4790
6652	4289
8662	15554
4077	15688
16651	19775
15539	7785
7836	13574
5500	10670
2519	3642
11357	4698
19190	4134
267	4912
15936	2448
10815	14229
5899	12197
10989	19601
15077	5056
11212	9401
13021	19612
19235	19465
2693	2233
17723	2419
12664	10073
4328	14264
1922	15100
9907	14477
9562	10472
7877	19499
12918	10359
5764	19006
5646	16382
14877	14811
7330	12943
9041	12046
3077	11393
13743	13718
5138	5387
17085	15074
16400	5499
15553	2756
3277	2593
13386	19589
3684	3781
1443	12820
10605	17683
6933	6304
17641	16522
17477	13813
9208	15123
16384	7520
4452	17845
2189	3629
12136	8326
17161	16208
5752	1153
7830	17462
11011	3904
2228	8567
5263	12575
4711	8451
11287	9513
3866	11199
3964	7257
17696	17933
19514	11634
6490	13425
531	18265
8751	19624
17117	10296
5041	5418
8507	16461
4831	12788
12013	6042
14038	6195
3961	5521
1572	3598
82	6831
2650	18201
10671	7660
17134	3419
8147	12406
2372	10736
14662	6867
10746	13966
19080	17065
12919	12774
2933	10833
18230	1024
16682	16080
74	13398
12101	15657
9137	17597
7596	5018
9554	11333
2853	14481
16754	7523
12029	8882
9024	218
6068	2234
11341	13989
19783	17618
1761	11996
90	567
4947	18514
12102	6449
14454	10310
9451	6738
12215	12942
12891	2403
5637	12134
7513	13187
2598	19518
10269	4693
18273	18936
14313	14997
12929	13872
12555	19494
17258	18192
3921	7277
13639	1912
10873	960
18128	8764
480	15957
9259	16317
11995	13220
11555	18518
3614	12326
1060	16791
9890	11038
4841	12181
12995	4010
8422	9813
11873	18683
17107	2206
6708	19004
10780	8717
4180	8100
14119	5676
15594	17899
15864	19621
13164	12678
16373	10036
18204	1306
9784	9888
9975	1406
2406	13604
10498	6164
2826	10888
8360	9746
15482	9075
288	9516
6913	18550
8802	14583
3334	4380
1752	19048
5334	1143
11074	1390
2362	4586
15429	12238
10261	1703
15234	19098
17357	13733
13376	11728
18343	5663
18339	18074
5245	14972
13627	13685
18721	1482
12948	12707
1380	17678
17926	6693
17140	18520
4645	86
4445	5226
3878	2897
2143	9048
7708	2252
8276	17941
15057	8269
9537	17008
2163	15488
10432	15469
10389	11529
11969	10457
6791	7478
11082	10843
19082	10448
7393	18830
11779	13632
16078	1752
10422	9227
1663	14133
18505	156
11626	6177
10243	9005
13208	17442
15870	4123
11460	9709
19659	774
13205	17516
12300	11802
2993	1090
15020	5687
18072	18656
10526	7926
15563	3682
9891	18771
14346	14805
8902	16989
716	16888
15660	16971
18767	17725
7334	12960
10601	17011
6709	6311
4277	8761
10324	17643
6262	19723
4585	2672
4288	6926
303	10963
12575	11862
18070	7423
5628	12547
13841	19522
2616	653
12466	17239
2752	2980
3531	1340
1023	16530
10176	5944
9898	10577
6802	4324
2628	9456
8539	18194
15104	12697
9551	5025
17661	9202
8692	15634
4273	373
7514	426
361	3279
13502	2662
10364	2716
18437	11391
14294	9115
15934	15139
1964	10000
1800	1722
7841	3225
12356	12396
13020	17540
1708	7107
1920	11610
12595	1505
5274	11037
19075	7199
14359	5386
5725	7536
16940	7174
12876	10069
18183	10481
1749	8082
4963	5660
13051	2053
9926	8820
16160	3708
13910	19022
18815	16993
17138	19747
12666	8054
17005	11606
11987	4323
9841	8689
2619	8178
3433	892
172	15540
9387	14537
3572	1263
11091	3318
9647	10158
11148	6751
11921	16769
4668	11158
3128	770
16201	2034
5849	18728
9555	19728
16903	14804
5745	13268
5979	13752
11151	13370
18582	16065
1618	13085
11462	15366
11350	2433
16150	19119
2215	4309
15486	1507
2063	11938
17429	8875
7580	2881
13528	753
8193	1705
6777	11943
3661	6492
6706	8948
10632	14378
3995	7726
7226	18371
1630	4665
580	1526
3928	11125
3730	13803
13198	9919
11353	11841
17753	19574
15204	6781
10154	19586
18763	18853
7161	1364
14275	15824
1092	19194
6492	12559
3038	8247
12182	5892
6218	17252
5707	11232
3377	12366
18198	7814
12312	2819
5252	6268
1603	3543
2078	11597
12507	13730
5146	13553
18237	16038
17255	1906
19691	19679
17285	17699
5613	7552
4898	12514
14518	3033
11564	11489
12834	10438
6321	18624
5635	12191
13286	15927
8158	9167
11437	9037
11139	2617
7083	19715
16146	7218
19426	18367
7785	7673
9626	15952
7600	2725
13168	17094
6544	16820
5328	4517
272	16198
16310	6797
12297	3115
16738	1665
12505	897
9719	12188
19349	10446
3728	17113
17029	13634
11804	11457
17521	11049
19320	10782
17114	14422
5189	16476
4470	2663
13503	15888
667	5574
5649	9030
8842	791
11944	15622
15910	2
1873	16569
4484	9181
17636	1755
2343	16554
7072	15829
5784	8273
11058	9269
4561	7930
6545	1992
316	9233
11623	503
11608	18344
6258	95
10019	17797
12727	18849
3095	5260
7223	4546
15372	1275
5760	15797
8156	16629
1189	17051
10384	16457
6234	11410
19597	17266
12392	17186
13298	13400
15330	13978
11035	11535
14484	199
10185	8954
15428	12388
13953	4476
52	7022
6563	19424
12161	18052
4624	3712
6521	15402
4165	16119
13915	1073
5196	17115
15767	664
15631	1911
10662	8624
7530	3857
11429	8865
19748	16450
2773	10699
5047	1656
18985	14826
8479	17984
13024	2003
11649	5632
10074	5092
5990	1420
11261	19541
6441	8057
16643	266
1973	11208
8747	1337
7219	5811
18660	16410
5128	17874
1780	11479
12753	13099
1860	16332
5696	17906
7261	704
11905	3294
938	3194
15252	115
3066	5974
4896	5526
13153	11174
19305	2059
6956	49
17741	9764
7787	16991
10507	14343
3437	4056
2811	11305
16941	16118
9576	566
11860	3645
13274	8153
1624	8672
7168	10150
3739	5429
18529	18410
8255	19233
10459	420
9727	15471
17896	4244
1562	9870
3665	11339
13100	16111
5387	16954
2458	5271
4878	11397
19110	12769
17720	1967
18193	18353
16331	1840
8214	7012
17981	14903
15212	16277
12173	319
12502	10850
616	12844
9318	7543
18282	18688
948	9800
7309	12252
3023	7240
9487	17491
1321	6420
5347	14097
5724	1620
2085	3533
306	10268
7230	392
16380	5600
7823	14355
3674	9952
5003	4563
7096	12990
5624	16959
11397	17761
2207	9097
10229	2755
11745	5196
15166	2093
13345	3990
19068	8472
14140	13935
15094	4477
16089	8766
1125	18261
421	10159
14713	4942
2525	8325
9712	32
17356	6342
1107	14005
19405	17249
4239	1925
7145	7411
16538	15492
1796	9582
11749	9615
2092	7974
2953	1950
11104	661
15059	13859
14536	9076
7302	10456
4311	6443
7553	9677
7843	1282
2911	6651
6290	17435
5109	13190
2814	16770
14781	15475
7885	6013
8883	12859
5832	4688
15522	356
10535	10517
19258	6079
12607	3685
7538	10978
4911	13235
3868	19385
18540	11161
6785	5995
9287	9844
18312	6408
13073	9924
8528	13294
7879	16389
1146	13891
6171	338
13889	17910
5391	1502
8874	12307
1644	4601
4038	357
3552	10119
14136	13063
19369	5334
732	16088
14486	14730
9900	10917
8243	15228
6608	11402
5603	13289
5759	2605
3993	11915
18164	9873
13236	9588
3240	14820
5771	3365
10388	9971
9488	5986
1416	7934
13273	11557
10057	16688
14143	3048
3185	9427
11923	5203
5379	15480
3315	7112
9674	14519
2079	19135
16027	9651
16753	9565
16963	663
18835	5743
13832	13233
12770	4502
2920	2795
18029	7745
12473	17193
8948	14866
14067	19608
6598	17629
2591	14287
18513	10190
2561	6605
1879	4287
18085	3741
14837	12579
18057	12976
19632	10126
8429	11949
15656	14761
18223	14920
518	4067
4914	1606
2477	15801
7462	5962
13350	11926
14773	553
3457	12851
8979	7586
340	19527
6294	9730
11659	11434
18855	8519
898	16172
3844	5294
3384	491
4142	4038
9754	1238
1631	15334
11488	10656
5186	2425
422	13849
11153	12958
672	15311
18680	7516
14362	15566
14833	12471
11126	18467
17218	16571
11202	285
5848	12879
5730	69
18454	6339
12222	2842
994	3247
1541	13603
3351	3122
9483	15980
5985	5426
14339	16957
4008	17260
14369	8647
17774	15544
8190	19543
15123	11882
2843	4922
19142	8792
1046	12682
8169	10034
17751	10709
9705	8966
9786	5384
9547	18808
9737	11255
17518	11420
9811	1522
7526	5011
5737	18430
19438	2871
13313	6987
8967	12122
4032	15205
7400	12801
16908	13571
262	10102
11901	14746
16547	11975
17011	6433
209	16367
18994	14782
13546	17749
5429	765
8122	18990
3925	4596
10366	13617
16951	6529
8361	11655
19128	11590
14508	14979
2465	865
11743	10469
12524	19163
6664	13410
19538	5865
5755	17112
4404	12896
13802	11765
14355	15776
11536	3396
14714	129
12636	9628
2951	13212
1597	3604
19758	19392
1652	16049
15521	2430
2210	10368
2740	17502
13244	9823
4101	10781
3216	2103
19270	19729
4201	3495
17580	2398
381	11688
14159	12189
13282	325
14017	6024
900	16779
5717	14607
11079	4750
8455	12196
2074	10367
6734	230
9507	594
13253	1741
9006	7671
17522	3437
5978	13129
12784	1986
6659	6439
725	4910
14746	2147
6430	16594
5844	19025
17072	149
13540	18648
8761	14373
14590	7854
7831	6916
14858	13970
8630	13566
12259	19744
16338	18957
6632	9943
8440	7293
16203	6409
8816	18300
17359	11612
18882	2467
14968	18474
1018	3941
2149	15143
5597	9669
6825	17714
9310	5688
3475	323
8863	13811
12050	9931
10639	5318
2725	3669
15012	5041
11272	9225
12374	12020
19610	14672
17256	2849
14327	12164
12402	3197
12073	17262
8486	8431
17856	12360
998	18373
19344	6744
11881	2066
12398	17890
7371	5466
9443	1500
6215	18019
2020	836
11972	7379
4192	1764
17624	13928
16003	18125
10357	11304
15154	10299
16401	14032
1889	10430
8427	6741
8658	14449
11130	6312
15028	18704
3621	7786
34	12004
1735	5657
12189	8409
2724	7958
8939	382
13243	11860
4331	14721
5967	2030
12164	8712
10280	1152
10615	7254
16872	18884
12190	15959
6260	295
14929	6190
7566	8158
14264	8476
715	10304
10981	13260
13097	8701
17852	3742
19311	9006
37	16431
3211	14777
18699	6891
10230	17929
4096	1466
17388	18218
9406	5623
13750	18317
1954	1003
6838	3900
8170	12708
379	9571
5633	13817
15239	12979
4293	5032
11250	592
5903	13799
7532	14536
8470	5569
5686	8303
12086	8404
15658	10970
16965	9191
6515	14771
8002	11576
12148	6298
12273	7734
14670	11742
818	17392
16387	16852
19728	5230
12631	19423
5055	12720
7273	9262
5124	15299
5393	8817
2147	12428
8501	19092
7583	6469
15162	1126
18779	462
17762	18006
3237	2649
17017	6064
8730	16034
6861	2380
1993	16666
13418	7737
16291	1529
7160	1373
19215	19583
10008	15298
12326	4392
191	6069
13684	16803
16023	15013
18681	1396
8365	3035
10139	11195
3554	5889
8585	6729
19517	14315
11830	6718
3507	1536
4536	14175
4321	8123
15388	2762
4297	17907
17390	2963
799	5182
14428	19076
15026	14665
3568	9400
16275	11122
13665	3649
6591	16832
13909	2904
11401	17203
18435	5094
19453	12167
763	15092
4796	11055
12902	17111
18148	15254
8991	1247
5850	1304
9896	21
9747	240
266	6548
13484	16364
11670	11092
11782	6601
16315	10853
9970	9465
9769	16447
8008	10412
15233	3424
16838	15350
11773	6902
735	9159
17884	5347
5018	11041
19424	18083
7179	3787
18042	16245
15161	12775
17542	10949
9525	7229
13448	14048
4985	10874
7799	18937
8656	14082
9473	16306
15612	14850
13811	8464
14455	8523
10383	7581
180	3574
1032	13533
13303	19293
6605	2254
649	5728
5110	10637
18382	15098
12025	17787
19478	14320
2286	5372
7434	19614
16088	12394
17991	9524
7813	6763
9820	13947
14806	12741
13630	10183
19330	12054
7902	5982
12317	14178
18896	5661
13062	13908
17768	17267
3883	12217
19545	2335
7210	2503
15490	3151
6090	3057
17104	12680
8978	14278
9044	7707
2536	17574
14606	5414
2823	15280
5468	8816
5037	19100
16668	11099
10768	9357
86	18068
6699	11179
18527	858
11975	9251
1426	13526
16104	8863
19083	18532
9579	5223
17595	9896
19243	4397
12689	14911
16193	18159
4847	13065
5097	13950
11410	7343
11127	3997
3103	16500
11575	13969
2291	13854
10318	14630
11302	1735
15933	9736
7798	3674
2097	15546
11535	17830
18948	5972
6353	14737
18107	2369
15335	9403
13612	18228
13894	13225
15409	4097
13758	635
10833	1881
3540	4053
18922	500
9886	15235
7905	3881
7904	4653
18843	11665
9340	12505
6771	3440
12935	6579
18260	6301
1021	10067
5618	8763
15063	15753
1815	17448
12009	7077
11910	12576
15292	14994
5310	6871
4253	14262
9071	12162
19289	8008
6276	13258
1693	14267
2592	8130
7249	15077
4120	14500
17458	6463
10870	7744
14209	6458
7546	9815
2335	5048
16602	8328
1983	18954
8117	13590
1500	2929
14492	18868
16344	11664
10714	13133
2696	13342
15168	5803
12914	7144
10881	11204
11193	17209
6910	7487
6964	10920
13677	12126
17920	9838
11841	1825
645	12339
8020	12347
16774	61
19745	2229
14152	18282
18522	11754
13698	6070
13130	12449
11554	5051
1470	17918
12178	11967
15877	4243
1591	19610
6480	12357
588	1714
19351	1341
6458	9110
17646	3907
5780	19588
9200	18310
9446	16825
11913	17875
2901	18290
7465	1292
19210	17345
12683	9697
18697	16362
5450	4691
10802	9652
4316	1223
9527	6864
8968	11715
16067	2971
11245	15931
1456	10937
700	17141
2008	18405
8318	15707
12145	10498
13734	5215
290	2981
1992	17298
17748	1338
7846	5507
19769	13987
14618	3300
17249	18509
1203	3664
1840	334
16740	17879
4599	11593
16483	5896
7741	12451
16894	14610
13741	17952
9758	7075
4292	3523
17145	9235
7354	8822
6715	11470
4226	9280
14726	11131
3732	15121
2549	3199
14279	4727
9049	11120
2695	11798
4825	2766
5879	10876
434	6375
14006	3281
6627	17085
10174	11530
17128	2845
9089	18135
18461	14690
17845	9836
17587	14453
19335	4645
4510	15081
5133	14415
15202	3205
2410	8199
2400	18306
10778	16246
9728	7648
13977	1763
14445	1976
9270	13440
2099	12866
7186	18407
8812	17320
5676	3230
5754	13583
9440	19770
17945	6721
1147	8445
15470	16345
3688	11396
12120	14506
5514	5774
9419	14864
2196	13172
10970	6810
19446	11619
16556	10306
17829	13256
9535	9254
17961	18918
14395	12627
10037	9144
19539	17281
15806	17584
9840	751
15489	13269
12945	4465
7680	2646
9354	15310
15775	935
17469	9642
16540	14569
7584	15296
1036	868
14261	15305
19242	8021
18279	55
10660	17576
941	19575
226	15958
18332	11176
2960	16391
15336	3445
17642	5272
4653	19697
8728	13658
12429	15169
2655	8829
8328	12992
9073	10221
13278	15242
8596	19656
4478	6330
3229	6970
1121	1335
10260	9809
1829	14447
17635	4766
14071	9436
5904	17265
5574	5322
5495	14088
1401	8191
16842	16162
463	5584
1787	10775
17415	7364
3666	18825
4487	16756
17737	12538
16873	3196
5634	1868
19546	18376
17371	1246
5548	143
15651	17642
8200	6133
393	19160
10107	16480
4341	4430
13543	17109
5645	1727
15695	15224
1719	15902
15793	15996
17685	19405
13335	16396
12649	8508
11509	408
15667	17495
15183	16106
8511	14873
15280	15259
5795	18154
12191	8970
6991	15992
19602	18781
12303	12169
5851	14047
12672	509
17555	6140
13566	2434
843	254
6888	18427
12519	19466
14449	5448
8161	8621
16469	8667
14453	10900
12084	17769
19178	9007
14171	14072
13935	6113
16139	16147
5705	8113
12063	5492
1495	10185
5601	3586
14654	12962
2101	10657
845	17456
19367	6236
14813	18312
10783	4514
9447	8237
7916	646
5972	13635
4844	19407
7761	14376
1494	16446
1510	7784
9592	12602
9279	2087
13081	10264
17351	13101
13603	13845
9598	4432
19798	4872
16511	4768
14285	450
12004	12345
17925	12416
1513	19064
8766	18835
5779	9084
10677	17354
6192	14158
8961	3135
77	18692
8729	8278
4592	13990
16933	12679
2720	5876
5174	15660
10358	17409
1464	17943
15820	7252
10574	2729
11051	16642
4961	18396
6283	2724
14532	13023
18245	15679
4686	3995
6220	4445
18132	17802
412	12408
16353	12659
15942	10223
2273	2303
15784	2301
12351	5918
8288	533
7041	2022
3124	19216
8974	3136
4036	19289
14938	3983
11661	10035
15554	14687
414	18179
4448	7378
1937	14645
18077	19536
12712	11268
13988	1996
6577	16027
1521	16798
12359	6
9941	11554
5308	19330
8611	13341
8293	10311
2590	18366
11777	3634
3827	11604
14674	12861
8154	19645
10391	5171
18741	13683
78	9471
16808	516
11844	8587
10891	3821
3701	17767
8018	1450
491	12129
19079	6046
10957	6615
14058	130
2962	19509
15988	16881
4418	12088
2126	18627
6636	2493
16545	3502
6408	10453
16755	1239
11624	2228
15127	12391
5225	109
5594	15057
18388	2454
8162	876
5415	5669
5579	4632
6236	9996
18972	4829
4577	2449
8590	12913
17726	14740
5790	19127
1830	5072
9765	14478
15180	19378
3206	11599
19528	7918
4324	4780
1143	2195
4937	4507
18616	18352
15352	4281
13134	18662
13769	7705
1353	12407
3244	6532
10147	1184
8414	1765
16807	10870
13624	4237
14894	14021
4357	11207
10433	11908
1883	17987
16499	19058
4764	5068
13798	10105
1384	13518
12884	2715
2459	19153
10340	18127
13327	564
19695	2190
17637	17684
14591	12542
15260	7877
11486	1334
5545	19572
12278	6139
12860	14718
5818	11492
11958	10545
11959	389
4709	365
18650	15028
1356	14302
14047	2221
6118	17894
19271	15444
16459	18843
11930	5887
12044	3254
5117	990
11826	2476
14744	6575
17647	18845
9282	1869
13009	4585
7272	18219
235	12727
4611	13870
3987	15981
13654	5463
4436	14367
16658	3953
16866	10539
7110	17082
7890	9592
10028	7140
16404	4213
3713	2385
15014	17387
8833	8286
8937	10947
11859	19312
5244	15113
11510	16203
3999	14825
18796	15054
4325	8805
17165	7296
8651	873
7027	10289
5455	14659
18165	7058
5261	3879
2924	18280
10380	10012
11651	12108
5093	15166
4235	6026
16501	17059
1532	4495
18736	2778
318	4918
7384	3366
18410	9951
19537	14858
7274	3105
5151	2305
3828	18682
5502	11801
9385	8151
4261	19227
16949	10153
15959	15845
19203	12925
7555	4197
157	4291
2137	16230
3219	13853
10969	2905
6228	486
5935	4159
9219	18684
10299	17622
18255	15435
6401	17120
796	10509
6305	11977
10630	12420
10641	12754
6074	13170
2190	16582
9833	4152
10397	11367
16435	14908
16972	8416
15920	14186
7064	1537
7820	12993
11177	6727
115	9088
2659	17122
11242	7647
30	1604
165	10574
11346	2485
532	6238
3417	9475
13211	18356
11662	1036
17853	5666
5161	17801
13974	13072
13531	1467
16659	11076
12529	14377
13927	6989
1181	17591
11731	19020
7941	10916
5114	15160
6207	19422
9236	10678
17807	12871
5199	8577
2646	19386
19164	3155
8504	10129
7445	6169
14043	9199
5710	3079
13256	12154
13983	4431
7486	16324
11957	10542
5772	15375
7656	5552
750	13033
3326	3846
18672	13239
7985	3870
14560	17750
961	7650
640	2868
392	1022
15680	13731
4502	9428
11814	1720
9700	8977
8892	7766
13825	12324
3168	19528
4017	15700
17038	3727
11515	8119
1438	13087
7590	4418
17767	15245
9704	16611
4255	1346
516	4954
8140	9383
4214	842
16698	15265
2819	17520
11895	11919
1329	7843
10821	13911
14087	15279
16543	11895
12510	9461
1939	11270
18374	3017
12158	11581
6208	2116
6674	8460
13920	18155
14077	19559
14200	10466
2446	16318
15540	543
13417	2728
17889	7604
878	5759
16591	1438
2011	4278
2845	13555
15494	18055
12207	5366
12126	6790
15501	13231
18286	15539
18784	2615
14750	11259
4538	17347
1213	17173
437	19419
14502	970
13888	494
13725	16927
13447	9654
1728	5224
1659	17297
18669	311
12247	4384
7357	17294
1232	2009
18430	13394
18403	17687
15714	14595
19059	1626
17728	12492
16843	19680
7911	12917
1906	12229
9793	9950
8849	8372
18389	6500
14900	2657
12276	9297
9787	8495
1300	16031
3645	19400
7947	7797
11940	7283
17982	9906
9175	18330
9978	18901
3968	3788
3305	6086
7957	4552
18847	3302
10196	6859
10455	2641
15661	16516
5002	12262
2854	4483
8478	8432
13670	3828
15721	18944
6992	6619
18913	7322
8444	1795
2180	6167
19291	2858
12835	18226
10692	13297
18212	9740
8026	2331
3300	6102
6461	17565
18406	5965
6752	9769
6222	2978
19018	14194
4322	13612
14158	17036
18342	7810
6332	370
4979	12160
196	5514
6439	5295
14326	19438
10896	8988
3957	9532
9574	666
18946	8982
4499	10789
18819	8586
2575	17498
458	7735
3736	8682
5558	16626
13929	15617
11232	12522
4717	10100
8989	19737
6532	4366
15537	1929
17984	17445
17315	8437
4136	13429
4959	9455
14848	10523
6298	12105
3292	14012
11784	16951
6193	6996
15739	3624
7684	11944
9526	11885
2614	10749
18424	8742
11513	9502
15283	1561
3403	19475
2353	4128
4495	17324
4408	11061
9179	16635
3994	4547
510	5447
5775	4986
2858	13148
12150	14943
16599	16058
18320	2653
4009	16612
6602	6106
373	4862
10656	17312
5698	7894
17593	18780
17958	7532
4014	15997
13590	7680
8247	10835
7952	18752
3323	15494
16060	18106
9261	14222
9148	10197
631	15949
6568	5333
835	10135
2746	8810
4352	19609
7794	15030
539	8053
1784	11169
18102	974
389	2792
13419	11343
8774	9507
852	7916
10314	4352
7380	13550
11419	8127
8956	94
2165	4071
149	3723
15585	4120
9529	5793
16473	11119
2796	3306
10576	18652
14524	13318
19328	13833
16677	5081
14638	6984
7102	11160
10894	6130
17514	4442
18649	12318
2941	5190
2640	17422
11277	5157
15851	326
14684	10800
4181	16717
2336	14526
7148	6391
269	13312
9111	941
16054	7431
14076	10464
4840	5297
19743	5919
13132	4125
17269	5511
3758	3485
10401	2414
17908	48
9099	6040
3180	7143
7543	807
13552	10127
17970	7192
15697	2042
16169	12138
13252	17754
1169	16114
9963	14871
4609	3906
6269	794
238	8039
18048	1146
2754	16225
13859	18750
6437	1710
11095	4654
6265	7221
2411	17852
9356	3573
12856	19391
6300	9900
15837	8150
15923	1757
19665	19700
13482	6779
18105	13305
12674	10845
4013	14926
182	19049
10977	11611
534	5473
7011	13393
12513	17496
12117	18959
12274	17245
7370	17578
609	3843
7946	555
14988	4162
14088	15780
5185	15120
6244	16633
3524	14623
19034	8548
7153	5967
17470	4868
9881	17454
385	12435
12393	15620
15819	8877
15122	1320
17909	17774
7080	4359
18144	5763
13008	5024
3310	15132
14258	11065
15430	7314
10650	11814
12442	6730
9297	10803
13701	3516
110	16028
5096	4496
4730	12064
16973	4229
18960	161
15357	10219
6065	18402
16992	4063
18480	11857
2810	7082
2059	19629
9581	6364
1965	14152
9795	17621
1747	17862
7224	16860
14822	6081
11533	17708
19481	867
16784	5523
5103	1214
893	13762
18716	6725
9876	6782
12375	14459
15348	6036
12615	18987
2742	668
6874	15709
14971	12392
5337	13046
11373	8438
9408	11001
16486	16100
3616	893
9779	6149
2299	5070
12657	16471
17489	3327
1878	2461
15208	9686
10025	16939
6103	10622
2677	3176
6232	5064
5640	17813
10108	15938
7126	3217
15803	19242
11380	9728
15483	2583
19256	4544
17863	7085
3723	10373
6787	17095
3404	12681
6221	10042
9965	3751
10003	10455
7325	5619
10814	18439
14092	19761
16488	8183
18821	2011
1314	3534
47	4334
15475	18123
2118	11792
10878	8072
2523	13686
14478	16907
4965	15017
17689	2788
4256	11351
16527	15943
15130	7621
2973	17800
10058	11126
3252	16280
9922	7432
8313	19361
18644	9907
16090	4407
7744	9835
710	43
14297	6253
273	4556
12494	9926
3412	19758
17769	7985
912	6419
4661	1220
15901	10144
3067	19721
11679	7184
11234	1156
5049	4242
9590	3800
10119	17346
5102	10669
2666	18225
374	15733
2120	7788
5565	13786
11602	13826
12238	14497
5291	15445
1246	18161
16448	6281
8	14754
5420	8034
6146	4523
16036	3010
17983	10692
11480	17623
10370	3317
18845	12605
12104	6817
10224	1029
4720	9742
6322	11877
11582	18927
8767	16523
15886	16904
8699	16867
17721	14260
18130	15861
11603	15384
7729	8471
7619	3328
11780	11780
7772	16359
11568	1980
3391	5997
17575	14102
8121	12450
10942	8167
3695	8411
10514	13423
2441	7455
7363	2787
14301	9751
19619	996
18017	11382
13431	8161
1891	19063
12296	13205
11885	15819
18711	11910
18921	9791
15973	4093
11818	2543
4264	17634
675	16350
4895	11223
15557	16030
5923	3404
6968	17523
7863	2350
17536	13097
10539	15006
10200	15412
18998	9459
10850	15658
10182	8428
14943	19176
2987	12881
16860	12207
9027	13582
9191	7995
2281	7827
8680	12440
10146	7712
15829	14111
8012	9155
12403	3632
5309	6731
4492	19151
7765	1544
9485	10710
16194	18947
16322	9449
13125	13434
8483	10492
4732	11230
17666	13222
5956	1445
12630	17451
13174	14430
8031	3786
853	1297
5814	17178
587	11211
16890	14559
6564	2123
6731	13704
12418	8993
9936	12549
16759	2299
13465	12905
17391	9451
2871	5930
7930	12870
11118	10238
18291	14241
4073	18887
11721	13375
17954	8261
17949	9981
15583	6994
8513	7992
12047	17695
7565	19487
9521	5598
18588	1631
19584	9061
5228	15815
11508	2683
1045	11751
8321	5832
7704	11265
19681	16363
15231	14538
2429	13542
9505	2117
3770	2777
18089	2227
4054	1649
10235	9665
13312	10716
2736	15353
18971	992
13181	6653
7162	1118
19801	4080
14188	12490
19630	8833
18149	16876
12880	3644
16308	17293
7961	9387
10582	5882
8096	11184
13986	12808
4079	1371
6279	5434
12203	10932
337	13668
18095	7015
17296	9441
11559	6547
5062	14470
9663	16513
476	3872
18822	12404
14523	13834
16926	3170
3225	17229
15725	11614
6257	10881
8904	16543
18934	1888
9680	6639
17060	9399
12808	11058
16554	430
16496	15385
4356	17480
5378	17219
2136	10852
16692	3237
11466	17259
7039	15406
13196	6791
11004	4929
9636	10234
18242	18675
10803	13347
5095	14886
10616	1303
9420	7424
1004	906
7854	3955
19548	13213
8718	5243
19314	11546
8741	12029
10935	2722
175	4396
483	6633
1816	13106
6063	17278
15382	1133
17174	3652
16293	7023
1625	17463
2652	7965
13216	17885
19778	1931
162	4713
9167	7679
6344	13320
14121	4088
15022	16829
14851	10915
7190	2504
8029	15278
1308	11373
13434	17471
11370	8210
19525	9104
5458	12266
17566	726
9882	17468
10456	8718
1235	1136
19105	1403
4881	1688
2244	18245
11431	16252
14660	5773
9478	8507
19483	9548
16703	7670
5086	3850
10461	5651
9589	5591
15528	17748
3345	17010
9162	12902
19480	9090
1020	19112
15368	11188
16998	7775
16892	13298
3599	138
17016	7970
11556	3208
13041	9902
15033	17719
15605	614
13634	7855
9563	10584
2264	16941
15253	14143
19360	16886
13874	19464
14715	17243
7321	14852
17188	15870
15796	5978
1009	10008
2966	1057
15710	6390
18045	7147
13843	6666
17206	9184
3258	1366
14619	7831
11418	1848
12133	16868
6863	3520
9378	11416
8251	15364
9260	3797
18538	3770
4588	18858
16152	12475
2779	16137
7862	4709
10902	8628
1449	16095
3976	243
3198	2202
9050	9490
13047	9414
7495	4828
2944	13877
17190	14666
15840	4683
6446	15599
14112	4919
13272	9196
15555	1227
6397	306
9693	924
971	2396
4727	11235
13895	16763
6390	14273
13950	14732
4207	14458
3970	19373
9767	11362
10734	13912
6958	14443
9321	15969
6896	6394
11467	5153
53	5222
15566	8899
11452	17072
16837	18264
18979	5405
11360	10400
5293	2186
16582	15505
1865	8703
12369	4819
10453	9682
1768	13529
16648	6702
12464	17747
8963	11057
18259	3973
1881	9263
19352	7324
7907	15534
3651	7696
4892	15482
14335	2894
3064	3728
1605	15972
7340	19426
12290	17455
4967	5442
7747	11269
3867	4513
17711	2169
7260	18248
5281	15571
16419	5147
8447	8047
2491	13052
4934	7046
12057	18328
16283	10931
1683	11925
14630	13549
11526	17083
8392	13
15867	2439
17449	4488
10744	9640
5466	4114
726	965
5476	8201
5481	3112
11883	13890
7577	16620
6483	9706
18903	17510
3555	14720
11762	4293
19000	19363
9519	2402
2940	19335
13666	16931
1170	8128
12204	1610
2489	12218
12952	17056
8721	14192
1083	3902
1739	5433
15827	4089
18145	1308
10732	19081
18757	9605
11054	3024
8623	10003
16226	1538
18561	7456
8935	15633
4635	15908
13882	6570
472	13952
10329	12737
14217	17837
3506	6411
12679	4283
1820	6624
8592	3020
14110	7719
17791	1144
14855	18303
16330	8808
18756	9863
1688	15873
12100	7025
10955	16917
18883	13725
12251	12446
6028	12892
8862	5745
16502	839
7648	3053
12367	13757
16421	603
3385	14454
148	17535
4170	4769
5129	11134
15960	3799
2786	5137
4773	125
8783	16812
8083	18968
4205	3286
15962	6691
5509	12912
4557	13325
11014	14126
12740	12822
6948	16035
5226	2482
8586	12739
17765	1067
2150	1614
827	5550
10217	11471
610	9116
16061	725
1047	10120
3063	19501
5712	15021
10547	5646
16814	13832
12399	12280
14727	2179
14029	10031
4497	15666
2764	5592
16092	8553
10893	5674
7511	14973
14299	4707
4900	14821
4792	9073
3231	7538
13420	15941
16263	856
18194	14817
7535	13230
9791	4409
8107	6913
1985	8980
13407	4573
7739	44
9739	5269
14905	15116
13906	3220
10595	5772
8667	10884
9399	9894
8674	9279
17347	2903
14934	13761
88	108
2656	15441
4232	14999
13973	19650
4801	3522
6238	19659
14356	18096
2056	1240
4395	14496
5515	13180
648	7318
5647	2865
17597	13378
6204	6381
13786	4272
18326	7525
15384	16233
13215	11560
10449	2604
1967	19693
13415	7917
813	18005
2504	2634
8009	15020
16462	5726
12213	16980
3767	8713
18281	14504
4388	9389
3122	5280
5809	19759
2698	16110
12262	1427
8780	15886
10619	4219
16975	6995
19054	5783
18261	1457
15244	19763
11776	8266
8992	15218
26	8466
6739	19516
11069	6533
611	4163
15645	9509
1172	14528
6714	18087
2449	8967
7433	19083
71	12376
19359	18676
5241	1481
9210	3313
7028	3418
2663	5099
6115	10169
5316	8562
16720	15472
15113	9470
2604	1348
5153	12352
3934	354
5013	8692
15147	8910
2114	12401
13826	19640
917	7702
12696	14486
10835	10855
19119	10019
12511	11711
19531	15922
3810	5847
687	6320
5074	12115
17276	2075
3129	19034
18864	12580
11240	16343
10491	8962
12833	9286
8929	19262
2488	8436
18408	14448
14831	11240
11730	11098
7788	4800
15449	17722
5655	3998
6512	18362
1025	18302
258	16206
1638	5123
10256	18132
6109	17443
11911	1789
4386	13782
9252	15763
9915	12257
13154	11671
17373	6219
14396	18166
12113	16276
11254	16451
812	1806
13226	9092
757	17185
12333	19346
3050	3138
6999	1901
12592	14587
7810	19752
16701	3204
16120	19219
12112	3301
6443	7454
19140	14479
11843	13403
11291	9372
11181	6766
11347	10349
18944	14256
13391	472
11305	10661
10929	10194
13221	9959
11097	18642
18495	18773
17867	9239
13822	522
2767	14918
9533	2089
3243	962
3823	12186
6959	2697
10360	6129
6133	11430
6383	8768
9911	717
14233	11390
15892	6481
3549	349
13440	15519
756	18108
764	19452
14646	14176
201	17225
18770	1356
4023	9890
16170	1643
5388	10027
12738	2597
4222	451
824	11555
2875	18156
2876	8565
6020	8783
61	8512
9244	9664
13577	10026
7935	11254
17170	16
3010	19708
4848	9842
10120	11385
6340	12203
16002	350
10683	2214
2404	4554
17710	17411
15972	9874
6104	1946
139	15424
18866	180
15738	13280
10393	2748
17742	8524
10226	17165
9606	13933
1902	18072
15351	2613
6454	5505
1116	13047
12493	17035
16678	12060
16884	15719
13218	15988
16524	2501
5432	13355
6438	2465
7067	9226
18400	3729
1819	13059
11080	16287
11190	17513
9771	10477
16289	4659
8908	7341
15441	12787
14650	6112
10506	8942
13970	925
17257	9468
9945	9831
17171	10308
9305	14527
1914	14990
11796	14003
11927	888
15873	3059
13568	14034
9904	19399
15085	1984
10040	16528
18785	4074
18482	12096
8632	3022
8413	949
10283	14040
17700	8200
962	5644
15032	12481
12376	8880
10872	6645
5718	4322
16454	5079
10625	17029
14040	710
2956	8166
4062	1351
5496	18313
5070	3116
18571	14557
5419	299
1429	6544
12638	7750
2195	9843
13951	5104
8763	18732
2370	9545
12841	15351
11369	7420
19506	1399
9746	15956
602	5834
5825	7328
2757	16624
6318	11407
15466	16645
2403	5510
18640	13278
14668	744
10193	7777
8919	14606
3383	9055
15381	3617
19790	1525
10385	15326
9303	242
3146	6756
12654	14141
7143	17545
18167	17016
18157	9826
17010	979
9543	12843
6287	15932
13842	11248
1895	14211
13828	14199
18806	5732
17262	2240
11741	13883
5606	15227
10900	16334
1743	17440
12857	7316
13111	16981
17548	17369
4092	16737
9560	4206
1385	17315
1269	1876
19523	8576
3125	12856
16765	16473
17817	5719
16251	66
14644	3429
5538	6327
598	12671
4857	2136
11792	16943
7965	5385
10155	2805
14804	11843
10242	2274
16728	14592
8944	3130
16068	11317
2849	7655
1373	5936
3969	13103
9314	3769
4564	9385
2522	6658
6687	13002
7090	155
0	18020
5828	14144
1481	176
13304	11103
7329	18336
17116	2686
14120	4356
2964	2745
11062	12377
12563	8909
4770	9418
15810	5445
6256	8503
7506	11685
7692	2323
18731	5187
4141	10722
13145	10797
11629	18983
12082	5210
12810	13722
6031	2069
4860	17483
1811	10887
7819	17824
18087	17355
10892	885
12353	6861
4238	186
15776	3601
2585	14067
92	19691
4973	3897
15273	7116
12021	16854
4671	8623
3581	3571
6181	18098
12778	18482
528	10347
15550	7429
16589	11890
11339	4814
690	9367
247	15346
17586	18939
1343	10125
7558	15690
14664	13748
8053	3754
12208	14004
3078	10060
16318	8826
3571	4744
5320	3172
19144	4122
16232	17276
7204	1435
1	9726
8574	13655
18861	15080
12719	863
6263	7387
4389	14321
12832	9627
5568	11243
9943	10328
14828	4092
17321	4296
19239	11469
10608	13626
8467	10199
12023	11828
15517	12616
12744	13462
14122	9318
19121	19139
16763	5601
3176	11018
18152	17431
5875	551
13242	9335
18488	1157
17687	16615
9108	19062
4145	12236
1924	8276
15157	16355
9853	9358
14443	6142
816	7982
14937	17147
17451	18416
13861	9534
15769	11454
15397	8280
14374	7164
8792	8836
6387	17920
16361	5378
7832	1595
4091	2955
17746	801
11251	6228
13099	13876
1670	13643
11444	6060
16359	2348
13604	2696
3659	8955
19642	544
15307	4565
19333	3923
9294	3056
947	374
18093	8702
18050	7514
6037	1068
15365	16013
19300	13511
8248	9892
2258	2956
2171	14164
18610	12000
18676	4302
18908	2056
4001	2846
14308	14505
9875	14651
448	3725
15391	419
16472	11946
8977	18262
16691	8641
9233	18594
5788	6103
4461	15761
18526	13567
18541	15729
13752	5139
4762	8579
19553	6944
4133	1483
7607	9395
15301	13967
9016	6627
15331	15771
18020	13248
9973	6644
9508	19170
4808	1138
9189	10318
7664	15907
10587	16424
16489	12103
10473	2063
1697	17236
17013	13856
430	11764
4150	16658
5477	19054
489	7839
12138	15118
19556	13321
12904	17086
16681	4194
1204	16434
13963	3716
13122	5331
17691	13007
19334	1242
1175	5452
10550	18263
