17799	2332
3853	18513
19109	339
4343	8659
7181	3372
9669	9886
17538	2890
14644	8816
18925	5914
18225	14251
19172	17548
3455	4653
9997	3078
11710	16968
9274	2634
19199	12514
17401	14725
4880	13377
7451	17288
4231	15044
19623	11242
12406	13299
9159	17880
18530	7838
2148	14138
10017	2344
11313	18686
1968	11642
8491	427
13884	15208
12345	5788
13662	6499
8337	10466
8582	13077
5370	7607
1719	13630
8908	5811
11538	6524
7652	8744
18441	13049
3759	742
12622	16864
4437	12788
8819	9510
14192	2544
14164	8775
13406	8593
4580	5206
15287	3077
17640	17244
15911	5966
12331	67
16421	10608
17787	13626
4135	14035
14850	2690
9684	19569
15401	13144
6263	6133
769	3680
13110	14820
266	15622
11589	12923
4284	14905
11202	1352
12715	7331
19020	2916
3491	16989
12559	6910
12102	842
17029	15642
3339	1156
17114	2350
19154	10844
15990	15818
19315	10237
12140	19422
12972	171
13203	406
10434	12190
3426	17522
15537	16663
13311	495
15051	8840
13819	2618
12261	11198
9411	11339
2214	16811
8915	6585
1354	10738
16217	5546
6335	4889
1318	12814
13579	9599
15388	10004
14052	4184
11677	3230
17568	928
8650	12343
9871	251
11031	14534
18470	1354
14309	14500
17715	17224
1653	2526
8505	2363
13763	19977
1503	1640
11591	9147
2607	6713
816	12427
8116	789
8458	12333
9280	9277
13125	15724
10521	2573
9067	9367
14752	8714
13415	2169
18609	6899
11075	13580
6013	10195
4107	11374
3664	6321
3487	5003
3878	13914
12383	1908
16420	11613
13103	1593
9718	7940
7145	9461
14757	19092
12178	18354
11752	2724
16609	12870
16673	16382
14157	1125
7563	5369
3380	13877
19334	11783
935	11857
7523	915
12979	13777
14617	16417
13117	16946
5686	10568
6882	1154
15402	13916
17237	19543
18640	384
3789	4644
6802	10025
3598	657
18120	12353
10547	4586
12081	15029
7334	10860
13710	10072
6838	14742
10600	19083
18194	2237
15191	11717
2644	1848
8164	15302
8691	6471
4766	19958
15548	9158
10161	9093
17583	18824
15597	13376
11801	19776
6226	10980
1347	3979
17453	3668
9882	26
1709	5560
14607	7088
3381	18266
4989	11058
4686	6799
14282	14398
14202	16950
2628	41
1747	4061
2086	11356
3510	10756
6492	11171
16117	540
16382	12659
4392	9135
11453	14224
4137	13814
6868	3485
15719	1331
10863	6550
12191	4946
6177	3394
17977	13215
10351	15763
14113	6187
3085	3870
12295	15402
7343	15459
6994	2309
18365	8178
6414	8985
12753	1501
9631	17299
35	19616
18162	4968
18498	17131
18019	11405
9457	16780
6463	11755
3157	8027
13028	8664
16766	4511
8365	12965
14267	1092
19559	2692
13568	3383
16596	2648
6379	10508
13857	11523
4789	3396
9209	3818
3326	11970
15275	17240
12810	12901
4805	15091
18512	7401
19173	16554
17051	17115
13122	14150
19477	564
17015	13086
15352	17536
9250	4835
1845	3921
19002	14501
14358	2432
10640	19085
4051	19488
4921	15138
5775	6062
5444	12075
5669	4191
15209	8248
6560	3194
19610	340
11902	13646
5405	6770
8103	1569
913	16613
12582	6559
15448	2736
8304	9982
16791	2866
5650	1257
4511	1244
17462	4678
4825	15043
17247	238
5715	3474
17124	8825
3192	4116
2685	5801
4701	19013
5780	5418
3058	5313
3368	14544
4625	4119
4606	7515
7408	6754
4178	3674
15228	9674
6257	7110
9479	14546
5486	5568
14834	6789
9940	8996
14844	8386
19349	12421
17970	9449
18982	2406
1967	600
12312	3085
13099	1050
5734	4171
1871	16335
5300	11876
9293	9913
7747	11623
6801	17504
17309	4733
5846	11375
610	1018
7541	12288
17353	4705
10423	16086
1932	2512
14072	15199
19336	6624
10678	5667
1930	1797
4641	17415
14954	14472
17793	4948
17827	2627
2940	9843
14920	15055
11254	6370
7490	856
19256	14669
17397	19062
17752	16616
17610	10387
14645	13176
7306	11481
4833	6614
7708	18133
2770	13997
7393	18176
5324	13594
11092	2566
12384	4575
8793	18788
18968	13281
11962	259
3340	10406
17595	11428
12007	13168
14993	12974
9254	1717
13876	6686
5310	16631
13097	232
17607	2922
14819	6955
1682	13058
4776	6658
5088	1305
8090	19116
12115	7306
10219	14885
4371	13735
4321	7291
4907	18540
16126	13253
9822	9386
553	13517
15152	10289
19595	18200
8792	6264
6704	11371
10506	19801
11724	1322
6269	18582
6532	5758
2051	10035
6320	8269
12203	6435
12692	16571
3782	18655
12974	13037
7956	2956
12197	5072
3254	8958
15605	3846
17890	7339
11044	17250
3937	11090
11605	10229
14370	14977
11982	18579
10120	18612
1570	14169
18937	10116
4265	8111
7511	7071
14005	11619
1000	14241
2784	2275
9599	4091
199	2655
17222	6409
19210	8482
16296	5958
205	1621
3276	2053
1302	6391
9367	3664
13351	19474
19011	18709
10476	7163
17177	8034
4742	7837
18089	5515
1455	11580
19577	12323
1240	19973
19114	9082
16013	14970
12530	2288
2635	7460
16227	19739
13969	17769
16358	8361
17300	2351
237	12780
11519	16563
676	13444
9107	6954
12935	572
2494	1042
11672	8092
5958	18284
3790	13962
6375	15083
166	16502
12179	11786
6271	8378
2831	6672
13339	17573
13639	19715
12976	7301
17053	557
2206	2123
9751	17044
6642	19391
8411	12999
15050	13097
9216	8536
9780	7711
17292	2321
13986	7216
3802	17371
4654	9138
12164	18250
13389	12303
1439	5272
10342	1300
11523	19562
17704	2879
18264	17539
14030	8372
345	8075
8085	9782
8913	2223
948	8095
13425	4622
12252	16776
14294	8314
10549	6115
2188	13927
10645	10782
18537	11432
8558	11032
12337	2392
4268	11190
2299	8867
17783	245
19405	4648
7409	3672
8117	8864
2339	12961
14633	7134
2984	19460
2236	8014
1217	1900
15003	2520
8454	18000
6262	1342
483	585
582	14691
16908	10208
17380	415
2486	8385
13274	16747
15641	5153
14532	11985
9937	11031
19490	5674
13456	6175
12835	8434
16547	16792
16784	1769
714	13152
10076	18654
19544	14935
17372	4423
8953	15541
1236	19542
87	17910
5089	4937
14467	11695
1672	18197
5596	11094
7623	5810
1212	3682
7470	12523
15846	13845
19634	3710
2170	5435
2893	17702
4153	15572
5472	6561
19028	6950
11579	13446
14464	4104
11322	10757
11089	9069
5723	3625
11395	6082
4110	1668
15992	4854
14073	356
13159	11514
8572	18750
9833	1991
5737	12448
13677	19748
8249	7083
13345	2154
7491	5967
16146	1777
16068	5502
8232	2466
4067	8412
10998	799
16344	8575
16848	996
9349	7694
3424	11310
1259	12711
7045	12424
8624	9319
18107	14806
3918	878
8263	18937
13175	758
8591	14227
15740	18022
17943	14692
18989	11005
8788	14415
10487	3241
10856	10899
16592	17381
12236	8880
8695	10029
5236	12344
19221	10827
16099	5876
5436	12677
15880	4640
3958	8131
17163	9853
8989	11656
12562	10467
14015	10784
695	11758
14281	11588
2882	2580
9314	2703
3706	5744
1552	5112
5750	17653
1865	12215
17509	3203
8853	9284
3356	4828
17181	4390
12330	14649
18203	15867
13832	892
6512	1742
15850	1834
14698	4625
640	14487
1010	4739
2662	13784
11969	1693
12459	10403
15644	6851
1668	5622
14231	10992
6236	14447
10234	309
15344	1360
5626	1206
16176	18309
13480	8907
12373	17999
10726	19521
18686	14531
3016	2279
9901	5688
5027	17762
17549	18759
180	8765
16414	11586
11131	1402
15319	13273
3051	11184
12490	13569
6249	17393
15939	19326
18030	18087
15856	15925
15989	987
9510	3281
15091	5138
9376	11568
1717	11065
9074	12385
16574	17274
13727	12467
17104	14678
9102	12846
8	7902
7382	3134
14506	511
6935	4665
15875	4461
1565	8548
5208	17012
12719	938
3647	3066
7981	7610
19212	9648
17130	17235
7391	11471
19326	1325
15216	15482
12644	18063
1900	4142
8977	16274
18983	11275
4591	11584
7814	2306
5343	6545
2262	3036
7418	5184
9534	17072
2506	2570
17479	4366
10313	14700
18855	2941
14119	5430
9031	5527
522	19382
16046	16880
10365	6646
14482	10841
19366	4355
14036	1860
78	18128
15748	5951
15145	9343
11671	15939
4615	2710
11388	11753
15833	16198
10151	17395
17185	7526
4225	18706
9163	8858
4642	2756
19541	18830
343	16279
18438	12928
15725	1954
14220	9349
13036	16158
14033	5857
6779	5742
16230	9929
10555	16263
14218	6119
7543	5339
6632	3572
8530	7560
466	7869
13493	7871
7768	6320
12694	977
9610	10853
6063	11814
8928	17293
14367	17076
766	8893
2269	5298
11295	5599
17628	2691
14417	9309
5404	3867
13845	142
9272	2701
11803	5224
1867	4444
13962	2266
13046	16853
14616	10044
9520	15779
14744	1804
5676	13671
18966	10375
7299	4755
18687	17578
12985	11900
891	2907
15315	10090
3757	8848
5538	4715
14880	3562
17874	11748
13590	11608
14465	14444
16645	3934
1620	12747
731	9627
13603	14102
9607	12304
11234	12622
14886	2793
972	13367
18339	16389
11028	14561
755	15593
16946	19258
4975	12266
15613	2895
4784	12443
16221	1589
12558	15274
11861	11436
3593	17257
403	19588
4269	1913
10233	1585
12734	1093
3886	3679
7636	4815
19	19297
1014	3548
12097	11633
12962	10758
8325	9716
4779	4473
10014	8026
2279	5045
19384	19534
7587	4137
14514	15107
15224	4186
12493	12809
8714	2445
9012	17749
5579	10973
554	15977
6228	7316
6819	11777
17448	16833
6496	6308
13970	11385
17105	2590
12930	9171
5355	13504
19387	17263
15077	18216
9626	11315
10414	18221
1430	15506
6539	327
3405	10787
2358	8293
8614	18606
13033	421
5166	7041
7191	6203
7849	1471
15258	5565
9435	16501
9452	7764
18052	783
16700	4724
11076	15277
8767	6764
14940	13205
10810	8021
10127	9196
6690	4817
16941	30
318	9042
14429	19284
493	8666
2342	18104
2966	6202
11297	9707
3500	16004
4953	12771
17	17647
1809	10693
8311	11944
2376	1253
16219	12416
8134	7497
5281	18677
13941	16015
4069	3059
13705	18816
14975	825
14260	16756
3201	13566
5967	14718
11689	714
3959	1993
19179	14826
4484	2924
11776	12425
1893	14483
8407	15527
13186	4317
8433	7175
18386	14872
18683	10960
10059	6757
858	15017
13011	10716
2102	12460
19370	1638
10660	12335
6637	2939
7177	14048
3514	5121
3507	17117
7799	12729
17184	14464
10543	4970
7751	4824
2690	14079
13455	3779
4453	8978
9821	7743
13206	17768
6961	11007
9243	4720
7207	9170
7118	17946
10211	9329
701	9517
6237	15602
787	7614
3465	6474
5856	2228
18648	7430
7669	16928
9271	12824
12101	14388
3267	6781
7124	18345
10524	13938
1584	16736
7199	9023
1408	100
14640	10108
2290	15611
18154	5716
15837	18232
7186	437
15215	16702
10370	17094
8279	651
3035	3135
3069	5093
16549	15719
8827	11478
7476	1891
8172	9011
18464	1234
18548	6026
5542	10121
10852	2608
11633	12699
4262	11767
8583	7572
13056	8038
4282	8700
17784	3471
3883	17141
4900	6138
4851	9019
9662	1657
8584	15467
4237	19333
9782	10989
10970	11052
11546	9879
7440	12410
19355	545
9659	18429
17466	14135
17622	12052
5827	11323
18965	17792
14683	13618
11425	19913
3274	11246
1370	10200
1582	13055
4599	9146
5870	8827
18936	13435
14180	7531
11365	15463
4320	15059
12419	9806
2344	9630
4162	2189
1622	7897
11307	14027
15285	15483
11490	6857
15440	3995
17747	16319
17404	18090
8016	4217
16448	6441
9282	17848
1738	16774
18622	16362
13558	9079
18439	4477
6416	13289
9890	19863
3990	12636
16473	17866
10857	12565
16805	15972
2226	10541
2862	7318
14792	12490
9774	1664
2679	13353
18406	14879
13484	6525
2215	3526
3869	14585
14537	6756
14519	17553
3614	3060
4438	6012
12730	2369
2022	13345
9315	16779
6715	18636
18702	15033
2584	9614
1872	5705
5051	1016
4200	147
13625	1269
4770	14235
12777	7107
4158	3961
12888	8358
14278	6940
3504	19490
6520	13221
13715	17652
6367	12905
10026	6689
10047	5089
5099	10088
10900	4831
17145	17978
5450	10177
17503	1877
9519	16500
11024	4521
2115	9047
5341	1041
8313	11035
7058	12469
15550	5699
5992	10363
11018	9257
4576	2770
284	9015
7303	1311
5638	4267
5349	7182
15349	3942
40	9376
8749	19322
17845	5105
1360	14332
5862	18370
8184	18039
16831	13080
6332	3367
8292	3055
17363	4465
7509	18476
17772	1478
7443	12121
19183	13635
15879	11965
17834	19966
745	541
13126	6200
3665	18064
5172	11059
18850	9641
4690	5730
170	10014
3242	4284
4333	11316
2926	10033
10887	634
3551	14092
5148	2503
7581	19355
8363	14174
14739	16377
9399	3924
10879	8748
16093	3707
6012	7413
3938	6224
3747	19445
11132	68
11041	2876
14295	9131
6052	811
8675	2121
18734	11703
7842	17256
1230	1371
7754	4090
16422	9978
368	2008
16909	12593
15897	17560
17484	12104
12075	3880
6583	10804
4703	2224
8613	8447
13508	4590
18974	420
16360	13738
12335	2993
9207	1010
12955	17953
14910	18583
8727	15095
98	14194
3901	8300
12086	957
13991	12175
9984	4440
12498	10801
19439	14070
17302	4022
13643	15264
15464	15076
5588	8140
6584	15304
17975	7424
1810	13511
10778	4992
1047	19040
5294	10449
13255	10689
9178	14512
11647	11654
7729	13349
5731	19412
4164	15555
11339	8362
1648	14021
2200	17663
3457	16879
2849	11498
10542	14558
8213	14757
7680	3994
14054	13779
8479	1436
147	8681
14564	3486
4150	6048
11791	19944
3345	106
14293	5759
9186	19875
4803	5090
2941	13193
8659	15049
3379	13565
17125	6925
15790	17607
14836	33
4861	3757
16043	19230
2976	1332
341	18126
11810	13879
489	3349
10858	9381
1191	3765
4096	18998
16266	19264
2964	14548
12718	1985
14365	17712
11639	2404
1114	16253
1371	191
7168	6808
10578	9261
5573	5037
15202	13654
12050	4609
2383	16797
12227	10506
15284	10397
19374	7039
13432	661
13331	16313
9144	4419
14833	9725
4854	11976
18427	16525
2059	4488
17958	3730
14124	12073
15573	15204
887	19354
17396	7563
4068	9494
51	14611
11173	15398
17150	4426
17832	1943
242	16681
4075	14527
4424	12666
11174	7929
6464	11297
3781	10824
15015	228
17122	17073
10154	5615
6518	6263
5834	3039
16543	9746
19121	16075
10	16586
9858	18344
8484	15209
13913	74
17516	16700
17497	6567
2868	12405
16987	6054
8324	7398
10897	4714
19640	16249
3140	17973
12439	3248
8381	14020
15617	9199
18991	5125
9801	6242
15438	9086
14190	15740
14930	7023
12966	5809
10185	9375
5293	2103
18292	6111
17641	14096
1643	2263
1680	11940
5857	5208
16166	3600
7827	8828
17794	19879
15628	13641
11037	4782
236	14458
823	17741
6138	5323
6850	17937
13431	73
13807	14110
11399	5646
2459	4593
17168	17941
8193	12414
6852	6956
7342	19813
10318	16464
9848	12496
7052	3453
14893	17028
14713	4676
4847	6297
12226	1216
6535	11170
17824	16209
7054	16572
2284	16704
10509	9893
11497	4371
14352	3866
16066	10999
10171	1779
9444	513
18906	5063
12680	4126
1342	7731
6903	620
18542	608
15745	12315
13224	7800
7793	3255
10834	3461
17359	16103
17967	16002
15567	12775
7163	9797
7028	18813
6934	2160
13818	18795
12451	7873
3859	11683
14428	5015
3442	12730
15383	10940
17117	11088
9046	16037
18674	1942
14881	11164
12683	10324
18650	6191
442	15190
13380	16277
6972	4897
13977	17682
3874	2152
6130	4802
1881	2599
4305	8558
7164	15775
5566	9583
8260	13306
16352	12585
4460	16269
10083	13211
9021	16935
13219	11012
7863	15594
8648	7823
9750	1406
8835	5137
1325	920
10763	16804
3180	9025
15692	10167
15699	15888
18952	4118
5853	7605
11050	3657
11272	17330
11571	19012
10908	14661
712	6209
11045	14904
17693	17562
231	17982
4595	4207
15821	6554
4859	11251
12924	474
7221	2622
3876	18319
1034	16684
11518	486
11912	9290
1409	14810
1242	5896
1257	16737
186	19673
6987	13315
9477	625
1806	6663
12524	2287
15421	15949
18513	3578
12183	19549
6446	4412
6412	17765
15511	3711
8985	12401
9284	16662
5443	7994
16277	19032
4843	3791
17275	5350
12315	6374
8832	10683
310	1358
13581	8540
8001	4871
17442	6068
2052	7464
19079	2479
7673	11825
3976	5229
14821	1417
17997	17675
1496	17231
19423	13521
4655	7355
13223	9403
13843	3243
4828	1917
6234	4341
5944	4067
14870	15747
16327	2614
19625	5995
1328	13422
4482	17951
18540	11214
9474	8891
10315	14772
10063	14936
2002	5110
18532	12995
18604	3829
17403	11916
7166	11389
739	2982
18095	7664
7995	15591
6629	15727
17880	14632
17710	15355
1143	6426
3083	19552
16349	16579
14717	18297
9235	1654
13437	19470
6531	6276
4699	11039
12660	8834
16455	1505
8972	19157
4192	15334
5117	10507
16936	15715
18783	5653
7151	15948
8889	15630
3375	4994
7235	19208
1928	16772
10177	3519
18479	3675
9054	14248
5412	18808
5090	11380
9693	1560
3851	13048
10534	16397
12214	19335
14125	15048
9609	640
4648	14941
12704	10740
8335	8968
5991	8088
6978	13947
6933	14884
5040	1934
1172	13021
2787	8662
8877	18630
18986	6114
5809	9869
9494	1162
18758	6103
14919	10051
17361	18962
6979	8743
867	34
16115	14008
3341	5263
5916	15314
12469	3400
18902	18984
9562	7164
7595	19118
11726	8601
15720	15957
15437	64
11026	6210
18368	5062
15503	1676
15536	15860
10870	10941
5571	7652
17492	15217
5134	15028
10501	6339
11515	19989
7611	7174
16258	9387
8455	7162
2557	4851
10724	1083
16748	9038
7366	13748
7190	4645
3891	17804
18847	6467
7526	2962
288	17772
19612	8398
5465	4372
15095	4310
5102	3737
11683	14735
18677	10898
13718	8064
2334	2438
14057	7335
10252	521
2138	12191
8318	6389
18864	9493
13346	9924
16282	19377
14738	18446
14667	6582
8667	31
2816	10219
17148	3571
15585	13936
16536	3279
7684	16205
10256	16058
14696	111
11103	293
12415	12275
11013	8336
10804	18229
74	1318
6792	7489
9146	13012
4114	9849
10089	16442
15900	5997
3138	17750
1065	5221
15765	14784
17812	1849
2795	1532
10753	15879
17646	7476
8328	2161
10693	3742
11950	11833
9130	4037
12656	14280
16083	11809
3407	14893
13277	6620
14583	14863
2660	14382
19613	18491
16815	616
5783	19770
12347	2193
11949	17082
1286	1204
13460	402
2818	9355
17956	18164
12668	3985
14074	19669
2991	13310
3454	4357
11832	15934
1331	2988
1041	19582
19317	2093
12044	13429
14477	8010
12123	9389
13043	17764
18891	13912
9985	6592
9938	7850
9526	5259
12983	13979
19615	5544
17427	12409
15919	10944
19098	3444
10143	3879
16537	19081
2027	14771
19106	1981
8035	11079
9027	18822
13121	19402
6687	1451
13555	18781
4344	5266
6062	3740
14877	3157
16854	13812
1323	9781
6964	15340
13928	11726
13978	11461
18883	9714
13098	5006
18995	18665
16061	19587
11387	19894
10635	18971
18219	4617
13803	2695
7403	7342
11000	5384
10844	1633
17792	2014
15142	187
16565	6031
6916	7785
7976	7874
4966	5069
13834	17212
13551	19923
12056	13848
7665	15650
19556	8212
8173	15797
1008	15378
10280	2632
3601	7204
835	14658
7659	12440
9061	14041
8979	61
19127	14312
17771	10460
12775	9620
3343	5237
15782	6724
12432	658
10144	5501
4696	12532
4682	6121
7937	5739
3206	14580
4594	13988
12922	17130
19327	10400
9957	11875
18364	9248
13318	8989
9653	3783
18818	7189
12748	6863
6096	19530
1203	18592
2906	8286
10504	13683
13248	4547
6210	5904
10205	4777
14813	5695
1937	11620
12785	14295
15598	14381
18823	7379
3554	2972
448	11019
18643	1238
15794	7620
6188	88
7034	5783
19641	19172
19458	7415
16579	16201
4273	18633
1432	13382
1057	18565
16271	17334
17931	17453
12756	12117
14165	2282
10993	1029
2609	11993
18037	19622
16825	6143
14827	15648
8349	19336
2652	16688
12410	6173
15923	3703
8380	17676
9799	13431
17954	14593
9075	1936
7271	16883
3425	15581
9267	5520
16173	18751
6053	18769
17788	14117
778	15971
13459	9524
10363	6528
9098	11279
2448	5862
9016	708
1157	4728
1679	1398
10825	8870
17947	6140
16256	15229
8919	2531
8309	1005
551	9922
14898	5102
11851	11359
15045	921
10525	18801
12376	11589
15747	10066
11310	6158
4673	9622
13472	4787
5337	17851
11242	9224
10957	15680
17304	18773
15664	18052
859	4664
13926	17957
16826	16264
6314	3918
1484	526
2258	5301
15105	11280
10007	17961
2398	16556
10223	12474
5191	5577
700	19637
7048	10601
15627	677
2707	19439
9863	4027
15104	2232
15485	1754
19123	5217
18583	19741
7781	6410
6807	4529
3363	5297
645	8665
18258	19844
10522	7208
18313	7544
18020	19773
3912	18622
7601	11774
13979	10895
16491	14824
1443	6509
11145	5971
639	9486
10838	17356
1982	11807
219	15072
10367	11313
3229	3999
11659	10433
13960	9240
10266	5363
797	10152
13249	5736
13826	2914
11847	18746
6127	493
5271	11300
19365	10650
9687	3107
5701	14628
16457	3002
3105	3873
5094	8842
16232	11909
7496	5603
882	8571
15987	14359
10700	8195
7998	2762
781	7594
13405	13849
16088	5181
596	17729
6359	19480
17730	18976
13725	292
9663	14216
11956	18311
13012	2305
7332	11556
16078	4905
926	4810
17796	2244
1326	4205
6898	5922
8251	3612
7904	9352
9585	16186
10892	2595
14768	19535
9596	1628
4767	11810
10200	9645
2525	11582
17362	12661
5350	10405
18025	13445
15271	8165
11933	3102
13324	4669
8752	2514
14404	6317
10677	11407
8261	3292
16394	19978
560	8390
4568	5771
9348	9567
10861	16493
14686	16716
3636	7324
7427	19260
16161	4456
17069	9480
13714	15058
18137	18384
18326	3430
12531	18715
4860	8554
14741	16798
3894	859
7946	18689
2751	7816
11974	18073
11939	6069
9401	6939
12461	6034
6811	14163
13014	5304
8944	12146
5708	3976
4664	6894
2778	14264
17367	18650
5817	10623
2718	5630
16605	10377
5562	15173
15338	17501
11467	1564
12161	3074
19216	11139
16624	4767
15342	13855
1232	10076
4255	16895
16707	19334
11896	18169
2967	17259
11721	9348
1190	8278
13471	14898
3895	13887
19182	16467
12671	17417
7185	2296
7400	693
14763	17151
15346	11524
7734	19019
86	19965
16504	16433
15392	16206
18400	15639
9091	1376
13193	1995
12488	2678
12456	14539
3344	2577
13074	14509
9133	11098
3458	19437
4022	1839
18465	18687
14721	6220
11539	9957
2441	10297
2623	502
15616	19654
10910	12444
7128	18023
13539	7125
15001	2117
17199	17467
1051	19746
11392	4982
3237	12917
10533	16537
60	3501
12496	6434
1487	9297
1935	8345
12343	12837
806	6233
3672	3037
10050	14334
17840	13896
2601	16752
11670	15396
6616	14498
12956	18067
6784	7768
12455	14639
5478	19984
17035	13165
12304	19747
12245	3220
15073	17296
15656	14848
4867	19273
3325	19635
9047	16735
16014	15735
14059	5010
8166	12746
12693	6865
3620	11248
14664	1153
8879	9183
14232	5011
11592	7108
6661	5328
6863	17790
7154	19098
710	7855
2094	18401
12322	1078
8286	8618
11226	6197
10932	6039
18880	19656
1740	5432
11908	4577
5423	3184
14177	11346
1497	9301
4887	4584
17100	13468
11257	11941
1869	6810
18961	18101
12686	5936
8461	17850
18287	13352
13573	2964
14715	7631
11823	14266
15256	8068
327	7852
8662	14157
14854	9417
18963	8564
9419	4431
7929	9479
13722	3506
15638	2467
3621	12880
16706	12647
4571	12679
18740	13139
12344	8981
203	4951
12870	18158
1397	10594
14769	9515
7578	19515
3434	8833
16460	3149
16665	14319
10401	18821
17928	14012
10548	15723
7215	7627
4824	17414
9134	13864
4498	9701
7288	7842
11315	12258
6943	11846
5901	12857
11243	9824
2548	19617
18234	5753
17445	4601
3599	9491
252	2069
16423	11880
4239	5233
6493	10942
4494	8998
17633	13045
13180	1319
12104	3761
17164	2257
14438	4804
465	12142
15345	7844
10961	7333
17643	10007
4500	13135
12945	12299
1278	19704
17344	19286
14840	12066
9158	10855
862	19541
14210	18403
2277	14894
16100	2146
4303	5389
9077	2943
9739	15480
14520	10884
12725	1109
2580	11296
18806	17146
3006	5593
11308	1021
8600	6442
8538	1744
1513	7462
16996	6407
15398	8782
1692	9815
11951	2889
8688	15312
2945	12552
19077	17515
15946	12910
17819	9836
8665	4415
2574	3126
10169	19300
10953	3013
534	362
18163	9633
1684	5596
19268	17351
1576	16243
2650	243
7887	7759
7442	955
10798	1904
2282	12403
9090	12281
15169	10313
17499	19736
8489	13329
9440	18260
5997	1384
10563	19985
13685	7617
10164	2450
5589	5756
16832	15169
3624	14807
5037	1789
7260	14733
10749	10655
671	18525
16162	4489
4533	12436
5860	10735
18822	5652
19331	13690
8637	19188
5829	15982
17837	6492
18939	16179
6025	5875
16883	17333
12175	5320
19647	18731
8512	9993
16886	13335
7893	3911
12275	13819
6665	1833
17617	16211
8329	17759
6144	5595
16154	1631
12640	14703
11685	11872
14235	1475
18789	5840
9876	5421
3197	2319
16116	18927
1098	11928
14261	1281
3158	18481
5813	12849
5368	5247
15433	11106
17153	1844
8577	11025
4478	8146
4536	5871
15864	1826
6966	17245
11761	11849
14050	5635
6267	3645
4025	12525
9854	814
1815	11566
13672	3199
2426	17221
15530	16674
8686	8232
3286	16922
12438	17514
12399	15124
17110	14307
17444	3663
3606	2327
2565	4808
14095	15134
15884	19341
8255	11966
9214	2213
11291	16138
12387	5349
1610	2944
4471	13464
6649	5979
12761	15633
7105	15145
16926	6662
4563	16912
11065	11863
18984	19224
12762	701
2166	122
1006	4292
14970	15004
921	12230
3884	8691
15914	1873
18454	9121
9591	2489
16999	7256
6751	17685
6888	4281
307	18825
4710	3447
16897	1856
9370	5145
15011	4302
15067	17137
17140	2639
2604	12199
8933	10936
10167	6666
16058	13254
4994	19869
8559	4432
7687	5609
2813	15401
7032	750
14307	1183
18954	18242
16482	13901
1655	11508
4621	19207
13160	5492
1184	5872
11877	18095
14440	15181
17343	15238
10950	2746
9637	1773
14025	17766
7189	556
18135	5844
939	1363
7062	17620
17984	19299
10536	15824
3095	5617
13943	6701
10024	8396
3259	6726
8843	5028
14981	9638
15973	2082
4361	10620
10736	5131
12170	4696
12047	18982
5540	450
11210	11421
7567	15851
4127	10445
8606	81
19572	6449
19373	8263
9880	15351
17360	8885
19341	4134
11161	3862
16151	424
14076	4961
8962	6650
12927	6252
17128	1315
760	15031
14209	8732
2546	12430
11317	5185
17356	15605
19076	10211
4398	17400
5460	11495
16541	15172
10183	3990
5704	11217
504	3172
139	19426
10894	2198
3013	3087
3200	1629
2585	15789
8273	11430
16029	10952
6923	17655
17755	2571
591	12748
10963	7302
10634	6059
472	11902
4034	19839
16767	4363
16603	19011
2980	4991
7251	16550
3032	7020
11320	4325
3061	8703
4685	10138
12222	9519
5289	931
13361	15294
12204	13295
10326	8144
8021	15563
16721	18459
516	18637
4073	3133
384	11273
1078	14777
7843	8621
14040	333
14286	721
7362	1095
13178	13781
18431	8356
4077	3093
10251	11636
15651	422
14639	17106
212	4680
19562	17555
9944	10641
2838	1572
12280	16569
7697	254
9231	15178
3900	19459
11819	4018
75	1298
4688	18797
6216	18766
690	12799
13665	18624
15442	4518
10793	2076
12433	13932
17377	4843
4403	10933
13141	3551
4260	12983
10204	11829
14719	18993
9543	8185
9410	6207
6534	10704
12232	15221
2832	16048
6128	287
3862	14484
6255	12115
16379	10772
7283	7265
7603	5463
13811	19136
19591	15661
7930	8931
19425	9410
7109	7740
14623	15582
16067	8969
14543	18718
1918	9946
8996	7790
857	3855
8202	7906
2985	17302
11263	11292
7963	7967
4245	7383
15473	11708
15711	7865
9406	13314
12057	17577
10811	5277
5947	17814
3482	15853
2387	867
16063	13567
15166	1774
13953	8449
4302	13941
3814	12802
222	8073
9147	15652
12799	17819
8009	12545
2570	18891
9076	12691
13869	11744
4801	2737
17631	13066
3695	11224
4904	2856
10982	5470
730	507
17865	1129
10589	942
9193	3781
654	11480
5385	6961
18334	19518
14672	8283
18858	8426
7220	19726
10481	14956
3330	18995
4394	4917
6396	9675
15486	17877
13571	12856
6919	1171
1457	5148
3450	11917
1307	8060
16627	1921
2839	4921
14662	8616
8242	13495
12615	13923
15512	1739
15538	16070
18053	12944
5066	1737
14150	1782
14240	1503
8753	17406
17235	655
18075	14841
10791	15812
17326	6404
9421	18162
18627	5586
8743	9040
8754	12948
12096	19440
15702	11867
9849	10437
14576	6516
13504	2559
8141	9219
11108	3073
16529	9865
2	8559
18766	7682
4421	17279
13862	11804
682	9048
12754	8606
4708	19701
15233	1185
10402	16305
16692	5016
18782	2221
10940	2517
16128	12259
6376	17565
14141	11408
9215	2196
7063	5019
8477	13889
14012	1032
2518	3366
2487	1517
13333	4276
19351	14401
16312	11896
13181	13136
425	13458
11505	3996
7529	12598
1602	14298
15070	6801
4601	16345
18319	16460
4551	11189
15952	15698
14436	14294
5909	12583
11381	5865
17526	7148
2708	13027
12085	16845
10666	4249
14909	1926
16726	2615
9034	11511
513	8270
1663	8957
15581	5245
116	2604
16498	15428
12475	8056
16495	13072
6709	17139
11253	10000
17008	18661
7107	11794
15660	17736
18456	414
17554	19931
12709	11592
561	15778
18077	289
16752	19828
7022	9191
13027	15472
1673	902
10369	18468
3829	12817
8679	14550
2256	18981
1359	13337
6490	17483
13453	16768
18257	17363
2121	12319
5500	6113
10997	8427
18680	8476
11300	15270
1107	2459
16945	11894
16085	5047
8128	8872
7755	18205
2080	4174
8023	19196
9166	19278
5594	3725
2687	7315
1951	5598
12587	1096
18610	9383
1634	19408
13081	10018
4959	3150
13592	8226
16	10124
4724	11433
19067	12217
19445	14886
7772	305
1811	19145
13820	18085
16636	2530
6748	10134
16437	13117
15772	10212
6014	18669
2452	15846
728	17900
880	10733
11784	17926
8910	2747
4423	10002
18396	16680
7988	2101
6714	3801
14399	2032
3074	15895
3376	7822
1784	2934
19005	16188
9394	5668
13195	19953
14516	10880
18391	8808
16709	1223
10439	6791
8646	2094
1327	12095
12351	15568
7300	13177
12822	10373
2563	1218
11336	14919
9796	11518
7775	5800
10816	2430
1953	18110
13920	18209
3899	8921
8778	8690
6461	7908
8130	17268
7504	2654
14394	2539
12779	5820
4912	2951
6809	7910
9094	16380
5101	1970
13444	5691
4035	11548
10324	1847
10561	18858
12474	1767
13309	7673
2406	1002
2605	18883
2144	185
17354	6618
15590	2661
17496	3356
7986	15811
11927	10382
16610	105
4931	5060
685	3845
12677	5666
742	5835
3902	6226
10781	11043
2249	15899
4042	2497
5083	10435
8191	7354
336	15801
2534	16896
12188	4138
11968	19767
3846	17561
633	11677
17395	118
10715	15359
1486	10302
618	13413
12816	10879
1271	17596
15822	13238
2118	10555
11976	10789
11924	16109
16544	15751
1529	9665
18862	16384
10094	2414
7692	13324
10919	16055
15400	15255
13149	8636
18478	3305
6284	8871
5927	16589
2566	16909
17675	3309
17075	15520
402	9608
13427	17856
19245	12053
7885	1916
11261	1931
557	13606
11491	15487
19142	15793
3235	14009
11419	19668
8755	11238
19655	9017
13358	2349
2522	3041
17655	17323
18992	14336
12105	5602
17777	4673
17482	16699
4335	1919
6885	3945
8918	18518
340	19225
4727	9628
2528	10554
7804	7406
1916	18045
14414	15655
18340	12119
9873	14405
1128	4674
6279	14569
9752	726
19071	10905
10679	17988
16584	15019
10614	15646
5761	16825
8830	18443
16902	19963
4105	9430
16087	12653
10624	12720
17298	4032
16057	17086
13138	4641
10030	2836
3562	11378
17037	1493
12358	11349
2740	8445
16302	16131
1387	12715
10663	14011
15755	17416
6693	18366
2084	6485
2977	7014
13956	4243
17775	4483
18985	4656
2981	8916
18274	18861
16631	18033
6893	12623
9953	17133
5164	13385
8588	18828
8681	13655
18330	15924
8492	4686
4930	581
4943	2673
5475	11483
14169	16391
19601	11116
5640	943
9557	9669
4026	6351
1414	13452
9353	17724
17055	7198
10718	17047
2852	3905
8343	17846
4836	5901
12138	17015
4165	6024
2713	13093
901	14086
16557	9535
11964	9306
3880	10978
9982	10776
11271	13182
5357	10687
16357	8793
4796	13434
8059	11546
16269	6418
9830	18263
11727	12632
8683	15863
4222	2044
2428	19815
13745	2317
18699	15920
13284	13426
7628	7058
4535	14614
3857	17567
17861	7226
16955	5703
15513	11350
16110	4581
12603	16837
2191	6116
15139	6030
8875	6715
16243	10861
11239	11000
19090	18682
9737	12407
11648	10731
8900	13325
18791	19029
1926	5532
9268	19234
9260	240
5960	19399
7340	7937
11637	12415
19395	12235
11963	6498
5312	2721
13976	12591
482	15720
1	6146
9395	1328
89	548
2099	7536
14455	14918
14786	12494
18418	6580
6238	5649
16317	17679
8961	3491
17134	14753
11175	18917
8437	18925
1788	13799
1999	11974
6333	3719
420	599
2443	1658
6450	18365
13557	2313
2872	17183
5233	11567
19140	8670
8095	15322
248	18206
18273	16678
4969	5437
6610	2417
16185	12731
12402	13116
11094	5850
2268	14930
11487	19870
6368	2030
3039	11554
8066	10571
12736	6800
1920	2226
751	16839
10173	9994
9048	131
8045	4561
11197	3848
8467	5947
14745	16650
15901	729
16007	13539
17389	728
713	2794
1761	13119
13771	17104
8375	6778
4009	2676
3049	12060
9708	8988
16314	12020
4618	4079
2114	1874
13702	9408
13983	9100
1758	10522
558	19187
12071	16565
2442	17966
5553	5621
19057	14245
648	6786
7447	6067
8470	15225
15017	823
7727	14066
8237	13791
5471	1445
9442	12998
7026	13100
5569	130
14781	4467
12610	11557
11343	124
17513	16625
7654	6132
9360	12751
16500	7561
4213	9206
1379	13365
8891	3692
5201	8953
9026	10492
8269	14897
14631	6129
5455	13634
1177	10171
6183	19802
16365	4046
3113	489
15182	6616
10573	3689
4254	4254
7266	9253
14241	13280
8759	4056
2370	16117
8652	18324
6500	6994
4592	1285
15883	15409
16724	283
4229	5228
10352	182
11748	2623
13232	10094
17795	5404
6290	10305
250	18227
10617	3405
13169	13750
1196	14589
5831	13765
19251	9733
3481	12374
11203	9485
13636	9930
7003	2424
7813	17493
11080	15036
16969	19628
18518	16795
1032	8342
16299	6768
8196	15128
15928	2446
3734	11381
7484	19898
3046	9618
14062	9441
8904	12390
15055	17657
17230	18548
407	15056
15023	11061
14814	70
17450	10147
4091	947
9363	4971
14284	14688
6681	11249
8776	17985
5291	16162
4364	9625
2288	19381
16415	7645
8058	15653
13877	5683
7686	2867
1284	3376
8426	3373
13216	11770
8847	19163
4065	8905
14197	13790
16517	791
13525	10216
15488	11572
4857	14144
4179	14166
4793	3543
530	4508
453	15109
16493	1217
13016	8304
4324	7400
15493	6537
2873	13088
1380	15984
1173	19872
13773	10800
8254	13788
2822	11596
11886	2727
19335	14281
1139	1978
2987	11081
13463	8924
2995	6529
13383	1533
8574	18404
9352	18411
16389	10103
631	2098
19392	10196
4611	337
8146	16852
12931	8301
1352	6145
3849	5684
18423	13793
15667	932
17754	9623
11662	13693
14666	18115
19220	10548
18843	18364
3129	1727
8099	7392
16824	9566
15244	6659
11093	5866
9811	6167
8091	13218
2179	13437
13793	13967
1301	11383
5336	16823
5058	15478
3956	12015
14083	13698
16287	6127
18409	15845
477	15585
11729	11317
15426	15143
1023	11532
6374	958
7690	19699
4697	7717
10199	15276
1253	17740
7425	6090
1165	4595
14908	18857
385	12767
4820	7440
796	1100
3909	5317
10499	16585
4548	2409
16850	7320
16137	19195
19553	2649
400	332
13217	7907
6023	7050
16280	3357
14917	12072
17305	16602
7388	11883
396	5745
18837	6301
2029	12174
18778	3378
18844	13078
13992	13402
4920	16029
8451	18985
6442	19648
3223	2194
792	11193
2289	18871
8903	3868
2586	17965
12706	3715
17316	15815
2327	1959
10967	2180
3821	16964
7749	19593
13140	11070
15009	1824
3748	10011
15806	6184
12781	6176
9138	13090
11643	9020
6982	18581
12186	4398
13057	7176
17102	10893
8079	605
8073	14693
943	17298
3975	1923
14249	13826
15754	3025
4896	6456
6742	7251
19116	14542
811	18004
13251	13397
15902	1639
18125	1283
14978	3944
2799	13267
3462	6631
12904	6256
9900	5280
17981	9432
19194	16265
3903	18735
241	3746
2560	5005
10782	8015
19120	9391
6944	15137
13412	8766
18616	11044
12711	13336
11595	16992
18369	9114
18093	15060
542	8710
8973	7520
4785	3897
12084	2947
1839	13224
16650	7495
1369	963
13888	1861
4705	19370
5938	15713
13336	19533
16293	9694
8061	16234
12958	8628
19450	7022
13213	16574
15032	8464
17202	270
11979	9887
6793	9144
5457	8091
16305	4630
13050	10815
3123	2022
13739	11791
2465	18155
18207	5701
16315	5605
265	10249
9522	12173
13726	18425
3037	2029
18453	12228
8434	15752
3327	14071
13139	1098
19312	3273
17422	19499
14740	5008
16516	2202
6444	12057
6945	9243
11747	12010
15087	17693
15723	18408
2330	8198
17151	4356
1132	6211
5758	6815
8605	12388
12990	14279
6653	5818
6326	2336
9451	851
4410	19759
18816	16181
143	5179
17337	17699
12611	15242
17123	18875
10454	16318
17066	9385
4377	13593
5020	16671
7104	1756
9482	3223
17855	16971
19113	2927
12271	1551
616	6983
17982	13899
9296	18301
10302	1416
832	17688
5641	2488
18126	9046
4257	2273
19207	16760
10214	19392
14887	13751
16430	6988
6734	19527
5879	11821
15655	14069
16113	14809
10237	3297
10732	1791
19419	10010
6215	6904
14181	7801
11127	6675
6240	2095
15693	14888
11461	12572
13234	11334
3808	9941
4119	5499
9430	12038
16683	7834
4171	3165
8440	19306
4644	7932
10041	15082
15596	1381
16688	18213
10618	17968
18852	10955
2335	1570
12305	15443
4754	2508
14598	18753
10461	7765
8129	358
3490	19465
1123	16917
6233	8138
8415	8273
13418	10629
1724	1345
6984	17543
3607	11006
175	647
1405	7261
6345	13990
8969	2572
1944	166
3889	12475
12079	3212
15154	2854
1064	9527
12606	9233
10535	8637
13104	10374
17551	9770
649	15096
5911	18574
15908	10430
5814	7166
11438	11553
8160	4698
17720	5723
16246	5888
3543	14615
12116	13897
15057	7592
6953	7131
13506	7886
13690	11165
304	649
18006	153
2395	4532
16613	5495
11153	17170
7940	4099
171	9634
19093	10703
14914	1786
1660	16071
18382	1062
8192	6105
3497	13768
5786	10842
1058	6570
19536	2119
14344	10981
1745	7298
8725	2177
18747	509
8954	11076
1216	3034
12248	10385
19138	2207
6254	5281
13881	408
14939	18105
9855	19007
13334	12188
4263	2619
13988	10991
7152	15431
16634	3296
15861	2072
6342	6548
19022	1291
7717	3294
8439	6685
10914	2150
28	7971
14759	18817
12739	6784
10593	17497
19614	5180
19242	4741
4259	12317
7923	8357
987	13882
4001	17442
9011	16170
1783	5869
17887	9489
8410	14172
8332	308
8983	7473
1046	17206
7942	14436
7782	17349
4357	868
12379	7215
3333	2376
3253	18323
5974	6763
4692	3594
6614	11218
6976	15623
12296	5118
7	2682
18083	17640
16334	1313
17458	2606
19652	1896
7487	9980
4113	10850
2306	3874
6861	15559
2888	14610
4021	11785
19211	16404
3004	1353
10196	505
6600	12833
2925	5969
18733	15066
4414	9597
17410	10425
17338	19750
9304	12996
8456	14948
7457	19331
17590	13513
12077	8620
8243	2220
7649	16007
6643	372
4088	12499
5043	4127
10588	8122
12997	9817
10482	9700
13520	16422
15470	8749
2513	14621
11029	9826
14995	2506
13039	7518
18118	14177
11547	19905
19046	4926
17701	3208
16988	8303
2103	13441
11011	1391
3733	17609
7029	11276
17206	2357
7013	13366
8432	14992
8315	19094
17454	10745
12978	19729
7466	13675
9656	9443
12131	15470
15414	7138
16756	3666
18931	5929
3951	19064
14772	397
12172	9603
1613	15180
4221	8374
9563	18496
13783	4685
524	7849
5258	12909
5314	10603
12225	14778
885	9741
17310	14683
12300	5378
12942	8980
10231	2138
13253	6674
17187	4627
4555	63
18899	16196
11032	15884
4186	17454
4817	14707
3660	8736
908	1182
11754	9168
14809	5959
3832	5309
18173	16745
5718	15026
9136	18036
18265	13343
6511	11095
16362	13180
2856	18894
17376	10325
16203	4969
14023	7459
15697	3342
10126	19614
17253	18016
9105	12992
719	14425
19561	321
19416	13133
10671	13952
10727	2444
3331	4713
15052	4100
19551	249
15282	4197
13152	24
3034	11147
5128	19353
13584	10288
11946	2987
8544	11109
11562	1099
14679	13126
9291	12652
7865	3258
12369	15669
3662	19294
22	3948
16881	7783
12973	5772
16878	5770
19014	1835
5063	14631
2392	16782
6536	11134
5912	2751
15266	17774
14160	17126
15981	18697
11248	18805
11918	15539
5052	11771
15261	7762
10225	18444
5059	522
17883	6946
11042	19667
15076	19723
11789	3012
5095	3886
10194	11093
13762	19619
13531	5254
7905	15599
1003	3265
7239	3291
8267	4450
3775	3807
7339	13921
6044	10749
12528	14489
1417	1871
10271	17998
13130	14679
7453	13536
4447	5342
7241	13971
15505	1935
16785	4839
5567	7892
1066	15453
8653	5516
9728	19707
11062	5291
15776	705
644	6962
6502	4274
754	18207
5727	6874
6899	17878
15469	1073
2180	14783
4408	9347
13499	7094
16916	1700
6431	6676
9533	5567
6737	18351
5616	12741
18978	11030
19440	19725
8702	3270
11830	14960
8902	8537
9100	8441
5296	561
6598	7884
1923	17457
19385	3597
15418	4880
14535	13881
11615	11775
12449	14433
15798	11144
15384	9094
5045	18923
4980	14878
14087	4014
6586	2729
18938	16514
14288	7076
14634	7557
13108	10821
9725	1771
18434	8647
15893	9788
5578	2522
11805	19344
2396	17853
13386	19473
997	10258
13342	16217
4219	3282
1979	3462
11217	5396
11700	19398
763	5249
16847	5928
13335	12949
5476	224
14582	5999
339	1357
1780	13711
833	11702
17753	1020
9648	10224
18158	5164
9437	772
5994	8379
3489	11528
1778	14034
15570	10840
18838	16144
12627	3224
18484	9570
4519	10021
6103	3416
922	4573
3050	10630
11450	2755
8428	220
3513	18725
16506	10032
12247	865
19621	4879
7209	8325
17280	15386
17591	8155
1295	11413
18335	989
19478	13700
8289	17475
1147	17591
11881	530
15425	17600
19269	12024
69	4846
18153	7249
15158	2333
11468	9719
1423	6560
2499	15295
5778	8045
16084	7418
10706	16152
2726	9377
6613	1734
3230	17208
15698	3210
6517	781
17689	18372
19481	17374
11346	18504
3088	1479
16904	18736
18645	6354
10138	4133
19193	3762
1243	13617
15994	9734
19545	13013
13282	12703
6875	6392
17520	18341
10289	12212
7355	3828
9993	18975
7614	8629
12789	9067
5029	12029
5053	14741
1339	10342
6939	19573
19479	13885
6173	3050
9343	13442
431	11245
17420	14237
9330	13650
11494	16137
6282	15283
6164	15319
8522	15078
14413	1309
13787	16154
7546	9137
1945	10948
18892	16530
4546	16894
1909	18312
11298	11865
19038	8149
13488	10993
11146	6977
5197	12841
7161	9953
720	18239
13147	7027
15272	7181
13547	10233
5804	14094
19091	510
8224	18484
9292	18199
8925	16599
371	13489
7803	5741
9456	15339
478	3413
19571	19106
6664	9862
19031	12864
3610	18012
11321	9653
16003	462
3026	7936
3852	7917
153	14787
17766	7704
8201	11799
5655	16560
4214	3360
15478	15668
532	13499
13536	4534
3732	5779
696	17352
8052	858
16249	8055
4155	17002
2246	17626
6046	6312
3040	11768
1757	19663
8994	18255
1825	19425
6969	10157
5014	10170
15237	208
13730	12794
4379	359
4967	15947
460	1404
3898	16717
3150	17538
6346	3525
6928	16749
2681	11563
14765	8047
18131	404
18341	13081
2105	1514
6589	10160
11910	12109
3970	15637
19457	17089
8327	18170
1456	15873
18114	16562
18000	17801
2117	2603
4512	14626
9488	6611
6630	17124
7539	10744
7996	5817
1344	1716
15615	8048
12080	707
16789	10432
138	3438
14211	10053
16994	2732
19369	9398
1921	6928
17370	9610
17506	3586
18595	14357
17312	988
13798	18153
10560	11796
15518	2594
10425	15664
8855	12260
12572	18318
14427	1361
485	16916
13191	16578
18558	15942
2614	4861
4637	9237
8336	6790
1068	15803
15558	14952
2793	10707
9458	1788
9062	794
14457	11684
16311	10858
16102	16715
1532	15973
13578	18244
18924	15176
2833	32
10912	7389
16059	9816
1759	12106
11660	18198
11630	7429
13390	13148
2409	17595
3653	6543
19353	1448
16264	1284
17673	2845
12468	4794
6650	16259
13674	8132
17678	5216
17129	15889
18238	3876
5359	9174
19294	14563
5361	15365
18004	1762
17234	4424
17244	15570
8475	12749
3701	18623
2377	6087
18601	7409
5699	2484
2655	9153
12681	5330
11984	18553
12948	3589
854	13459
16670	15399
2814	15341
1563	7979
3387	5487
7439	3695
19052	11104
5070	3419
1090	10482
1401	14554
10602	16173
6485	1048
17127	9703
6045	15438
11501	13187
4832	5467
17745	4361
17712	12511
17729	2316
18689	15771
1515	2739
16900	13209
6265	6906
12750	13226
10516	5388
4444	6738
13291	17642
13473	9156
16776	14504
8949	13356
10045	2725
5491	15248
9911	6788
1469	8754
14684	4359
1218	812
9310	16393
6971	9698
11860	5733
12911	9316
10960	3063
11470	13410
9140	8573
10438	14914
3087	8888
2745	10481
15760	18003
6657	9654
13633	11520
12093	9754
15387	4108
17859	8502
13123	15477
13146	19986
17031	16280
12233	5262
17893	12463
8807	10401
1146	4559
12716	17529
6466	18761
2531	2700
15128	13976
10207	3403
19023	4967
8119	5624
4659	18230
9114	17601
1889	6171
3452	11023
5925	13276
13697	6920
746	3469
13280	19743
7796	15988
3007	161
2410	2868
5154	12172
2433	9803
15852	14263
9745	15553
13218	10717
5200	6099
7310	2034
441	8510
2496	2209
4050	5327
4074	11100
16377	5507
9936	5479
4359	17972
6203	1130
10799	8518
11347	12389
568	13706
258	15538
13297	716
12518	7367
4574	11254
9707	16743
15465	1449
14107	1649
2727	62
12472	11002
6428	15054
18600	13591
5798	2109
8934	5554
4619	15632
6569	10232
16779	6579
1887	19703
12318	12247
11236	1504
19568	16670
8094	17872
17000	4820
9785	5650
16155	6503
7184	7340
18574	3583
7117	4650
1085	18578
17881	14036
14432	10469
6604	4838
12482	19909
3309	1930
14705	6848
2211	11449
1812	7915
5077	14519
19575	16709
7203	10464
18165	3049
5283	15210
6092	10765
17878	9242
3801	2966
1802	17038
19143	16533
12504	16488
7875	2911
13476	16235
13198	8187
13561	9366
17474	2628
1965	18607
2007	17671
11237	2888
6182	16553
3373	9442
12070	19911
9946	1940
11668	1201
10346	2621
12846	3497
7710	10077
14271	7585
10612	13841
32	3820
3841	2112
11865	19047
19128	5480
17465	7885
3567	6742
4955	15728
13188	8576
7238	869
8556	16096
15607	6785
19418	8776
14754	6991
8621	18987
14497	5496
13355	15110
5962	5058
7743	10036
5825	5344
1562	11626
7927	19840
2867	7422
18129	18177
10514	19519
13930	1027
16255	9331
11716	2434
1851	2973
9377	9149
1416	13341
81	15709
17092	10346
19030	10112
13433	8954
18929	18749
9559	12065
18688	4150
10110	12973
6908	10985
6315	13300
14911	9058
18922	10133
5138	16399
14003	13396
5061	4683
9112	18246
5939	13255
14045	11870
3283	10957
5075	9647
18564	8052
13915	17852
11678	1544
4295	4181
17621	9249
3215	17188
18235	8588
18332	5990
17548	15275
16405	8143
9629	10399
3094	3837
254	1720
18102	16312
4949	582
2521	5518
6761	2683
5747	6041
6086	4044
15771	15810
2602	14562
1079	11644
68	5807
14349	5849
10572	18194
8369	8468
10191	18964
47	9931
7536	650
2446	5989
9791	14089
14327	13091
3470	776
4567	7498
18066	11309
1948	18152
3824	849
19500	13726
13148	3977
14632	2019
3800	19611
7944	154
1201	11638
1040	4775
12217	2534
14871	13957
408	3647
17507	1289
10656	11299
5544	14073
1083	7787
9512	19702
3485	9393
1263	14745
15122	10829
10926	447
2458	11802
3977	4335
3459	425
18731	8206
5619	5209
5347	16452
2999	4526
5980	12639
16130	18784
15728	16653
879	13692
18657	9365
18869	14451
13226	18516
16257	10102
13814	13863
1481	2000
6826	8076
9085	8435
18801	5884
13510	18519
1877	10752
10554	430
9717	13372
13000	496
16453	7646
16907	8561
666	13649
976	807
5158	2144
14341	3894
19651	8936
1739	13584
7819	10986
18587	14210
2802	1148
14490	11757
4944	2217
18487	14038
2379	10109
2746	8494
1313	17321
13442	18552
8783	3908
5643	13403
8183	8383
462	11233
8138	2706
14311	7712
15393	13528
8283	7458
14161	11462
1447	12692
17896	17178
4602	11234
14208	9026
12597	7502
1367	17223
4964	7732
13496	19108
9827	6098
15587	4654
13732	3834
6295	18649
17672	1738
11955	8333
18403	17136
18184	5893
6942	887
18541	10583
6941	16821
12242	6231
6855	2115
7598	18862
17858	15823
1736	5601
12632	13573
14454	1973
9818	11832
8027	15009
7850	782
2328	3105
5932	1552
897	14443
13751	11881
8971	15039
15212	9808
7452	19288
5123	1051
4523	19861
1422	3219
15594	6534
9700	5679
14682	7126
3351	1953
5945	756
3415	2525
15680	10617
15626	15465
2608	17694
7276	10058
12478	3346
3768	9885
5882	2110
13779	10356
14742	6656
7922	12571
6054	6968
1978	7060
2898	6063
3773	5711
6750	11855
6067	7169
12429	16302
14784	7288
2310	4552
8720	13015
8501	19817
2209	5957
7428	8881
16343	19528
3935	18641
12184	8814
11211	2529
1996	13321
6870	18531
7593	6461
19367	9035
3904	9851
4018	5885
4952	2897
9579	10431
11251	6208
5792	3322
5473	8166
3062	4557
11842	17711
12476	7329
15602	1072
16480	12251
732	13487
5391	13913
11703	17328
17759	2337
837	13496
13158	7439
3877	16427
18269	5423
10812	4374
4016	16840
14533	19050
11441	16706
2480	13024
16034	7644
11125	8459
16931	3096
10585	7555
18376	905
16124	3259
1182	3535
9666	4458
1764	19099
2676	16166
13498	1889
3282	1725
8923	14667
6541	3198
19284	10625
14326	2553
3163	9739
16254	8777
12062	2753
15222	6969
9843	13405
19118	7295
4808	15725
1722	15464
2767	15116
621	10395
17378	18999
14044	17459
1554	2290
2857	9672
7732	14456
1210	13038
1651	11392
1630	9167
4884	16379
6544	5796
19298	4981
7693	11364
10680	1193
18460	2616
9323	14892
4908	18756
9055	1870
17236	16626
18357	7529
16695	10106
3132	11388
10187	14491
17932	9487
16268	15102
11374	2088
5568	3284
3444	9342
10873	19618
3579	10519
3769	14729
11017	14390
6366	18338
7658	16701
16413	764
9278	11607
15873	7214
3141	2949
18115	13742
1904	10580
14922	2419
3946	848
839	11631
15739	9466
4991	1641
10051	17832
13025	17441
1885	3301
17208	11898
10586	5025
19235	1512
10759	7387
13600	6348
15436	5657
8808	16886
6250	13292
7696	14202
10091	7943
872	5030
17217	16544
8739	13515
18057	4693
19263	8984
3796	5898
9532	12308
18716	12613
4233	2341
19095	660
6002	13688
4300	12929
404	17803
16621	3231
5071	1288
15678	13157
11804	10331
7821	2133
7175	8370
5820	4956
221	19365
8967	5442
6755	19498
2295	11968
5666	17791
1300	14520
5146	12512
802	10696
18046	10822
2705	17314
16177	15321
18003	19241
10999	6563
15682	16976
10356	4318
13604	4933
8964	5663
10475	18886
8446	15445
9842	17571
2848	14859
12108	8129
17495	13303
13990	7150
10977	2954
14	4176
15763	10867
11552	19811
12398	912
2230	8094
10711	14204
6514	8798
6990	1938
7620	14083
12276	12408
7769	2783
9881	310
12308	4798
6395	9863
5710	14779
13116	4506
9448	16832
7217	15155
8566	299
183	1636
3108	7938
16685	14032
5545	6313
12881	7858
1255	16092
974	4339
16118	12040
11820	4071
17818	9998
8239	11658
8615	3684
14799	17344
8326	679
16591	7322
12268	15817
18890	17575
12103	10178
9498	4047
734	17628
46	6607
15804	19630
3252	13294
10012	12272
13293	14588
12076	5610
16502	2685
14371	8908
18728	11379
15453	12745
15724	15629
16354	12198
5736	7980
9627	12375
604	14133
3780	3877
15495	14864
8514	9336
6369	8450
3156	9838
19565	5799
16398	2984
2252	10407
6426	4052
8806	4973
13085	7483
9173	7190
19304	17367
11997	9414
4689	18486
6404	1385
12317	12892
16601	10537
7841	9396
18188	7538
4461	6412
983	19455
18684	1071
8240	269
17803	12614
7607	14431
6542	16777
19273	3435
16818	5453
8278	16031
13250	14180
10584	2301
10608	16784
16239	17134
16513	6452
9141	12718
18261	17204
11122	15353
17921	2120
12049	19873
12583	16518
2747	5837
17211	7845
9688	16683
14548	18576
13902	15140
11862	5341
14089	13188
17415	94
11688	11788
19468	15518
13018	12135
10470	18474
16794	17385
7585	13122
12400	12286
5365	5373
19146	14586
225	4177
7024	2938
13615	5535
11331	11884
7738	6007
5507	19976
1510	433
12284	14448
10098	14572
11397	2838
7855	13141
3538	12698
16478	1113
13089	3881
11259	10873
13440	9546
5415	19901
15527	2656
12909	5174
5253	5606
1437	14026
15593	6247
2617	14731
13795	8713
1504	10452
1550	10448
19176	16445
1860	9596
7027	9850
13693	6813
5227	1086
19438	7738
16746	11127
707	9802
4942	4336
16686	14403
15084	9650
15934	7351
4761	8946
3460	17053
19258	14099
19502	19058
1265	16141
2283	10239
181	18747
18957	7057
15031	11124
11736	9499
19603	15549
12871	9200
8886	19339
4336	14788
16563	8437
19278	12411
18220	4289
17242	15804
9228	6135
6753	1339
18886	13052
6427	12240
5969	18867
17945	9
18331	19824
3540	9891
9528	12540
7553	5400
7965	7482
6136	11571
4834	746
1315	5337
7706	4085
8851	1945
17894	14620
1715	17018
16131	2816
235	17704
17637	17449
14945	15651
4228	4784
1377	7352
9955	4638
10764	18934
2194	3464
5484	8110
17355	9712
18139	2708
13887	11879
10457	6679
13040	12032
2507	14377
16399	17185
17074	2865
2526	9640
2353	4144
10309	1431
15135	2738
11857	1312
14027	13958
11666	11899
844	4652
1981	5289
1693	9172
8221	10962
18300	3011
17550	9565
8563	18832
7289	1444
12336	2917
2673	4413
12856	6927
13708	17637
7660	18770
9128	3616
8360	7786
2592	18223
16011	15660
6730	4211
7149	16246
6871	15187
18283	10517
16444	9790
5339	17182
13275	13451
12152	2601
9773	5395
12134	17520
10582	18113
971	10710
17531	12902
502	3566
14159	7702
7326	850
5510	7116
480	15245
9478	18585
13971	19000
7582	16311
6388	10588
8376	2500
1492	732
5050	18702
6323	6125
13242	1559
3943	7951
3011	10911
14675	3115
8945	12250
17864	7499
869	11362
17331	6717
2417	19895
8927	2483
14420	9731
11679	7471
11514	6081
10477	6359
12666	12124
11279	13559
18322	16803
6603	6057
8110	7945
16263	9504
15380	2679
8398	6594
11787	4160
8917	3860
3249	11910
3635	108
15517	1491
3683	11227
4241	9471
15085	12575
10911	19670
1404	19253
18495	7202
11287	5557
2666	15699
13481	19352
