947
4378 10529 113
8489 1522 818
5199 6222 81
14387 5127 818
1351 6730 818
13036 11820 1113
12002 19504 249
12872 4225 81
15647 19973 159
12679 17164 896
8518 12153 135
5206 866 113
12394 669 113
12411 1862 193
11164 7144 113
10275 8324 135
14294 13592 159
4016 1756 249
14376 10871 249
13667 6718 613
15362 10321 81
10554 17026 896
17048 4331 818
10618 18432 613
3015 11816 818
16087 13016 925
18219 2720 159
9248 10840 249
12443 14165 818
7978 17511 159
6271 11139 224
3447 17864 417
11131 14419 113
183 6004 135
11490 18067 159
11012 8068 1130
19397 14479 818
7074 14429 81
17853 9677 113
14080 4911 1006
9281 4827 818
593 3576 594
16514 9086 912
8970 737 117
9084 6843 912
19627 10880 818
15185 931 249
6662 15027 135
5638 18669 135
697 18716 135
13698 13563 8
2476 7461 193
8473 926 896
7341 3620 818
8195 5910 159
2056 15949 975
6857 8753 135
18820 16766 594
7927 4829 159
4634 405 135
8979 1036 899
16901 13341 113
1731 515 594
6713 12930 193
7291 10301 135
4983 15015 596
13088 15232 193
18125 13722 113
6586 18721 113
12190 5687 113
17361 15116 113
13015 16414 540
19231 17900 193
17267 15140 81
1832 14371 193
17925 4518 193
13234 10143 417
13514 11621 663
17927 4769 193
18709 13407 818
13402 8416 135
18370 697 896
5299 1595 159
12388 1080 193
17370 9384 135
12111 16890 820
8097 12542 113
15133 19044 948
13524 5908 135
3991 18036 113
14347 3801 159
6556 229 193
13592 14294 818
12856 2192 159
14048 13234 955
1304 17812 117
2094 18379 193
19715 18410 536
17535 14623 339
15566 12527 193
4386 11789 135
17617 4968 470
12394 10321 113
3149 11139 114
8724 11563 725
2622 1448 117
19116 17267 896
16838 10603 955
19618 13991 894
17022 3192 896
13055 7205 159
11490 11816 81
10967 2909 249
10158 5884 135
8341 10382 925
7259 13258 81
16287 3115 249
5142 13758 113
5993 1552 818
3521 12719 22
17635 12429 193
19896 10965 774
16530 14421 955
17204 15055 21
6261 7765 135
13786 140 159
18195 2235 135
12396 15934 135
11164 16927 818
2841 19832 746
3991 18002 249
10991 9877 193
19106 8300 594
13742 5027 159
9116 12018 249
6528 1993 818
18542 16160 818
3560 5000 113
10301 14539 818
16899 10148 159
10414 18 983
19913 7913 249
10321 669 249
7300 18116 193
13097 12738 820
9414 10822 818
19062 10943 271
2235 19780 159
16492 16319 135
3417 8905 81
8391 9494 925
8216 9457 113
556 7496 159
9648 6090 193
5331 8418 746
834 12816 818
8647 8647 899
15116 866 249
18466 4719 159
13759 8302 249
15741 19974 1006
7317 9060 818
7526 11771 470
7403 11366 81
17459 1103 81
12527 15566 81
13132 17280 540
16821 18736 1161
8052 16299 896
5252 11345 896
8302 3484 159
10888 6901 81
14725 11992 925
9719 10892 558
17756 18313 112
8111 12411 135
6426 18042 925
12343 13233 616
18330 13524 159
10219 6358 135
10719 12402 113
15700 16347 112
8308 15194 159
17125 15806 899
13306 2700 818
4445 14392 193
2507 16589 1006
13007 3366 908
3709 14413 774
2132 6901 159
9086 16320 554
9532 12542 896
17335 8753 818
8384 4789 159
15249 19052 135
9029 13343 81
1564 13081 955
6742 4103 818
6984 8843 249
11071 13137 818
17002 6282 896
10114 2168 249
12733 15271 28
8489 10215 135
13302 7322 424
19343 1237 818
4047 19163 152
5967 16573 470
13669 5844 818
7764 15249 113
15384 4182 594
866 5517 896
13978 8585 417
13088 13140 81
4337 10195 159
11199 6991 249
7487 318 818
15348 2245 818
1567 18000 135
10562 1743 1130
1527 10043 613
15204 6436 896
4598 14929 135
14483 19353 113
1852 7476 81
17522 1637 1006
8308 14347 135
12744 8941 113
6681 4363 159
11575 15695 193
16140 10547 249
1595 15135 113
12730 12005 818
9443 6358 135
12931 18569 594
3417 15005 159
12988 16037 249
12953 19890 81
11525 7634 1169
634 14519 81
11467 17603 654
14844 14397 81
13848 2431 1055
3033 15905 135
2341 2684 193
10220 16323 818
10486 8879 135
11348 5642 249
5893 10752 81
1118 8953 135
12316 4594 731
10219 9443 159
11345 2299 135
7390 18891 665
10888 9343 818
3694 19871 81
6586 958 135
4402 19618 656
2419 17004 113
12178 9910 774
17412 580 767
8689 5073 594
15135 1595 896
2841 4126 117
2159 1969 135
5817 11574 896
11439 14140 594
15116 17911 249
11766 9874 135
19935 11508 871
15530 3602 113
14596 10204 193
19890 7132 81
13826 5685 152
12730 10562 113
9775 18108 818
6755 1908 818
8905 3417 818
8396 9329 135
7266 558 955
10220 18327 113
8971 5642 896
16707 417 594
11421 1444 818
4112 5004 159
5824 13592 818
7141 6161 896
11816 11490 193
13377 10095 135
3604 1918 1006
3417 3477 193
7946 15912 135
18716 12165 135
8360 4272 169
18115 7943 470
13403 7941 871
18649 12287 731
798 7762 113
11490 11643 249
11473 16460 536
659 15277 725
13815 5425 169
11880 7186 818
9167 318 113
10100 3799 193
13169 342 81
14220 4843 725
16071 737 594
18330 6658 818
524 7884 818
19974 15741 470
13013 14805 955
6367 16548 818
16103 13395 616
4114 700 81
1529 11871 693
6358 6743 135
7266 5793 871
19935 10735 114
19688 11596 818
9348 6823 818
7082 1016 113
6610 1394 925
4126 2841 746
4495 12856 113
173 8691 818
2646 13393 249
12856 16410 818
18709 15617 896
1673 1862 818
18379 2094 81
6692 8035 113
6261 7765 896
8682 17792 746
19011 5721 801
16899 4082 818
9553 17279 731
14691 10004 135
8660 18413 135
10229 10420 135
13293 8274 780
12012 8586 135
7141 88 81
4864 36 731
18666 3763 293
19804 5666 613
8878 18260 114
3434 3328 818
9755 7005 113
5785 14115 818
16160 18542 249
17020 6537 249
12872 18236 135
11083 16124 113
5933 1169 896
13516 4696 1016
15647 1993 113
7692 18330 135
19097 5883 193
19890 10452 135
6831 11771 1006
5993 13524 135
8682 6288 594
29 7833 135
2478 6358 81
9226 11334 159
799 17927 135
998 2085 594
19096 7781 818
18610 5759 820
437 2915 925
2132 2245 135
2503 4686 925
3728 2251 249
18112 7518 195
11218 16298 780
6693 711 470
18000 10176 925
2334 2753 159
17202 6919 470
2094 14363 135
19733 18050 925
6242 16185 536
11591 18821 896
4590 183 135
16399 3617 8
16308 6149 1006
3126 12744 249
4679 13341 193
15406 1994 249
3231 16927 113
9707 16317 896
13329 11368 117
14549 7291 249
9843 16927 81
1852 10530 818
6517 19627 193
634 7461 81
17690 17596 896
10960 1103 113
14569 6545 1006
3409 4696 1006
12128 16719 470
5747 3131 896
12121 17004 135
577 6057 417
9843 6879 135
736 12800 81
15030 17025 470
3805 18269 249
6892 19096 193
13182 17235 117
19379 15238 113
6818 8192 424
16269 3159 135
14725 16136 249
13682 14347 249
1634 9665 594
11559 11766 193
6743 5310 135
7027 596 896
15551 16353 135
4045 2169 925
13475 6079 942
19973 17929 249
19343 12190 113
16564 9707 159
19537 6882 193
3287 12317 901
3231 12679 818
15288 19856 249
224 3822 955
17108 2997 896
19686 5851 1052
3073 15173 113
2673 15282 925
13815 5425 424
5642 8971 159
12846 13921 955
11771 6831 470
14569 16864 470
9110 10835 818
525 13850 925
16685 5860 818
12441 18816 249
17925 8489 135
9929 2132 249
10195 2299 818
3328 8128 113
19715 13401 925
13205 5761 249
9959 17863 594
5434 19674 271
15249 7764 896
15539 751 113
9758 9817 81
17919 14347 81
6662 15027 81
952 3214 818
14350 8097 818
8071 12417 594
16037 12988 193
12341 531 249
1782 14699 818
17068 7765 81
84 9707 818
10566 9659 812
3577 17701 470
9672 6837 721
15638 10565 1128
97 3039 818
13205 18453 135
17164 17020 249
17219 18764 193
17596 17690 159
16330 3628 135
15551 19386 81
13470 16242 81
17547 2374 249
5288 751 818
15185 931 81
3015 15052 896
14165 5703 135
9439 18112 541
14363 8320 896
13569 16896 249
19978 9755 249
18067 10640 81
669 3739 249
18320 17532 896
19852 15236 135
8849 18681 169
17352 15019 159
17013 12455 159
1203 8168 169
926 8473 113
17915 16216 249
16175 8554 249
17272 5241 193
4187 17088 249
9343 18236 818
5124 19377 769
10097 9004 1185
4358 12196 135
11726 14510 249
4196 13224 594
11832 12165 159
7014 18187 1113
4590 15204 896
3033 10981 81
18749 2361 820
17031 17023 159
15087 17547 135
16684 13752 925
5901 9429 594
12402 15859 159
11721 5138 1169
16216 7412 896
19913 3694 818
8324 7765 249
11196 16160 113
17068 14697 896
19634 13972 925
5744 10428 202
3106 12703 113
4363 7946 159
7931 7074 818
15582 11596 896
9552 15934 113
5842 9548 725
14941 12277 818
4751 18318 925
14519 799 249
10776 17948 470
17804 5933 193
4085 5897 594
16946 9466 113
7762 4590 135
6888 17018 925
8509 13186 135
4338 4440 417
4517 6477 594
18993 19421 135
11849 7487 135
16218 4656 135
14154 9599 1122
9993 17905 596
588 13227 896
12769 6683 159
6823 13140 135
18232 15468 594
1773 15344 114
1385 7186 113
17690 14123 818
17416 2872 594
14892 4698 159
11434 11941 594
11703 9660 184
12411 1782 81
9755 18330 81
7924 7681 818
9675 19272 896
7351 10593 80
6499 11595 249
5679 6695 852
19610 5980 1034
14131 9864 159
5820 2044 955
15362 8364 249
9561 13988 594
18125 2068 81
11643 1242 818
6558 5340 113
5158 3726 193
2283 10788 818
12245 8203 159
8308 3801 81
11608 8802 955
14350 6305 896
8039 3387 554
12802 12713 193
8020 12170 417
16749 10114 81
7731 14528 1055
4518 17830 113
8471 13872 594
3437 14006 113
871 18536 663
12802 12713 113
17919 8308 113
7471 12101 193
6153 19852 249
16620 3389 654
10275 7765 249
8175 14481 594
17662 9874 193
622 16417 81
8681 14376 818
11490 15052 896
19618 4767 993
5391 8086 1006
12396 15454 159
1351 12313 113
14756 14833 648
2159 133 81
8518 6126 159
2152 8244 594
16399 14649 536
18129 8310 1169
1787 17778 540
12953 15379 249
4874 15640 613
16893 13020 113
622 8734 113
12277 12567 193
17900 19231 81
2286 14743 135
3964 13569 896
4769 17927 249
18370 12341 135
6360 18303 81
2516 5583 769
2334 19610 135
4615 15647 113
5824 13592 193
8216 8660 249
4000 4217 135
6320 2094 818
1237 12190 113
13363 19985 193
16623 14474 1142
9599 11389 1122
3699 16319 113
10835 14184 818
12809 13346 536
12596 12152 955
15135 11083 113
11432 2596 613
5142 3371 249
10679 16136 925
18255 14857 536
14403 12542 81
18596 3241 594
634 7461 135
6752 4009 249
16867 14699 113
15111 521 925
8546 10245 971
2689 19449 925
18686 4237 159
10657 19659 112
2909 13407 135
5288 7865 81
15094 3002 613
9265 5346 594
12814 1409 746
427 18861 896
1906 15977 818
921 8644 594
14345 5305 113
13137 2303 113
9909 18777 801
3525 15758 1190
14744 17295 159
8220 16103 616
4407 7403 81
13995 8306 81
5642 16685 113
16551 6749 594
9738 10165 594
8375 12286 159
17335 5212 135
19630 15470 135
1918 17079 500
17641 16152 113
5562 19286 1010
13934 8062 896
799 14519 896
2299 11345 113
5062 11712 169
9295 5581 193
15164 19627 135
12005 10705 896
12245 15905 113
11602 10019 596
8311 18277 117
2283 2299 81
6844 15916 1169
3373 2169 925
6892 13402 818
16893 14126 81
11348 3628 113
6676 13121 202
9348 8868 896
2671 5059 193
6187 4373 541
4016 2700 113
6090 8920 159
11082 7217 594
13785 7259 818
827 9641 169
15248 17041 113
12937 3849 159
13694 15142 955
8681 427 249
13571 9127 135
11653 2286 81
16521 9847 81
13363 19000 135
15194 8308 896
12682 3126 249
6752 14856 135
14376 9248 113
14350 3445 159
3519 629 404
2072 6152 159
3477 4358 896
556 12498 249
14294 13257 818
6657 5310 81
13137 16593 113
5252 3131 193
16373 17667 1113
19145 13227 896
7366 4903 470
8364 10967 159
1460 15624 159
14203 14567 896
19241 7824 135
8068 1141 1161
1847 12703 896
14110 7313 202
19308 18350 925
5531 9419 725
8396 16269 925
12153 8518 113
7991 8396 135
4339 4009 113
19736 19228 249
11737 17194 820
10967 952 113
10420 4009 135
13345 5299 135
7930 394 135
6300 7991 193
8590 15244 113
5082 18255 536
6268 10822 135
3835 6694 113
396 11591 193
19231 6190 113
8718 461 594
16106 17370 818
1019 17022 249
7274 3970 818
13984 9951 594
1491 15644 1006
15158 8920 249
19593 10715 818
1847 3106 249
3023 18123 81
13407 2909 113
9095 13044 955
13291 15995 725
12411 3726 249
1524 9554 470
3023 13343 896
427 8681 818
6730 29 818
17410 12699 1067
11930 4359 113
10004 8097 249
6261 4545 663
9775 11437 818
88 17817 135
18553 18405 22
6467 10448 818
6367 4579 113
9758 10967 135
3173 17688 114
6662 8124 818
10327 10327 594
16269 19737 249
10887 10970 625
11760 13265 540
9029 3023 249
5761 6327 135
7809 16174 818
14138 4591 1006
18209 14447 606
18067 1994 193
634 7128 818
8723 4019 1161
7300 18116 113
14125 14552 81
2235 5158 113
4306 15789 1183
6965 17079 1006
18108 15611 818
15311 5470 818
15755 13055 135
4864 9290 202
18816 12441 193
9687 14470 193
16391 7738 693
19632 6351 508
14014 13244 113
2547 6310 113
13682 17919 159
3560 14125 818
4359 18000 113
10351 17890 112
7787 11760 540
9864 12005 135
736 8275 249
19434 4103 135
17610 11490 81
3131 12018 113
15111 9771 925
5818 5818 281
2286 2684 896
3742 13681 594
18379 14392 818
183 4590 113
14960 3073 249
10953 15759 613
18124 4460 731
6730 87 81
18820 4182 339
11495 15490 594
11090 16417 81
8215 1782 113
3302 15369 596
17002 5910 249
12703 3106 81
14628 2564 113
10204 13407 249
7413 11898 594
16914 5884 113
6090 15158 113
8062 13462 113
18617 6908 159
17825 13248 1113
12165 13020 249
9277 10888 81
10998 12746 663
8481 6004 249
12703 4698 249
14171 3074 594
9434 4042 594
4827 17358 896
14761 8887 113
14387 5173 81
3106 12703 193
16249 6081 470
6662 4698 193
15805 19621 421
8203 13290 81
2746 7694 114
2913 6685 500
14592 9443 81
9326 9384 896
15830 9610 114
6659 12111 820
11638 9359 159
5199 16218 159
9532 14350 135
10100 6251 113
1973 12455 135
11128 2312 594
13020 4331 193
11832 4251 113
4704 1937 558
5642 19736 896
3073 2221 113
1908 3159 113
1533 18968 113
4009 6752 818
15805 3279 594
11196 3216 896
16896 13569 193
1552 11660 193
10391 12911 81
18195 12411 896
10562 9864 1122
15374 6881 1113
4903 13297 983
14596 15617 159
8851 2907 594
17352 11022 818
10514 4401 774
2550 253 594
2085 998 594
18341 1834 135
5659 9611 540
5638 8641 193
1242 2637 113
13607 3604 1006
8253 14699 925
13258 15070 159
3349 17077 470
15362 19569 113
1832 16147 135
13 8777 135
17020 3231 159
12509 1142 1006
2571 11755 135
3106 5824 135
4103 5299 925
17441 14656 1006
8360 12650 26
14433 634 113
18925 9721 249
14433 7461 159
18245 19931 594
18067 19013 193
3751 6697 250
669 3739 113
3801 14371 135
1080 9116 135
18542 17938 896
17482 19985 249
2686 5908 818
108 15792 271
14904 19638 159
9143 17853 896
16896 10705 135
8710 7542 417
9864 12610 81
9138 8070 193
16014 16323 159
19000 9947 81
7366 9723 1006
12115 8691 135
17267 7132 818
16154 2283 159
5432 7874 739
14376 18874 81
1756 18874 249
7471 7946 135
5491 9641 424
8422 17025 1006
18869 12153 249
13205 3359 818
14372 18798 1006
15155 10706 871
768 11661 159
