885
636 3481 511
9835 16834 363
4988 12267 511
2944 1850 372
4683 9157 511
8950 8108 511
12336 19588 511
19071 9930 1206
7522 18908 558
12467 11591 228
14770 9726 1206
2211 1402 1206
11581 6912 363
17473 16515 457
699 11829 363
18126 2793 798
2544 16758 558
9956 12761 304
12249 17402 1206
10478 12867 558
13369 5397 457
10062 8923 228
6722 586 1206
4716 14022 1022
14530 77 420
14866 4619 675
1551 19156 511
10083 3846 377
16317 2598 37
6447 6954 511
8874 1055 228
928 19965 363
1894 8077 228
17267 7229 363
1402 2211 228
11914 9464 363
11320 2211 511
5976 6594 558
6473 1776 1206
6816 4299 363
17422 3333 1206
17932 4170 457
13248 11469 511
16768 8934 1022
7845 6486 228
16508 13739 228
12947 9499 228
17441 14191 154
9818 19170 228
4308 11960 1206
7983 12498 798
9927 7511 1115
6009 4663 500
18234 12773 808
10264 19585 1206
2189 8166 511
18934 12599 228
16008 5673 552
4202 19787 511
17982 4103 511
586 11751 228
2402 3510 303
6935 2268 558
15649 774 511
1411 15869 228
8277 13760 813
1217 13161 228
9034 1791 1206
16887 1895 511
3473 11678 457
18143 10250 363
9038 17751 1206
5177 13550 228
7147 12974 363
16768 8979 1022
4560 11513 457
13316 17982 511
17473 15124 457
17181 7591 363
15869 13051 1206
260 5320 558
10426 19080 511
4810 19429 228
18405 11230 1022
11749 3901 1115
15828 2533 228
1986 12974 228
17682 13068 258
3615 11549 511
4054 1046 357
17788 8823 228
5401 18 511
13982 6853 1206
9899 12830 228
1151 13438 1206
12767 17442 228
4289 7705 228
7003 7958 771
19961 15907 500
13631 8108 228
3729 15425 1206
7647 9394 363
13369 12159 457
7570 9202 772
18044 4806 511
14107 469 511
6120 9130 363
13414 1028 668
205 4404 363
14849 219 613
9781 11522 363
19454 11581 363
1112 5793 363
6610 3405 558
4703 15273 976
8529 7097 1206
15236 2515 363
14794 7097 1126
18629 6482 357
2270 10084 511
2297 16482 1206
4324 5952 511
12173 15761 363
62 15240 363
4817 7299 363
16180 19242 228
1922 9225 228
7943 6569 511
6547 18369 872
6616 5995 363
14900 12554 363
10835 17996 511
3404 18698 37
2736 9411 363
9471 9183 228
2003 6113 363
2938 4792 228
11515 10927 363
16165 1498 228
12357 6097 238
9947 5304 1115
13278 2008 1029
14189 14987 228
8176 7230 67
12386 9814 73
5322 8521 668
2376 2509 715
6531 9079 65
379 10037 1206
2630 897 363
218 19861 228
14378 19151 511
15714 3610 228
4289 13316 511
3140 8481 228
16196 7776 363
19182 6140 511
95 14091 1206
11253 15579 363
14235 19107 363
3121 13407 956
14888 2892 363
1225 8765 228
13388 1798 511
2708 8162 511
3126 14573 665
19080 2525 511
3082 13014 1206
4811 11348 557
1986 1350 1206
11489 4856 228
9742 3945 558
15217 18899 748
17233 3017 558
11638 8134 558
15530 15467 511
8415 741 1206
13507 5869 363
19642 13112 808
13690 15473 1206
6531 13510 65
5433 3349 228
7359 18669 558
16367 3974 668
15207 19376 1206
7814 16255 363
2910 17617 363
2024 4773 1206
9251 9792 363
7954 19267 1206
9646 11899 511
11206 5306 511
16482 2297 511
12357 6528 965
17910 13251 228
7710 15645 228
10450 15306 228
11020 10968 552
3871 7229 363
17790 19304 228
5832 2452 1206
17713 8825 603
12907 12525 675
1913 18012 363
9969 3908 228
4478 9137 228
6444 19574 558
5679 19032 363
5767 14254 511
17077 16715 363
16043 5131 1206
3446 6509 558
8213 8732 228
16781 6442 1206
4988 16867 1206
15034 9617 228
7251 4412 1206
18154 14689 228
3214 6167 363
2207 7420 1206
10592 16583 228
11021 16744 363
15884 10399 228
8169 14695 363
4115 13861 457
11866 11628 363
15544 5930 228
17513 17802 1115
17916 2725 558
7793 9133 1206
18090 14736 228
12165 3089 363
12057 11885 363
19752 2027 363
6693 19870 1206
9884 4806 228
5708 16891 511
8852 11109 363
16174 9647 552
10081 7563 1206
10630 5533 363
14676 839 552
3161 12953 457
7137 3676 228
4640 15598 668
1439 11427 228
925 16223 558
18315 17867 228
1268 10350 363
10903 8537 228
12736 6622 511
586 18963 1206
17240 49 228
2630 16689 1206
17392 14437 1206
505 12423 363
17660 3691 228
2240 1489 363
431 14094 228
2003 2533 228
7543 14457 37
3625 2959 976
2207 11175 511
13188 9968 363
6485 7997 228
9756 6263 511
1694 16190 228
18877 11829 511
10190 13999 558
15013 7845 363
4466 7679 511
8099 6285 457
1694 16223 1206
7934 17490 65
8909 7441 1206
8638 14252 228
3986 11796 457
2801 3224 1111
7094 3031 489
8398 18660 363
5895 13742 1206
19673 1217 228
3188 11298 1206
7787 9282 1206
5504 15226 57
8280 2715 1206
9927 17868 1115
11993 13051 558
15608 2763 228
495 13316 511
13955 3694 161
16715 19728 511
17394 2465 228
1350 1986 228
16351 12782 1206
12249 14254 228
19210 11827 861
5103 12025 1206
9929 2641 1206
1007 7183 228
1496 10578 872
18570 17314 558
2924 14574 228
18498 9608 228
16715 17077 511
4840 13979 1206
18522 7364 1090
12385 5108 1206
17424 1817 363
9792 6520 228
4165 16743 1206
14052 6840 228
6008 17278 976
14840 13827 228
6910 14800 511
13345 18259 1206
6839 19077 228
15030 10068 228
17411 6125 1206
10097 11431 363
11183 16936 363
15473 12229 1206
7085 1552 228
16326 9987 363
8216 10522 363
14206 17180 363
8983 3759 228
5996 10270 228
4851 15631 1206
6094 12530 457
8983 19311 363
12644 18234 808
5306 12812 363
17972 4844 228
11194 5320 511
13369 18924 457
12805 10854 457
9871 8031 228
15882 5394 228
18727 17310 228
7570 2655 363
2503 16303 258
18851 1392 1206
14518 12166 363
10750 11479 511
8874 1055 511
10299 897 363
8236 13500 511
6594 5104 511
9302 453 816
5623 19816 457
19944 8656 228
12807 18371 228
1491 18582 363
16035 5213 363
1087 18908 511
11084 2128 552
15924 8923 363
2960 14173 511
5306 11206 363
15812 1411 228
13741 1928 668
11749 4564 1115
6601 6497 1206
12914 12699 511
11096 4619 511
19075 8613 228
4196 12273 668
2533 15828 363
7299 4817 511
3678 19728 228
3539 18892 1206
5103 14393 228
13694 6227 303
4302 2288 357
12261 6676 457
2316 5884 1206
18440 1261 511
12165 11751 363
10211 14845 228
17106 9013 363
15191 17111 262
17396 6524 1111
15346 19787 1206
1411 16847 363
495 4682 1206
17081 17870 228
7574 3923 511
10838 14301 363
1833 18878 363
17870 17081 1206
1602 9892 228
9149 4094 228
2531 12821 228
17543 18971 228
11591 12467 363
14068 8581 668
18338 17314 228
8275 775 1111
9646 7787 1206
17773 9841 228
12279 9268 1206
11671 10411 363
13526 16336 68
9624 19212 228
7364 3509 420
10369 7646 387
19802 5980 363
520 6616 363
600 12644 1057
16422 5612 363
5322 7073 668
18299 11928 228
373 6897 228
17338 6541 363
9268 5423 363
15364 14329 457
2978 6897 511
90 6973 228
17642 12271 1206
970 16011 798
11629 423 1206
17477 13357 176
1421 17635 363
10111 5412 228
5220 18347 511
14164 13907 293
3496 13060 228
10197 5529 1206
13389 6846 363
6463 18472 363
17112 3128 502
3819 10592 228
628 19332 1206
18421 17662 363
15640 15622 363
3625 6706 303
3338 2522 363
14094 8158 228
1139 5205 363
7536 4693 403
11249 17199 420
4077 14996 1206
7003 19871 258
9951 7805 363
6805 7852 15
9034 4282 511
11183 3525 228
17932 8060 457
13550 980 1206
19535 8025 228
6722 18963 511
15869 11993 228
13057 11734 668
723 11429 552
11096 3958 511
477 16896 675
19806 4114 363
17751 6903 511
14029 17557 228
9268 5423 511
533 641 798
16893 17441 256
9498 18005 1206
15052 16568 668
6962 17270 228
3157 3589 228
11202 10168 228
9757 7130 69
7787 9646 228
2783 10250 363
8038 11924 1206
2381 8582 1206
15015 18143 363
9193 16715 228
16170 4904 357
19096 5199 303
16635 17327 772
13337 14071 228
7097 13608 228
19567 12906 363
5566 17953 420
5418 19054 228
1604 7207 228
15777 13742 1206
11642 7097 228
16441 3947 813
3833 7272 228
13586 11194 363
13917 17213 511
9904 9467 613
3410 17550 303
14423 18042 931
2515 15236 228
3676 7137 1206
1591 18878 228
2244 563 457
16559 19956 168
8707 16711 668
19160 12230 808
7877 10790 357
15083 6372 976
17440 6186 511
18650 6619 1206
17473 6338 457
7133 4898 511
19768 15957 1206
14557 17920 363
5832 8140 228
5930 11194 363
10173 15461 228
10931 14440 228
10949 4360 1206
10254 9638 363
4317 488 363
9700 3936 427
10364 11376 1206
11097 4109 186
12977 11807 1022
15058 11873 228
6521 9370 427
17574 12636 1206
17786 16683 363
15454 14922 1206
9927 13391 1115
4044 1408 363
3514 18463 363
16053 11975 668
12987 17773 1206
4451 7854 363
7316 4465 1206
495 8139 511
2258 15760 552
13747 16393 363
8176 18202 1000
1174 17209 931
1986 2924 228
17920 14557 228
19389 19856 228
17809 3440 228
3889 4216 798
13832 17656 363
17680 3424 214
10377 5118 511
8113 8223 363
16492 18345 228
11440 6925 228
5098 19350 1206
19961 18503 500
356 10595 1206
17187 17608 457
6264 19343 363
6594 12937 363
7694 81 1206
16996 9023 421
1107 1423 1115
10056 5438 931
17494 7389 363
5459 18836 363
18336 8453 228
6167 12249 511
1424 16234 1206
19554 12226 363
12249 6167 363
7535 6182 798
10737 14241 1206
13608 7183 363
8202 11553 363
620 14854 427
8176 13627 1000
6479 9195 511
11191 7620 228
7610 3928 457
17674 10232 228
16869 10838 772
6904 4435 363
3565 7983 511
14846 19273 363
11749 17315 1115
7272 5728 228
9036 16363 228
13832 3891 558
16223 7800 511
1326 1480 467
3257 1737 1206
95 12683 363
4576 12738 1073
12773 17569 363
7647 11898 511
2253 9630 435
2411 5996 511
12835 1317 1206
13341 3510 357
6094 13000 457
10265 18218 511
42 8512 228
13933 11607 228
4976 12352 558
8629 8788 363
12003 11035 363
637 8050 1206
9927 8458 1115
3462 8962 633
17139 16278 558
9757 16735 813
4773 19414 511
5970 1000 668
11515 1312 511
13105 10362 675
9607 8681 228
9599 14164 228
1243 12544 363
16411 3938 168
13457 15044 228
19724 8314 228
431 9792 363
9927 19529 1115
7655 13438 1206
3298 8002 228
12423 5401 363
17712 6446 363
16387 268 228
10379 3259 1206
3214 12249 511
19940 9233 65
3625 19469 976
3371 1328 1057
11427 11960 363
7566 9009 363
678 10880 560
12724 5074 363
16040 10702 457
17063 1776 1206
1151 13438 511
13253 1737 511
4197 4158 363
16338 14465 363
14093 71 998
5588 16936 558
4289 13316 228
4674 8628 57
10790 13341 357
2085 5580 363
17390 17513 54
3169 12121 1206
9394 18103 1073
11269 9837 363
6559 12988 1206
12805 17008 457
3214 1523 511
5170 5867 457
18228 5601 228
1089 1390 342
18526 17488 1206
12484 8326 1094
12736 3005 1206
12292 951 1206
3544 11603 511
16557 8093 228
18120 17159 772
13550 13383 1206
16687 18742 1206
8611 10591 363
5767 9646 1206
5141 16874 1206
16585 12699 1206
1235 13250 511
11674 5553 457
12132 13393 552
1776 6473 228
5673 2897 1206
250 15761 228
19106 10377 511
3333 18045 228
17310 18727 363
5483 10282 228
6828 4755 748
6009 4964 500
6152 12175 363
9876 10711 1206
15277 18712 427
19152 625 147
9959 5654 813
2910 16992 228
1495 5529 511
8254 1634 363
5563 17232 1206
10068 13194 228
17477 16591 176
6446 15785 228
3928 13531 668
14887 7263 363
18029 12738 1206
6797 6840 511
10319 19900 363
9744 19567 228
8309 17649 57
8135 2975 228
19143 5696 363
8000 18365 363
3208 17428 511
9394 19743 228
2978 5308 363
18493 9962 228
7662 11561 668
2301 16700 22
13137 3471 467
12093 4697 675
14215 17848 228
18994 11356 403
9674 18702 228
10025 1288 511
13395 10842 228
691 3998 363
7522 7954 558
19743 9394 363
2696 17773 1206
5735 11486 228
19727 899 511
18602 8313 228
2475 2843 363
6533 2849 772
2910 49 511
12012 1887 228
9215 14922 511
7586 4425 1006
10944 14798 511
14992 14444 511
2494 13794 668
19398 9769 228
18474 18474 552
6284 12819 65
14478 15445 511
972 13542 363
7095 13870 363
4955 8038 1206
15125 2217 214
13982 18931 228
19332 10046 1206
15229 18616 363
2315 2226 228
5895 13742 363
8836 4188 558
12413 1109 1206
1268 13647 363
5702 7023 228
636 8324 363
10314 5526 457
7090 11878 228
7745 17323 511
18414 13787 457
13251 9784 228
621 3023 511
2353 3316 363
18076 5895 363
11748 11813 363
1950 6260 511
6867 19574 1057
15154 15169 813
6373 980 511
17549 5586 931
17036 8459 228
8699 2075 363
3076 13352 1051
16559 16559 228
7307 12490 427
19527 135 1206
10145 8686 811
16352 1917 813
5123 14365 1206
19487 9858 558
14916 8172 363
210 18045 228
12853 4536 511
7776 10519 363
15609 17085 228
14826 11469 1206
9927 12866 1115
5205 11349 363
1776 6897 1206
15008 16300 354
13741 3792 668
8707 1834 668
10168 11058 511
7371 13377 228
1519 18258 511
431 8430 228
4235 10090 931
2642 3928 457
11185 14736 363
6252 18771 1206
12876 13255 1206
1432 18532 1206
2857 17567 813
15882 8187 363
6531 4562 65
14947 16397 1206
7679 4932 228
17995 15269 552
9876 13421 363
16159 1590 363
10929 19376 228
16553 919 357
1580 8216 363
12438 16307 1126
18733 1960 363
1031 4656 675
4 14631 511
11955 9449 363
7652 17513 37
970 17649 798
3998 19714 363
12642 6712 813
16040 16396 457
13411 905 65
14413 6908 73
6168 12613 363
11580 4290 1206
12815 3721 1206
19077 1695 363
9251 2411 511
18608 6534 363
7845 1931 228
7719 34 228
5557 2412 1115
467 17028 363
17971 9251 1206
9981 3892 363
15454 14922 363
13534 8342 228
9985 16875 363
13307 10182 363
7598 5421 363
9186 12783 161
9756 12336 1206
3583 7769 363
7548 19806 363
19577 1552 363
13982 6853 363
8379 4997 228
11854 5473 667
11073 10920 363
18590 2520 306
3363 7023 168
10660 10265 228
3833 3945 228
13369 4395 457
2905 8628 306
7845 15013 228
12319 2715 1206
12906 19567 511
308 1055 228
13079 19943 363
7768 5211 511
19102 19132 992
8367 10749 228
3994 7228 228
17461 9413 771
970 1880 511
11454 17232 228
13276 4111 1206
9347 8997 228
17609 6722 228
17734 12583 1206
6722 17609 1206
17994 3683 363
16942 15314 1206
9850 17039 511
10389 10649 1206
18134 5902 228
10086 17000 511
5999 3999 228
14501 3235 511
1124 7650 1206
15767 12773 228
3830 842 363
1439 5419 363
5112 17206 161
2924 1986 363
1523 16076 1206
2910 10760 1206
9260 13559 511
2452 5832 228
7162 1561 228
11469 7237 511
