1691
5123 15391 479
15509 19579 1009
14733 18755 506
17623 13416 538
9580 10029 60
6242 378 103
19143 16372 599
11819 11611 623
1188 211 1009
15810 16289 828
14258 10839 60
13049 1304 479
1503 8048 167
1374 2924 1204
18315 7136 274
4906 14431 728
1302 1777 1009
15445 15623 567
706 15998 738
5175 5176 203
19832 11241 479
18553 11882 1158
5089 19026 599
401 10565 590
10232 18632 1009
9502 15884 205
3783 1170 180
3738 16777 479
18180 7406 1009
1541 15352 1125
7401 18414 600
5167 6782 675
1879 18600 592
13830 743 599
2118 12671 538
15654 8311 1125
11232 7051 734
18548 6851 590
17125 14537 883
16787 6415 687
7213 10162 1032
8576 5262 1009
2366 14638 940
8907 968 760
4481 8305 205
3101 492 1009
13705 6417 1009
15069 16970 1124
6057 15270 205
8878 18845 599
4039 7615 860
8123 10489 599
14745 13015 538
12574 10098 479
8492 3185 940
19167 5355 1104
19382 3728 155
15917 14626 205
3404 2950 1009
4111 7938 940
14593 2706 475
10256 14044 1032
19887 15092 599
18762 17280 538
3349 12580 676
11912 19188 1125
2024 9144 940
4110 12627 590
5746 10710 1066
8103 19412 32
6596 12387 998
13613 16678 1009
1595 743 239
4128 6652 538
15290 6851 1104
14299 12774 538
4025 13157 1009
8015 15811 538
17663 19516 683
13160 19026 599
13385 7613 599
3705 3813 680
5650 2969 675
1561 9894 599
18758 4262 251
1640 2513 131
3845 6851 1104
4191 5437 538
9648 2924 1204
12530 5100 1009
11373 12578 205
8311 18277 1125
12803 19058 772
11364 12476 1009
12076 11838 410
17950 9639 708
17385 1597 599
17937 18342 1009
5969 5426 88
11379 9653 940
12563 895 1009
8079 12244 1104
6962 18845 599
15490 14537 883
6918 18730 599
15704 4642 1009
8277 19026 599
18227 13381 357
11760 5464 927
14931 7303 205
11215 3132 205
15648 550 538
1859 9201 1009
5065 19508 1032
13754 4663 728
11067 4586 479
13575 4611 599
7206 15391 191
14279 955 1009
13110 1170 262
15347 13398 599
13827 13049 1125
2373 17857 410
4576 442 1104
19770 15416 155
11525 18414 600
4559 4998 60
9871 18845 599
2143 11044 1009
9140 502 1009
14138 7004 405
18075 14537 883
8627 8689 1009
14919 15449 538
19234 16247 1009
14425 6851 590
11523 7305 738
9706 1802 205
18653 10477 811
12974 1304 479
18765 13348 1009
9247 2468 336
4609 18755 506
16545 7849 591
7922 16504 623
4721 18155 599
17012 17278 538
12057 8281 274
9635 17982 738
16945 11168 728
17701 19874 411
19783 2138 1009
4335 18974 599
19734 6107 680
16714 13690 567
18928 10248 1032
3766 4981 88
5267 6336 687
6545 273 405
737 16693 479
18512 18755 506
16345 3209 940
2183 12351 728
19047 5437 538
1893 15948 479
19684 4493 599
17514 18730 599
35 118 205
45 160 60
8266 706 599
16335 15806 687
3134 17787 1009
12666 14317 1096
4122 12065 599
11992 19742 599
16347 9564 590
1678 9589 599
2970 8207 869
10534 8337 600
2223 2052 623
8431 11168 728
13774 15267 1029
11913 7689 479
286 10759 205
4477 18755 506
13160 16970 590
2489 14214 1009
19054 10438 940
3305 13416 538
3708 1170 262
3163 13451 680
16079 5595 599
13221 13381 357
385 13153 947
17950 12281 591
7890 486 563
4696 4203 676
17668 4086 599
14675 2028 538
4316 2988 274
15569 8218 599
307 8620 538
17767 9081 588
12897 6047 205
14664 14222 680
1203 11882 1158
6286 13381 357
12145 14114 600
2751 16464 1009
3129 18742 1009
8325 19372 1009
2102 5881 205
15900 7617 623
3046 6542 680
18950 8865 1009
18051 7685 1206
13509 3586 1009
12952 18728 940
8884 10103 239
79 17932 205
11319 19874 315
2444 11731 369
13080 14951 599
1936 3864 1009
9149 2675 405
13203 3653 940
16421 10076 1009
17538 8620 538
16947 6115 1009
1204 18620 1125
14946 19230 680
4803 9618 600
2442 9264 479
1779 1700 940
14493 9214 567
11432 11352 88
18876 10084 588
6979 2331 590
4917 4831 599
13495 19742 239
15110 6851 1104
18912 18845 599
5833 3392 1009
4433 9589 599
10071 2331 708
15805 18845 599
14756 14080 897
6372 16970 590
13333 11467 1104
12901 10803 599
7518 14293 205
4664 5879 940
13998 15681 205
10570 2423 728
2360 15806 687
3822 17756 599
5079 14104 1009
3181 14881 1032
5020 1787 538
9638 5830 1009
5650 6010 591
2832 16168 940
5570 10245 20
12974 9233 1125
19675 11249 1009
18787 6851 590
14204 8674 680
7642 18755 506
14442 19516 1094
11823 5050 205
14145 9681 1133
848 18755 506
6758 14211 205
11402 17521 738
14729 8236 599
19947 10084 588
2786 5984 538
12635 18845 599
11884 8801 940
6722 19538 644
12158 16970 590
6770 14293 205
9719 16970 1056
2117 11838 410
10436 7387 590
9418 19874 306
19121 9557 479
1639 6952 205
497 14158 1032
5557 5984 538
6320 2924 1204
2974 14880 205
2785 13888 410
15750 1152 479
11189 6524 1104
11706 18722 1032
3102 17 1180
16887 13262 1009
19416 6652 538
10765 5455 1104
12493 7046 940
17859 521 590
9075 11383 599
18653 2528 897
10528 968 760
10348 2138 1009
13692 11733 205
11592 6749 1125
4169 8324 1104
15386 11838 410
14467 10313 552
7152 3521 538
5727 18845 599
8853 1915 591
16551 739 479
2321 19481 205
11745 13153 167
17505 9074 1125
3464 17858 479
9438 13157 1009
12767 3968 1204
5381 14460 599
16704 11189 927
17182 1901 680
10583 14352 738
8732 17134 940
1275 9264 1019
11441 2081 357
13145 3802 738
10923 18562 728
5570 19874 315
269 9594 599
5114 6850 274
18902 19229 180
9576 14398 315
6519 11316 60
6138 15861 1009
8285 15092 599
19559 16562 205
8185 12862 1002
12321 15819 563
17560 2513 131
9941 13060 155
17014 15778 1125
18704 8187 1032
4229 1289 262
3712 1170 262
4213 13077 1104
7907 19874 315
2099 7446 1009
18553 13416 927
15044 14398 315
11313 15948 479
4536 3623 1124
3394 3845 538
4913 12324 1009
6705 13381 357
8379 15506 1009
19315 12845 1009
16560 4839 1009
419 875 940
4658 15470 1104
11019 7324 680
4893 17685 940
18711 4427 205
14106 12969 1009
7229 2064 1009
13202 13541 680
8510 19026 599
1173 13262 1009
3606 676 552
4716 6851 590
5295 10761 1009
2941 16109 205
16339 17976 239
17252 1735 644
14258 17776 155
6106 10998 1104
15351 10718 623
16768 17832 728
14374 19874 306
13491 16721 205
16125 12766 940
2198 18999 599
16508 831 205
16717 15552 410
6614 13800 599
193 7820 1032
2112 11402 565
18491 18444 274
3379 11882 1158
10964 407 1125
10680 19874 315
380 12556 772
16202 182 1104
7844 4925 728
5390 2355 940
9046 18755 506
10007 7862 623
8461 10152 680
7442 4086 599
14204 19026 599
2003 6851 160
15151 1621 315
16732 19742 599
1 11467 1104
16792 12826 1009
6042 4749 1009
7162 8053 599
661 14114 600
4197 7765 1104
4982 16995 599
9390 14104 251
4808 6851 1104
1344 5437 538
6533 11838 410
11171 12175 1125
8955 18569 1125
16063 2331 590
2506 14150 947
5328 14436 1009
711 19874 315
11850 6047 205
17336 16693 479
3882 14732 1009
6733 18845 599
12677 8283 599
8242 13451 680
5457 16578 369
12774 10084 1158
7322 15674 623
3993 14506 1009
6293 14716 1009
6980 15506 1009
15017 6185 205
9265 17455 479
15057 7613 599
6971 7974 297
17612 2298 205
11064 2296 548
4476 7303 205
5684 6910 599
7587 12862 1002
15004 15869 1124
12919 16970 590
3435 19090 1032
14742 914 1032
8164 10404 590
7457 13822 538
16998 17475 274
4322 895 1009
14364 11949 538
11903 14104 1009
3597 19751 274
18654 118 205
3040 4805 180
2426 2331 590
14956 1693 262
7150 19287 883
13626 3908 1002
7384 3219 674
18902 1678 1022
18044 4155 1125
3998 5950 883
11042 1616 369
8858 2513 131
1176 6047 205
8728 3160 124
4325 5426 552
16335 2360 1125
6399 10720 599
16725 1304 479
11217 5843 1125
8653 14657 1094
13892 7853 1009
1959 6910 1096
12788 17515 940
19409 2924 1204
18189 7605 205
15883 2960 246
19029 7045 1009
11862 2696 1009
15686 11882 1158
225 2004 205
1651 2138 1009
915 1304 479
17189 14295 297
3523 11582 728
16451 2927 318
3862 14114 600
14650 8577 1125
4287 13475 1167
14955 19264 599
17852 16416 274
17489 13381 357
14265 14431 728
18135 19129 205
7846 15948 479
8619 14317 1096
8359 19121 274
10394 19007 676
3591 17847 1125
7402 11537 1009
16298 13430 728
8201 6851 590
12004 7201 687
18962 19354 634
5157 6299 674
1741 4235 590
3696 18845 599
9094 6913 203
13294 19874 315
10758 5595 599
9551 11882 1158
19781 1787 538
13565 4586 479
11076 15452 205
14636 1152 180
8305 2921 772
3332 968 760
5229 932 599
7495 3102 680
14907 16380 1206
19451 7694 729
3513 13912 205
8257 11293 1009
9058 18852 883
4856 17917 940
5580 9082 599
2287 16903 205
18768 8004 479
13713 14104 1009
5429 19264 599
3723 16970 590
3025 4069 676
7916 15125 315
4557 15568 1094
11063 2841 1125
18442 19341 538
17491 19897 623
13152 16070 623
5129 16970 1104
16722 19742 599
11080 14398 315
18645 10351 599
17301 935 732
11874 13262 1009
16840 4892 538
2611 3813 680
661 3862 356
6916 19742 599
16995 1170 262
16315 16970 1124
11506 1529 538
7182 8150 599
12789 18587 1125
18508 10745 1032
8004 16863 1104
14038 18063 1009
10793 13888 410
11834 8218 599
4296 114 940
15986 4427 205
19538 10575 729
5967 13739 676
2607 18956 1009
3486 6602 1009
2049 9639 1104
3731 6531 274
3223 5139 940
3354 521 590
10726 14398 315
8127 6218 538
4730 19580 155
17255 2513 131
2252 19516 683
1731 16046 1125
13295 8620 538
4847 14526 205
14820 2513 131
3265 7613 599
4091 15925 1009
3693 12299 1125
5666 19804 599
2316 16328 552
16223 2088 155
11684 3729 1032
17848 6820 1009
4496 6748 680
4132 19835 90
5938 3718 270
91 10954 167
19270 18845 599
13426 11882 588
5031 11241 479
13334 6047 205
3798 18112 155
2332 3132 205
11958 6550 205
18756 3019 772
14425 9886 599
3036 4127 405
7207 7656 623
16511 9408 1009
12169 9763 205
9588 2716 205
3740 17420 940
19837 18459 880
14196 5746 1066
11592 16551 274
13116 10024 728
1475 11310 479
9339 11402 565
11466 12244 1104
8853 8787 297
4565 6047 205
11927 14442 1029
516 9408 1009
12428 14794 205
5489 17812 479
14883 9886 599
7940 14046 447
19839 1840 1009
16500 13452 205
14625 6625 1009
9160 5058 239
1710 13674 538
108 13375 205
11218 6652 538
13065 19341 538
9432 6036 1032
16396 2458 1204
6855 19026 599
10083 8955 1125
14979 6141 1009
6408 7765 590
2357 1170 738
2008 5760 274
10795 7928 205
3393 11838 410
19363 15710 1009
3561 13381 357
13320 6602 1009
10202 9908 1032
3279 18845 599
8219 10072 274
2844 7440 274
15923 5760 274
6446 1304 479
4923 9700 1056
13761 9639 1104
13219 15712 728
4559 7793 951
11005 2405 1032
7552 18769 1009
2703 6310 155
5294 4763 1125
8043 11376 1009
3969 12969 1009
9599 12743 103
15449 1446 1104
3413 15276 599
17046 521 590
8603 2002 151
15221 10024 728
4033 3908 1002
5261 17554 369
8803 13690 567
19958 642 1032
341 18845 599
577 13000 599
5630 19202 1033
13943 15141 205
3354 7613 599
3676 18845 599
4539 995 599
8930 18999 599
15723 5595 599
3289 11838 410
1154 10862 591
402 5851 180
18881 19026 599
18596 11038 1125
4690 3845 538
18101 17891 940
19821 13963 1104
4476 5046 883
7754 2716 205
19324 15028 1009
12003 11949 538
12250 8718 1125
369 12076 940
9607 16202 479
13516 10141 405
11879 3049 1125
6916 12673 205
2979 11882 1158
5341 12043 947
17029 1529 538
6576 12476 1009
3280 10972 538
1734 18063 1009
7961 18755 506
4549 7085 205
2725 10683 269
6524 15998 60
7821 18063 1009
16239 6625 1009
18831 14330 274
2566 2942 538
12877 1589 1009
7352 2924 1204
13139 6415 687
8299 14537 883
2784 19742 599
14144 13381 357
2581 17891 940
11989 9605 1009
5889 12476 1009
6493 4637 599
4713 3750 1003
7825 6851 590
8003 13381 357
5205 18513 538
10121 8362 940
8895 1529 538
11038 7995 1125
14801 14398 315
2910 3379 538
3206 5058 239
9902 6007 88
14965 7203 538
17091 1304 479
5200 14431 728
13613 1744 940
11894 995 599
6375 12550 940
13598 11133 538
19278 17979 405
988 18845 599
91 13153 947
2618 7037 538
7720 8581 1009
7439 12351 728
16453 19197 940
5317 10502 151
9077 17796 599
1804 15921 728
9437 2724 1204
16656 13357 940
11068 14133 205
11635 2289 1009
16522 17336 1125
1645 13378 274
14245 13262 1009
14352 10583 599
9587 9111 565
9382 17207 1009
5193 8255 205
16689 4991 927
10140 11241 479
3263 4808 205
19171 2351 1009
4440 13381 357
2296 2266 60
1802 9558 680
11014 2266 738
14575 8519 940
3297 7955 1032
14925 18891 599
14948 5437 538
16112 17011 479
12009 6319 644
6971 18105 591
15213 19026 599
13255 18561 205
8339 18845 599
842 13517 1009
12350 13618 1100
16203 895 1009
13129 11402 599
9346 19200 1002
4937 18513 538
11843 957 1124
15417 6141 1009
2538 16138 979
11540 18878 634
15391 521 1104
18750 6914 599
10655 1170 180
12548 11838 410
2553 19314 274
11778 17536 1009
1884 12666 599
16135 19026 599
15492 17832 728
6392 972 680
17950 3742 297
3144 8337 600
4294 6652 538
3241 16434 634
19329 4316 230
3941 14994 1009
5195 3044 940
293 5760 274
1828 17521 644
2011 14222 734
291 11838 410
17602 15522 600
11427 19105 205
19619 7121 883
5074 4706 274
298 16970 1104
18810 13262 1009
270 11838 410
18376 19579 1009
11068 8218 599
18044 6098 274
850 14920 940
10687 16138 979
8164 6047 205
17747 13310 1009
3675 8354 588
18730 2518 180
4051 8139 205
8143 4916 1009
9883 3237 940
18653 5184 405
13311 16987 590
3911 16684 634
16255 7615 860
13021 15092 599
4289 16328 552
12977 19155 728
4861 2217 811
19216 16101 552
14611 6047 205
9141 11838 410
282 6047 205
5567 7799 205
17831 9975 599
1153 19529 410
2522 10258 239
727 7587 599
11869 6748 680
11809 11467 1104
17371 17673 538
19458 15690 155
5962 12820 1032
13032 19263 1009
2409 19216 1194
10588 7325 623
3509 12646 940
6000 8236 599
11444 17996 927
11309 14589 623
8250 5984 538
11149 4610 274
14414 14118 274
11992 14725 475
2898 6270 940
2484 17685 940
9287 6851 590
11165 19897 155
11673 8863 479
17379 18564 1096
15750 5046 883
2791 1170 180
5471 15710 1009
18444 17455 479
15008 8542 205
10634 4277 1096
14906 13262 1009
15195 2927 567
16984 7814 180
11512 2660 1125
15998 8704 599
3510 11402 239
18242 2927 318
3020 19832 1125
9937 9589 599
12568 17455 479
2846 10404 553
13445 11086 1009
11823 15814 599
3727 19026 599
274 10149 348
17564 5396 1009
17252 18498 1124
2219 17982 738
16945 1529 538
9945 527 538
4090 17481 1002
8747 8558 728
2868 7799 205
17114 9739 599
19628 16970 1104
15688 8495 270
17730 17192 274
6057 13000 599
18115 968 0
6897 12613 567
7272 15471 1125
2164 13968 623
5076 10765 479
2162 4318 239
4307 1283 1007
7039 4307 728
2744 9745 811
5911 11582 728
15721 18332 205
19012 18800 599
3121 19783 1032
5133 11838 410
13667 16970 1104
7937 14431 728
6070 11838 410
10026 16247 1009
2820 11882 588
9763 3813 680
1550 11189 538
8119 15634 451
13910 19874 411
15776 19762 151
19735 11124 1032
1828 19129 205
15015 3571 205
1233 4318 239
15752 19874 306
17761 19026 599
2139 11838 410
18199 3379 538
1539 13015 538
12562 3260 1032
6270 895 1009
13826 5685 472
7391 6206 274
3289 8689 1204
7250 521 590
3435 2138 1009
10235 19341 538
1 300 1094
17373 11247 738
14481 15298 634
10048 2921 772
7646 6909 1009
16091 7034 552
15330 16204 274
8962 7282 940
18462 6614 60
6833 14237 205
4148 19742 239
3192 7051 734
17017 10424 538
5109 12514 475
10593 18375 205
13661 12774 538
11043 19026 599
7222 16970 1104
11161 19451 644
17255 2639 1032
19802 2954 623
15289 9408 1009
7859 16970 1104
145 8842 239
19051 13822 538
19896 9692 1029
14756 9337 20
4494 10063 1104
4173 614 883
2627 10972 538
441 1591 538
9474 5744 548
11656 19779 738
16482 3885 1104
3237 12363 1009
11405 9164 947
6893 2757 548
332 6623 1002
7885 1840 1009
7595 6698 205
16503 13262 1009
16937 13381 357
13928 1529 538
7311 11838 410
7553 16970 1104
6809 8238 1125
2875 6652 538
4683 6047 205
7506 307 592
6719 6851 1104
14887 16408 270
17351 2138 1009
1085 15426 205
2977 4586 479
15716 19341 538
13390 9914 274
7305 17321 599
6654 10703 205
5016 11108 590
5891 15141 205
10196 18845 599
6047 9884 1003
16740 895 1009
6078 9231 1032
11094 6005 687
18016 4737 1158
7653 3737 940
14431 1283 1007
12633 12327 274
12415 19026 599
10947 13959 1009
4476 10992 599
9049 14133 205
9738 13703 687
2685 5480 1009
4169 10275 1104
4831 5217 519
16704 6524 1104
7408 4559 548
6 5830 1009
12179 19742 599
9525 16970 1104
12799 8305 205
18126 15015 90
11306 18845 599
4517 15391 479
11014 1170 262
14062 1304 479
9816 9081 588
18928 10076 1009
11253 18064 538
8559 2423 728
19314 17858 479
568 14114 600
5101 18318 623
15089 19372 1009
7775 15320 623
3276 9275 274
16749 2924 1204
1763 11949 538
642 2138 1009
12764 11882 588
17940 4852 599
4816 9915 738
1709 1275 479
15952 15422 1032
5553 18845 599
15242 9650 1125
6902 19197 940
13847 8620 538
12151 17473 1009
332 11781 180
10450 11350 205
4183 5961 883
11670 5649 1125
12050 16970 1104
13771 2001 623
6213 17796 599
12718 8704 599
3162 505 1094
19719 13236 1125
18372 8894 274
5715 7615 860
990 13525 1009
2927 3112 980
647 8150 599
16071 5502 274
12212 17334 599
11203 7203 107
6000 288 599
10394 4648 405
11248 10258 599
16659 19742 599
13309 895 1009
16653 1950 599
16952 8346 644
5659 12075 518
11383 19200 1002
4084 5961 979
11486 19488 1009
3822 6047 205
15873 14626 205
7409 17344 538
2648 8652 205
11636 1787 538
14958 10489 599
14905 18845 599
3944 16970 590
5118 7037 538
16707 15515 1125
9024 9164 947
959 19601 1125
18372 5566 1125
9261 7447 828
12600 8218 599
11969 4318 599
5622 14104 1009
5462 2092 599
14771 18999 599
5047 7325 623
15880 16970 1104
11951 2513 131
16768 1529 538
8601 130 680
19620 995 599
12892 2927 567
3431 12373 205
5537 3703 623
11533 3289 1032
13591 6356 591
8060 16703 552
5851 402 599
12677 5953 451
8021 5426 552
19566 12623 940
6682 16178 274
5049 9515 599
17555 19516 683
4965 2513 131
18616 14046 447
13459 19742 239
19928 19196 599
2716 16970 1104
13973 17492 940
15698 6047 205
5429 14089 599
7181 12043 947
9380 746 811
3705 18845 599
18165 2372 88
13678 13513 410
9250 10566 205
6395 2908 60
11898 1511 274
7484 2950 1009
18558 12065 599
14099 15552 410
7414 7765 1104
11843 5946 590
2210 4013 274
8185 1170 180
9723 11292 676
16887 7064 1009
3843 3471 1125
19186 7685 1206
9317 7288 940
10334 18845 599
9314 614 883
1233 7051 734
14543 11882 1158
465 1851 205
15985 17740 205
8528 17473 1009
4972 11523 599
18374 6293 940
12803 6176 680
9908 4749 1009
19521 13129 591
18602 47 167
15943 19390 205
4789 2924 1204
10203 12034 623
17067 13381 357
4720 288 599
19808 4751 708
14658 19026 599
4625 3606 88
13416 11882 1158
5250 5818 623
9952 5529 1032
11840 11523 599
1557 11049 599
13889 5297 1009
11317 11667 1009
8630 4277 1096
4479 15806 687
2413 14920 1032
15877 7406 1009
13815 6469 518
16163 11838 410
787 11402 565
15047 11882 588
11715 3623 1124
11753 19874 315
14733 19742 239
5085 11211 680
7631 11352 88
17142 16970 590
17244 13822 538
15447 4737 588
1125 17969 940
13021 2706 475
19249 14104 1009
12512 11578 1009
16161 19516 683
18952 2204 205
6191 18366 940
5889 11364 940
5007 462 205
16466 16935 674
1280 16970 590
14208 18974 599
19768 3187 180
16588 17688 738
15724 11967 239
12020 5798 940
11717 17548 88
19278 4911 897
8247 19637 738
745 9894 599
11927 14398 315
480 16588 599
2883 6417 1009
11270 16186 205
10591 3813 623
18922 3429 940
12128 19874 128
3258 14793 1125
10155 11144 590
10322 14268 599
14984 11838 410
2876 11467 1104
8269 10313 552
3540 16970 1104
7639 4155 1125
16942 17762 479
13839 17105 940
16854 9975 599
12819 16812 274
9738 5304 1125
2572 9894 599
12576 2513 131
16968 18914 1009
11091 19264 599
10611 2675 20
1902 17670 1032
12007 1737 297
16677 3586 1009
3485 3132 205
13199 14537 883
7146 3392 1009
15093 13565 1125
13421 15141 205
15144 5176 1009
19524 5865 940
18028 18258 1032
13510 7870 274
14611 3896 205
2733 2117 1032
3100 2004 205
10818 118 205
16248 18233 274
19282 5136 538
706 1170 180
5489 11038 1125
10921 11108 590
18575 2924 1204
19734 15068 205
10955 8157 1125
8201 9154 205
13603 1062 205
11491 15459 1032
1014 3908 1002
2043 337 1009
9643 896 205
11579 10084 588
2387 5083 274
8207 3160 124
9727 17670 1032
8798 683 728
9846 8218 599
14090 5961 883
8379 15009 940
16546 1529 538
3111 15092 239
7812 6176 680
9878 18845 599
7604 18470 623
13301 14447 599
3756 9616 205
17209 19026 599
10288 502 1009
5124 13725 592
16606 11872 1003
9501 6603 20
13333 18958 155
17552 1788 174
6500 4805 479
15119 3713 600
2360 14537 883
13245 15189 205
3754 19273 687
4485 7121 883
2539 12827 687
10441 14353 599
18920 14957 205
1945 18246 728
491 19026 599
11893 19748 1125
3580 4637 599
4469 6914 599
4911 968 760
15892 521 1104
3460 18429 1125
2611 19026 599
11524 14390 205
17044 13348 1009
8020 14133 205
11501 12244 712
16698 4086 599
8146 1529 538
8566 1691 479
13946 895 1009
13999 16121 297
13992 11496 1009
8891 8329 940
6827 11376 1009
3819 6634 860
17778 1787 927
10579 19058 772
12109 15575 680
5053 18755 506
10720 12862 1002
4704 9639 1104
6398 1660 1032
15715 12244 712
16328 505 1094
3996 16970 590
15696 968 760
14327 5659 538
17545 8863 479
10844 3392 1009
2871 2004 205
10133 521 590
15655 7793 951
13329 18448 274
14511 4277 1096
996 14957 205
14548 8652 205
2238 19026 599
5152 4375 644
19879 8219 1125
8688 502 1009
5622 3467 1032
10615 8290 623
12588 14537 883
11776 17278 538
13409 11241 479
1494 5108 1009
12249 10459 475
17171 2927 318
8444 13416 538
6199 2513 131
17999 13310 1009
8143 4871 940
11175 4677 205
19244 19579 1009
9607 3471 1125
19654 17247 1009
936 8236 599
11541 4852 599
17914 957 1104
19220 7613 599
9467 830 623
541 10024 728
8574 19874 306
5167 9151 297
15149 830 623
17392 16109 205
10748 11169 538
10818 12556 205
8576 9548 1009
10249 2513 131
15303 19874 315
1579 8593 205
19259 614 883
8426 5100 1009
7392 13674 538
2811 1170 262
9781 706 239
7030 7121 883
515 5274 1125
17670 14994 1009
118 3750 772
17808 3162 779
9900 3389 738
12928 10714 1009
9542 16238 674
11610 16970 1104
11441 5595 599
1767 17772 447
2461 14293 205
9549 2219 599
6969 8236 599
16150 6652 538
2750 15092 599
7391 17199 687
2231 5907 687
14111 17812 479
9004 13129 591
11903 17298 1032
5209 14436 1009
8211 502 1009
6858 11840 591
11287 19026 599
8779 4436 599
1587 19603 940
5063 12329 590
85 7085 205
1682 683 728
5584 6652 538
13136 7203 538
16810 7185 1009
10040 18564 1096
233 13262 1009
11228 17344 538
18575 11467 1104
12923 4586 479
17266 14348 599
19620 13467 599
19754 4586 479
7917 17996 927
10125 11211 680
13129 932 599
19495 16247 1009
8588 11310 479
16971 12065 599
14264 10076 1009
10218 4586 479
19573 2513 131
6567 17778 538
2507 19874 315
9387 10224 599
11453 1508 538
15553 12746 623
18023 13527 1009
3577 19874 128
1535 5588 1009
8627 2449 940
6524 1444 155
12256 17132 680
17973 12666 599
14091 15759 1009
12112 9197 20
11881 9558 680
10256 1589 1009
18636 3845 107
13926 16006 883
12745 13381 357
10898 9636 1009
15541 11886 1009
18999 19200 1002
19691 11362 315
3430 19874 315
503 17778 538
3813 8315 155
9304 10483 205
1457 13540 1009
4830 18414 600
6916 7085 205
9723 19874 315
12389 12526 599
5684 706 599
7966 7615 860
14769 1591 538
13552 7635 1125
18938 7020 205
15801 14994 1009
11967 1170 262
7167 18414 600
6334 6143 940
14891 5507 940
11035 5266 947
9392 17974 351
3044 13262 1009
13910 968 0
19363 14279 1032
19501 3160 9
5405 18845 599
11407 1170 644
10869 15964 1009
15375 9081 588
15177 11872 1003
12901 1501 205
17224 16075 538
6685 968 0
6686 7613 599
18706 16970 1104
4649 2138 1009
13064 2927 318
9829 10092 588
6394 19188 1125
8391 13650 687
11239 16970 1104
2727 7613 599
328 17521 738
14336 15862 205
10410 13262 1009
4657 2490 599
619 3698 205
14187 19874 306
11248 19990 205
6803 6851 590
18456 17772 447
11699 11259 1009
4751 3470 239
3280 17408 623
7663 19026 599
3123 13690 567
1716 3669 124
12631 9103 1032
4184 895 1009
10121 1589 1009
9992 5805 155
7916 11716 315
3357 362 599
7359 8683 1032
10228 3375 155
11371 211 1009
5994 10149 728
7288 11838 410
11649 4637 599
3669 17839 124
898 15276 599
7977 17812 191
5152 3160 124
18957 739 479
12350 11362 1100
10031 13779 1029
12049 19026 599
6193 19874 128
10618 16970 1104
14440 18345 940
9465 7587 599
499 7447 475
118 10580 680
10591 17120 623
19573 1589 1009
13673 328 239
1288 521 712
11181 2086 205
18409 196 708
15419 11200 538
1746 18974 599
12421 10404 590
1876 744 947
10707 17762 479
2973 10565 590
1604 14214 1009
10626 17100 205
15972 19742 239
5432 14237 205
4458 11200 538
946 6287 956
11458 1062 205
4111 2513 131
10757 10956 499
3118 15793 1009
11974 2696 1009
10459 18755 506
4450 10424 538
15269 17337 1194
5238 15710 1009
2301 14214 1009
18168 2468 599
7497 2919 306
4718 2141 1009
10801 17914 205
9531 2575 940
7444 10149 728
13993 11838 410
8054 11733 205
11402 14317 1096
14219 18512 475
9966 2383 538
10177 13302 538
16976 16751 591
3295 19529 410
7305 2811 599
12229 10314 274
12154 7011 683
13914 15595 410
11251 9636 1009
19491 13157 1009
2357 3627 1096
14170 11838 410
7002 6573 270
3211 2560 1009
19844 1950 599
11000 14141 1194
11171 19881 548
5914 16337 1032
5739 18536 155
14919 1446 623
3040 14944 1096
18053 15079 1001
4496 18039 599
17302 2924 1204
19955 14133 205
17231 18845 599
12747 11882 1158
14681 13822 538
18746 16970 1104
4493 14944 1096
7422 6555 940
457 17932 205
835 8185 599
15915 19874 315
19768 4318 581
13199 18075 1125
13589 17787 1009
2922 13381 357
5767 14049 205
18600 1787 538
18858 17778 538
18090 10255 205
15965 5752 623
11181 482 599
13277 19516 1094
2247 15449 538
8174 11882 588
11399 14716 1009
1684 5595 599
15583 932 599
2219 14317 1096
3044 11838 410
4806 18845 599
1117 10759 205
10150 13054 599
5289 2513 131
2971 15785 538
235 11578 1009
18502 9703 599
4155 13017 1125
13195 250 1009
10225 4165 940
7702 18755 506
17376 13348 1009
11068 13373 205
2844 9998 1125
16625 13066 940
4245 11213 297
13234 16715 205
15345 5822 1009
7749 14046 447
1343 1170 180
3616 14211 205
10601 5486 1009
16718 11200 538
68 18504 215
10680 2315 20
10401 19804 599
15048 9564 590
17882 10025 940
12601 11838 410
12509 968 0
9625 11446 274
4745 10313 88
14190 3162 88
8612 2098 940
13121 13079 599
5799 6851 590
5608 12684 940
14266 141 1009
566 5781 599
16995 2908 738
10066 17304 599
9022 15595 410
14259 15028 1009
10212 4254 67
15184 10565 590
19514 3586 1009
265 12663 1009
5390 3586 1009
5722 13348 1009
18620 16462 479
4535 10912 1009
17080 2513 131
4129 2513 131
15377 16563 131
17854 14046 447
11353 17834 1125
18404 11095 592
16485 19451 644
5901 7944 1125
15317 3760 1096
16054 2513 131
4861 19874 315
233 3044 940
6155 2950 1009
