3219
8052 1484 743
11977 6576 13
3159 14447 117
8044 13510 535
9312 13568 743
16931 1775 750
4831 8191 903
4537 3175 1032
10656 11336 13
713 3759 750
7891 5543 253
4004 8620 1153
5727 7813 25
10290 3752 903
9928 14480 750
590 18803 448
6585 4058 13
3249 14294 25
14136 18622 750
14094 1312 950
2335 3648 448
4079 15432 1032
6143 6844 880
15853 10758 13
3779 12122 750
8087 19468 448
13314 311 903
18055 2102 750
3141 19420 448
5158 13540 448
7286 4776 140
17802 4364 750
12859 14538 896
12016 3943 875
11348 7399 259
19422 9107 117
7436 19338 1030
11671 16321 25
16489 1629 746
8187 18630 746
18604 7174 1032
596 7813 25
2792 401 13
11618 15249 1074
18284 11996 189
8193 14531 903
7999 11391 189
1991 4085 743
14500 2623 1023
5970 15517 523
4228 16765 117
14468 1159 13
291 18081 743
15067 11328 140
1372 4220 13
10759 5524 117
15163 11710 750
10649 17161 1023
3140 15287 664
15240 11172 535
12447 2580 13
6769 7318 13
10809 9660 799
16582 19083 117
16916 229 743
15167 14899 1023
516 13699 253
8561 16604 903
19376 6200 794
16790 7684 96
12582 925 1032
9597 19123 535
2063 10758 1058
18734 10758 12
2177 19159 928
17462 1499 903
13961 17189 109
17306 5726 750
3917 2746 117
15676 19449 117
3149 17987 750
16877 8266 25
3666 17766 448
17429 6963 25
7486 5116 892
10008 1193 750
12579 18622 750
18976 13224 811
5008 2886 750
2336 16241 903
18376 8040 25
18197 16673 746
14268 15330 792
2926 17401 750
14209 19968 1032
11504 19016 253
816 18405 903
7733 19230 90
9968 8108 448
3811 2819 1153
14800 1579 750
5782 8988 1032
4705 8427 1043
8870 858 750
4130 6870 140
19651 4771 794
3754 8135 1032
17939 5329 1023
14012 17796 1032
18418 7497 1023
17978 14253 259
14360 4246 117
3267 11377 535
10110 19024 25
18405 14721 903
2131 9675 1030
3068 15224 1023
2646 9076 875
438 19158 896
3180 11585 1032
18009 5689 25
2609 9272 13
6709 17754 1030
5552 18336 1023
6458 927 746
17446 14551 750
14959 12278 159
13770 18773 1043
5794 6674 908
12971 10418 1023
2536 17238 25
11760 11112 535
13276 5956 750
17016 1831 13
7727 12415 448
16653 5726 750
9849 13626 90
2375 8434 1023
14190 10379 25
6052 5081 189
3042 4143 140
15945 14134 959
3155 3355 535
3465 2623 898
6102 227 743
11760 11538 535
22 15723 25
6119 19220 1032
219 4058 13
3082 16671 259
12069 9343 117
11200 1164 675
786 17512 794
17471 3695 1043
775 14570 750
11852 17901 330
5794 458 908
7067 15149 991
17926 6346 420
3689 19535 25
10297 19778 25
16304 14208 13
19719 6911 908
17179 9280 759
12904 1135 448
10800 5292 1023
14881 19444 371
6423 15564 13
13159 17052 448
16621 19389 117
867 7194 25
16480 18469 950
9527 18106 25
11312 1579 750
1120 14453 13
8358 14366 117
10830 19826 1032
19037 1159 13
10770 2685 928
5985 8266 25
6516 8929 448
12024 4220 189
7004 15056 189
6644 13868 535
11634 19285 554
7082 19442 379
6009 15375 1030
3396 18697 25
10155 14570 794
12453 3063 140
2495 14208 171
12975 5318 750
8116 2736 1032
8671 12948 750
13094 4489 117
16127 19137 1023
4717 2716 896
19783 14570 750
3419 13657 25
19968 16378 25
14637 15000 189
1036 5956 750
6052 4837 908
3489 7707 898
13730 19227 13
11778 10051 888
9187 858 750
13943 7642 25
11970 18750 908
3680 11547 750
4109 7957 1058
16180 311 903
7544 1193 750
15764 19633 117
12193 3934 518
13968 4854 117
4551 13052 140
2343 13287 1043
6435 10951 25
4722 2857 159
11630 14570 750
10289 17698 13
1929 18686 117
14147 11258 535
18939 4220 13
18534 12723 140
5283 5597 253
11116 16435 12
548 14768 117
1154 14043 903
9751 14611 1153
12544 19072 903
9611 12948 750
17478 2350 13
12866 13457 117
401 18687 1011
8914 8897 743
18018 18388 96
16481 5726 750
15050 18622 794
221 19915 1030
6378 1156 81
6699 14480 750
6631 13093 750
18503 8162 928
6695 16539 746
1435 19744 1023
15027 12524 25
9686 11244 330
12305 1193 750
10759 16979 117
5307 19978 523
19518 8869 189
17983 17752 1058
12812 13956 25
18763 18578 875
2627 15199 117
4756 8986 1030
12653 9334 259
19645 16278 13
344 2272 535
3753 10608 750
15498 4220 13
13014 0 13
11748 9116 13
8090 908 896
15727 1193 750
10439 14480 750
2387 17520 476
8412 16556 13
10032 4058 259
12012 14267 253
7339 5803 25
12503 16480 750
12172 6095 117
5388 19890 90
2263 11498 1030
12874 16731 13
5021 19495 626
753 13595 1153
4854 12916 1032
12010 11244 330
9459 3607 448
2366 17015 750
1400 10124 12
2871 2164 171
15398 4778 1023
19170 4472 159
8508 1135 765
18875 15576 448
6118 14570 750
3868 9627 1023
12567 17951 1032
15176 16556 13
16489 9894 13
17254 3524 189
12150 17956 1023
6543 1193 750
12784 4360 1030
15851 1092 259
6279 10157 1023
6204 17222 750
15692 733 535
11616 9052 518
9139 17747 1030
19654 12474 117
1300 6448 898
561 10651 13
12268 1193 750
13606 13938 448
19327 575 535
17559 9258 750
18286 525 1060
15494 16379 755
15566 8779 903
2509 15301 750
4047 10629 117
10397 18697 25
6795 1193 750
944 4220 12
9720 7082 379
13524 377 1058
1605 15723 25
287 6963 25
12903 626 13
13774 3097 750
18218 8583 1032
1611 14154 420
11830 11830 950
2585 687 750
2359 9334 13
1590 19423 96
16654 15723 25
5747 11797 1153
3283 19286 159
8136 925 1032
4342 7511 117
19629 4152 34
14659 19890 90
15322 13670 13
8343 4862 898
4307 10918 535
16301 851 448
9714 4058 13
2727 8040 25
344 15263 535
18977 6964 928
12521 19220 1032
10216 15167 1023
1541 961 117
16066 17770 25
1644 17351 13
14359 15218 1023
13915 11374 896
15995 2798 1023
9852 19930 903
3937 10651 13
7926 17899 448
8174 8266 25
8704 10651 13
1047 9751 1043
2573 15566 140
17179 15767 759
4581 2164 13
16211 14208 259
14985 14259 759
10113 17979 750
10697 6448 1032
1383 13941 253
2343 19681 1043
1016 6945 117
17006 5053 117
5094 9165 1074
11072 11753 896
10650 19796 759
12105 6783 90
549 16104 750
14359 13212 750
11074 15471 750
10743 14453 189
10098 7680 25
12244 4034 25
6829 10348 535
13917 2325 1074
18731 5415 117
946 1579 750
15939 4739 535
6727 10141 88
14940 14807 259
16814 2164 259
14777 8442 1030
9959 14480 750
16023 3097 750
574 17577 1074
15011 16435 189
18028 8629 959
10291 16873 34
2103 17659 259
1725 3381 117
14270 2452 81
19738 3335 117
10366 1731 448
4797 5359 117
8375 4249 448
1579 17000 794
13553 13890 283
15024 14804 117
19226 18469 750
17080 2466 898
7551 2431 259
1093 5929 13
2006 19741 25
1618 18304 448
9312 18157 535
5712 1061 898
12043 15301 750
6280 5850 117
18919 7297 1030
9657 9669 1126
7108 19658 896
15059 6683 743
1986 4502 1153
14915 16254 25
14366 8682 25
3872 1993 1032
14311 5086 1043
1256 3826 117
719 19727 349
3562 2209 824
9241 3090 765
3055 19774 750
2153 13009 259
3411 13670 1058
3789 13594 903
14720 16510 25
6732 13966 448
6807 880 117
14763 12525 908
16964 5262 950
109 11737 253
16798 11116 1032
5030 15702 750
15393 14807 13
15497 19051 908
5601 18691 259
4300 11458 1032
19899 7061 535
12764 6542 25
6006 6290 743
15388 5244 13
3396 19855 750
5743 17474 34
15639 15639 24
6936 1629 253
11395 10758 794
16111 13032 794
6740 12128 1153
19456 2511 743
10295 14480 750
8977 16286 898
15626 18951 1074
1214 14807 189
9964 17979 750
19721 18005 1023
16268 12920 88
8307 1571 25
9725 9010 13
16931 19054 1032
19687 4220 448
13022 18684 117
8939 15125 892
8292 18231 1030
15460 1312 750
18764 1831 1058
17681 3813 1023
11198 12122 750
6864 479 25
10264 19741 25
13711 18051 448
7080 7237 535
3469 9107 117
16879 3617 903
8380 1833 34
13774 15650 1032
8502 6751 448
5644 13175 535
8054 11579 903
11486 14208 13
1640 3263 743
15831 13027 746
14864 13089 898
1227 13738 1023
16663 6361 117
16212 15985 13
14423 9209 140
10805 11004 903
554 7684 189
13447 13032 750
6538 14304 448
15976 13540 448
2621 19392 25
8914 12033 189
7071 4032 13
5779 13066 117
10850 6963 25
5810 8682 25
12407 2431 171
6486 19249 1043
2630 4463 1023
10319 15134 1023
3274 13657 25
14047 10187 117
15042 1313 117
3089 3097 750
2879 16661 448
7893 10982 189
12596 10608 750
1396 14243 911
7886 4159 1032
19171 7194 25
10551 18043 746
14251 3209 117
11587 18035 982
849 5890 88
4044 5661 844
8726 17338 907
19047 1134 259
12585 4878 535
16848 505 90
1685 18655 259
7997 5637 535
11484 18051 1058
11507 8099 1043
18268 14444 750
19814 9472 750
14798 12301 1030
15781 13602 746
11309 2260 13
206 6258 13
2281 17882 1023
18327 14549 1030
9962 1214 25
15323 2431 13
4424 608 117
19608 3201 1058
347 10626 117
520 16435 13
16419 3524 1030
13583 14222 908
1321 8040 25
6529 3759 750
11858 3598 1043
3202 19343 928
19070 10286 794
18961 5116 81
11985 19332 448
16124 8140 468
614 3759 750
5466 16378 25
6761 17412 911
958 18087 25
17744 15301 750
14870 1579 750
5100 5170 117
7707 8266 25
11856 1193 750
16916 4135 743
17755 3094 25
6706 6200 750
9703 17464 1074
3683 11650 13
16879 13244 117
3570 14453 189
3295 15985 12
155 6963 25
7706 7860 117
9265 13513 794
2343 6254 1043
6182 18227 13
8256 19493 379
16966 14844 903
15069 3097 750
19568 13164 743
7640 18787 13
6987 10393 140
12830 19944 13
15398 8826 1023
15265 8065 759
17033 17554 189
5641 10758 13
10520 1579 750
8000 5176 794
15882 19741 25
14042 1571 25
3066 15258 1032
6636 5293 117
3460 7626 189
16294 15132 535
15994 15943 1023
8698 6846 535
10044 11117 13
5147 11930 88
16581 119 13
4958 12079 750
18535 15134 1023
9505 251 13
11970 8551 743
17843 17401 750
645 8058 13
5416 3524 13
15103 1194 13
11007 16405 903
11347 7790 794
4655 12607 13
15334 5044 802
19478 9422 1030
5238 1018 117
13420 8000 750
18248 7813 25
2649 10453 746
5330 9077 896
8691 4427 140
18124 2543 117
8729 14082 13
12318 3097 750
1074 19118 253
636 2336 140
3961 9209 140
3634 18971 898
11870 506 1030
5526 11585 1032
6486 16675 1153
5640 5956 750
16141 1579 750
952 12612 13
12050 14177 743
9543 1579 750
312 3552 982
17042 4101 1032
14125 17500 13
17498 7141 535
19221 11360 117
14173 16020 903
11947 1929 903
13425 11426 1000
7668 3720 535
14383 1194 259
6271 19692 1074
1640 661 743
17059 4128 117
1478 19220 1032
15078 16510 25
331 7680 25
19158 0 13
4334 5726 750
4598 8266 25
17948 14252 535
10278 867 1023
8417 193 1032
4350 16908 117
17497 9472 750
16360 9902 1032
17053 15301 750
6924 10758 13
4248 9603 25
317 14480 750
7919 10651 13
6951 13657 25
7926 13540 448
1990 16472 750
5413 18893 140
5066 9894 13
8725 9997 750
2177 2685 928
17776 11047 908
5830 4862 898
2229 4421 1153
13162 1184 189
9947 14178 25
5739 4024 724
10064 5123 535
12690 16254 25
3748 10051 12
6918 5754 448
1444 6807 117
16748 7680 25
17938 148 535
959 13419 535
3280 7559 535
17337 14807 189
14373 10141 1011
1846 520 1032
18642 241 724
2257 10758 13
9331 4299 535
11980 6711 1032
1196 9686 523
6173 1955 171
2047 15949 117
19024 5726 750
4545 16556 13
16722 15844 750
11460 2431 888
12465 10758 189
15241 10758 892
15114 9342 25
12152 5256 117
15266 8137 1032
13301 9906 844
1477 239 903
1640 15632 656
8496 15723 25
5312 6069 13
16822 19477 1074
9942 3366 1043
11378 19855 750
10405 7048 518
11897 15543 746
12872 4364 750
7712 2681 189
10455 8054 903
17279 15031 189
19863 9078 750
12542 12607 13
17983 16435 1058
10907 7249 1060
4546 12461 908
9543 16719 13
3724 10832 908
16692 18087 25
1632 621 898
7895 17222 750
473 7497 1023
18218 14505 1032
14202 11290 253
9561 10951 25
18158 11702 977
7844 10607 982
6918 8928 379
7534 1952 1023
13003 10084 535
7130 7176 1112
9150 10982 189
5836 4763 750
8884 3471 844
18523 9280 759
15006 7465 750
5727 14381 25
6905 7088 1030
12179 12949 13
14244 1831 13
14864 14480 750
18503 19343 928
1923 16556 13
11358 17827 750
689 4220 13
16763 9892 25
6910 16895 903
5942 6709 1030
13583 2160 908
1319 10877 794
9493 10758 13
17806 3890 1023
18980 9680 896
4373 16397 140
19659 12993 46
1167 1841 13
18781 19163 140
6549 8929 765
7989 8409 850
9103 19587 13
12772 11489 1032
7220 7680 25
11522 5020 535
4991 18882 750
13344 17735 117
276 7513 535
11147 11581 908
17016 3611 259
18171 17827 750
4458 4530 448
8139 6831 750
13995 13540 448
16722 14294 25
14954 12415 448
6424 970 13
11139 15078 1023
4342 5956 750
4215 2851 875
17057 5268 117
491 8040 25
16023 12704 1023
4096 2901 977
14504 7406 535
11541 3021 13
4822 3173 1032
13689 3524 384
6068 524 750
1455 4181 13
11791 9768 844
6795 8434 1023
3598 16044 1153
18997 580 750
14283 6300 117
18479 2483 850
15008 8929 448
12513 11855 13
8884 15884 844
15810 12182 750
4745 16376 259
12971 11547 750
10587 8271 1074
4933 10241 1074
7664 12161 903
11842 18170 117
9965 512 1023
3207 16671 259
9330 19686 875
11042 18140 253
9146 5726 750
15410 9211 12
9743 10615 189
15008 11138 379
5196 2516 1023
535 3021 13
1283 14208 259
2941 8434 1023
1986 13287 1043
8472 18527 1023
9843 14425 1030
4722 16156 25
15844 9258 950
13193 18149 765
12950 3139 140
3766 9265 750
12499 17695 746
14130 10873 1023
7987 16897 1023
19121 15777 746
19518 5538 189
3162 16378 25
13895 8304 903
14517 18152 25
3431 1749 535
5183 18979 750
4698 7053 535
17471 6398 1043
19744 11168 1023
11432 10228 371
15119 19986 349
7986 15031 13
8905 16894 844
17370 9892 25
273 4568 1074
4862 10295 1023
13961 4149 109
2263 2417 1030
3609 10764 171
10735 16148 928
785 6775 898
8052 6290 743
4463 3435 1023
17681 18189 25
2169 14126 535
8570 19774 750
16232 19473 1023
15886 1092 259
112 8411 1023
13450 3243 765
11809 9472 750
2689 15723 25
13654 1193 750
12414 8156 901
3578 4771 750
13683 19645 1032
2806 7137 25
2428 5780 13
7696 11958 90
12399 2790 750
5067 17655 349
8228 5693 903
10735 8162 928
14459 2977 1032
9613 15756 140
7049 14570 750
3228 3044 1023
8408 154 535
1791 15974 13
10788 8071 259
8814 17770 25
10514 7684 13
2362 10030 1043
8166 6448 159
3393 11047 535
10688 2356 13
7332 5956 750
15914 8431 314
4909 14739 90
10826 16254 25
15919 16254 25
10887 7513 908
5860 5726 750
10539 1876 791
14488 14570 750
11522 15221 535
17015 15380 794
12349 5116 81
8914 11258 535
14320 11016 117
15399 18051 448
15167 10079 1023
5601 894 13
15613 12981 13
11272 16440 140
9911 10758 13
8766 19227 13
18704 8613 1023
16931 858 750
18723 19227 13
18005 14072 25
11202 13728 448
1000 8740 259
18147 18333 1043
3080 16143 40
7217 9258 750
6645 17752 1058
6694 9997 750
13014 9209 140
5069 12264 802
4096 6756 13
16079 7813 25
197 15702 750
10650 1716 759
1907 5031 743
108 13038 750
8828 1831 259
14597 16397 140
15639 6164 765
15525 6959 448
19484 9462 13
10115 6448 898
6525 6963 25
17933 19347 25
1762 3351 65
8184 11054 117
748 3524 259
6462 14343 259
12678 11749 448
18219 14480 750
3964 1649 863
12631 16104 750
173 19800 1153
8707 13670 13
10402 3097 750
1440 11525 140
11936 15777 746
6278 11516 1030
18835 2170 1032
1233 11710 794
3911 10840 117
1981 7212 743
3546 12115 982
7206 12398 12
15607 9472 750
5410 1123 903
14691 15458 794
15921 17222 750
19719 19227 13
749 1831 1058
905 14453 34
3237 5744 1074
50 4530 448
2201 8040 25
11910 6998 34
19539 9258 750
10411 5003 982
16089 3201 13
920 6963 25
12349 2452 81
15634 9354 1074
15844 4467 794
9069 17404 489
7529 5116 81
15678 18079 746
16172 7650 96
10461 12948 750
8073 17541 759
8330 11547 794
6252 14570 750
14299 14037 1032
6794 13440 1032
15869 17752 13
5414 4622 117
7501 14322 24
7992 19468 448
11892 2350 189
7997 15784 535
4782 6595 140
4810 18051 13
655 7465 750
6877 15055 189
12638 14643 1190
3838 3054 117
9374 17827 750
9378 16678 908
18926 3097 750
9843 10007 1030
8414 13089 898
9487 12782 724
15426 12981 13
10509 13249 1157
16443 15471 750
8868 5956 750
7653 15432 1032
7931 1831 34
14894 8040 25
13677 12371 903
9539 17000 750
8688 341 1030
1493 9568 259
3122 15761 363
8052 1361 743
14148 9107 117
3526 15502 117
14493 15904 850
5644 18661 535
7115 7465 750
3309 14540 1074
13530 16725 13
9554 19484 1032
10073 19531 13
15236 3717 90
1585 19680 908
3318 13347 12
2215 13540 448
6821 4756 189
2685 11626 431
9608 1193 750
4907 7813 25
11627 7680 25
14495 6964 928
13860 9894 13
17109 2867 117
18283 2351 13
16138 16964 750
13875 4771 750
15501 9892 25
17955 14501 259
10719 621 159
4099 16833 25
10278 6502 1023
14931 3422 743
18345 5104 259
17506 3097 750
18463 5846 898
3634 17844 898
683 2866 159
19260 9621 1074
5257 5726 750
1618 13966 448
18428 17770 25
9779 9078 750
18332 10458 1023
14641 13602 253
2518 4058 13
1414 17987 750
1375 13803 746
8307 6963 25
13605 7558 117
12002 4469 896
7829 9824 1030
16427 2866 1032
11225 10321 117
11554 6466 750
4403 18714 448
16286 8266 25
8868 10013 1032
3357 18082 750
2169 2233 535
8868 17939 1032
11636 11115 724
16055 9891 1023
4303 13631 824
6413 3934 518
19243 1193 750
14363 14570 750
3875 7817 1032
809 13966 448
11723 4364 750
14882 13658 535
17918 16129 903
14875 10608 750
14272 9162 140
10145 6998 13
13221 6963 25
4101 17813 750
14440 5176 750
10637 797 13
1349 6729 25
3399 4220 13
843 3524 13
8856 10841 750
2693 8832 117
11797 5747 1043
3576 5986 25
17789 14918 1032
10743 8751 908
7086 14208 13
135 18562 1074
3603 2351 259
8669 14970 750
11717 9892 25
4108 5116 13
10177 9622 117
15053 5081 13
13625 16800 1023
3064 19778 25
1454 9683 448
9143 10117 746
6263 10422 898
3452 18193 844
17391 15330 253
17776 682 743
11666 12386 253
2281 15078 1023
12623 16356 977
17795 11293 349
19790 15833 259
11352 5659 159
6826 1155 362
3740 19535 25
9278 3759 750
16200 1831 189
11388 19054 349
10499 12263 117
12257 15719 25
1004 5592 535
17689 1732 117
9569 16510 25
19803 3966 626
10127 12642 1112
1815 8346 535
7980 14381 25
4724 10702 117
4373 1528 117
778 17586 117
18576 1676 159
19356 13029 750
14630 6891 117
8415 18761 1060
6468 19227 34
7820 9661 898
15384 19516 13
18453 7590 903
2973 2886 750
17117 16397 140
4766 575 535
4816 16296 349
13837 6130 117
14147 3618 535
9140 1831 13
10192 3524 259
17419 4362 88
2792 6396 12
1345 11489 1032
2620 15817 1023
5520 8620 1153
18712 7684 13
14587 10758 13
13017 12072 750
8739 14416 88
13837 867 1032
17754 18066 1030
5661 18555 844
10652 9894 13
16382 1134 259
12722 9997 750
7070 17827 750
3570 5325 535
3022 14982 743
17731 9947 159
13839 2346 117
6426 15447 25
8949 1719 140
8519 6963 25
14996 7987 898
16991 14282 750
10886 19531 953
10264 6448 898
7733 1134 259
15289 19013 13
5526 17979 750
19654 2759 117
14999 7084 535
4272 4931 140
5198 6466 750
6122 10787 750
8782 733 535
17169 18686 117
11375 14501 1058
10015 7730 24
11222 2102 750
13344 15070 117
18236 12839 1074
5166 2688 750
6975 14453 13
18260 9460 1153
10131 688 982
11294 2058 13
16345 16104 750
4282 1153 189
11678 8666 1011
8583 17827 750
8703 10326 750
13017 3411 898
18496 12128 898
13565 11923 535
4791 18725 140
11805 16548 896
1555 5012 982
13779 12044 362
2124 10651 259
1697 6722 90
4468 6448 159
430 5956 750
18905 2886 750
14611 5756 1043
9052 5116 189
17777 4220 259
14483 2336 140
15447 10982 189
17080 17979 750
1417 1624 448
3007 1431 117
3467 15010 13
14999 10017 189
7590 19930 903
18772 4895 535
14931 9918 908
18125 14958 1153
11303 9472 750
2314 17389 13
14138 12238 535
17980 13966 448
12089 4058 13
11548 2778 140
2657 10628 750
3000 1638 117
15050 13029 794
12719 8537 896
19379 7298 448
14401 13259 901
15254 19988 259
14068 11206 117
17370 8040 25
1650 420 1153
6180 14105 903
12995 10651 13
10072 19072 903
15403 9407 1074
19691 10022 1032
6460 17854 448
7529 5489 1032
4237 5917 88
801 6592 903
14882 15599 189
15079 14480 750
6585 626 259
9705 2688 750
11547 4467 794
14959 7465 750
18292 14276 1032
6077 5726 750
6063 2474 1023
14259 16731 13
7464 4004 1043
19539 5824 1032
14859 1946 1074
4663 14570 750
4179 3548 140
11867 4834 13
15144 2142 1128
4307 6275 535
7492 12840 724
18218 10130 159
5145 14444 750
18194 13038 750
16304 13170 1074
4026 17125 903
6947 11650 13
15759 18803 448
12399 9997 750
7243 10167 743
7080 12238 535
12218 10758 13
6818 13850 898
19186 9484 950
14360 8852 117
17015 318 794
2258 8845 117
11159 4791 140
13660 10116 140
8130 13699 489
13897 16435 259
8893 4990 13
596 16435 13
15615 1139 13
19808 15459 40
6887 16138 25
8723 13966 448
15200 3337 13
18464 19363 750
527 559 1028
1668 10982 991
12663 9570 750
1878 6751 448
12906 1968 117
14746 18152 25
3857 14118 1074
18923 16249 117
8425 11391 743
4556 17481 117
13274 1649 863
16657 5755 117
14672 17301 25
1701 17995 117
9714 12074 13
18869 4233 746
9737 3690 791
7422 12378 117
9241 8354 24
10616 9563 448
8515 6237 253
8703 8040 25
19664 19789 898
2020 9645 535
8788 15844 794
18260 5747 1153
12472 11266 950
3681 4636 259
191 12423 140
10743 12645 743
6005 15447 25
16379 4220 448
14641 8188 908
2302 9741 25
49 10885 901
9073 17827 750
6662 15039 535
1912 2941 1023
14296 4770 117
3393 2160 535
1961 6153 117
1494 12612 13
17958 12386 253
5030 895 13
9417 13131 982
16745 16627 1030
16341 1967 13
19565 14570 750
11666 10124 13
19201 16823 34
1970 13350 117
19518 8722 908
10931 939 448
17293 13501 888
3632 2961 12
2498 11054 117
8911 4364 750
2036 16337 1023
7413 16886 746
17451 4530 448
623 10479 34
2192 8993 330
1261 4042 953
11488 4220 448
1074 4220 13
11186 760 1023
8453 3548 140
12043 9715 117
703 7684 448
9652 6583 880
15400 18453 903
11080 5726 750
5566 1159 13
19081 4969 25
5047 2860 117
615 13966 448
1816 1312 750
11956 11956 117
15547 3524 259
17057 18055 117
10789 6769 903
3482 4085 13
17047 2431 34
7647 5278 746
19456 14971 743
10364 19764 25
19379 1731 448
8516 18249 1074
12499 6363 746
17776 2160 908
18634 4863 1074
18570 1269 379
17851 12350 117
1913 6963 25
17623 5956 750
6821 5651 189
12446 8581 1107
18592 11547 750
15994 6729 25
19294 18540 1023
7428 2736 1032
14714 18105 898
19863 15765 117
3927 14570 750
13831 660 117
11372 5850 117
14317 4102 898
15660 10085 117
18007 6712 1153
12111 18079 746
8981 15563 1030
14184 10720 117
5886 14480 750
14138 18661 535
11655 1601 1032
3716 18893 140
8748 12461 746
43 14480 750
16891 13540 448
18345 2133 1074
8203 11984 746
14684 1159 13
17759 10758 259
886 17661 1023
10031 4763 750
4180 4220 25
17721 13513 750
19739 9334 13
10112 4779 25
10811 6159 25
16798 19645 1032
379 11848 794
1292 4230 536
9926 12492 25
12975 6788 25
6665 13066 117
2464 13000 117
3608 9997 750
226 15844 750
19165 617 259
16824 697 530
15104 11081 896
15981 12949 13
243 15974 13
11042 6468 253
1302 13602 253
1526 1053 535
17704 322 117
9654 9258 750
6586 2102 750
1824 16028 863
15025 173 1153
10597 15723 25
14929 9118 65
1060 5890 88
14124 90 535
5105 2623 898
14434 14294 25
5716 19033 1032
2630 5956 750
3732 10090 880
6853 9543 898
9159 3201 189
383 13029 750
8179 15934 253
18542 847 117
13614 16086 448
17179 18990 117
5105 3097 750
981 11710 750
10743 14719 908
8943 1831 81
3215 4235 901
4464 12332 253
6101 11845 13
7711 10758 1058
12579 13520 117
13413 14381 25
12025 16273 535
10208 18274 406
2990 12099 117
12941 10758 448
6597 918 750
11760 10478 743
18435 10051 1058
5414 18386 117
9069 2431 755
2343 18675 1043
18445 18261 13
13982 2825 117
2446 1629 746
6109 9598 117
783 18011 117
4728 16400 794
11803 3097 750
11116 15723 25
7870 893 1030
19327 3078 535
14138 16376 189
3089 1329 117
15766 14780 117
19692 16435 13
8270 10608 950
2378 322 117
6668 8040 25
18412 14444 750
1730 19901 746
11585 6657 1023
19850 14570 750
8138 5167 535
9705 6831 750
1309 16722 1023
8408 5104 189
13074 737 117
18347 7858 1023
10668 17700 117
15663 5116 81
9848 19826 898
8305 5956 794
18604 18959 1032
8454 15491 25
16380 2368 860
13823 5 117
3967 10758 13
8939 14807 892
19167 14570 750
6252 7987 1032
4426 927 908
8687 14740 1023
1730 13803 746
2481 5683 982
15968 9113 1013
14292 7650 12
886 8735 1023
19613 11347 750
3169 6542 25
10766 17417 875
8033 14390 259
14063 5503 448
7400 19245 535
12294 19581 117
753 18253 1153
16221 2212 903
12080 19363 750
18268 6729 25
10491 10205 468
2950 15985 189
5842 14388 880
8764 19888 448
5051 4961 1023
8863 11547 750
17621 4220 13
13811 7813 25
4026 18364 903
18769 16049 189
1716 942 977
5649 12464 140
19748 6069 259
9033 913 1032
6271 13119 1074
2917 8129 1074
4149 13961 65
1779 14501 189
774 12339 34
2069 16286 898
18782 7813 25
9760 16127 1032
17446 14570 750
9329 3934 518
2689 12169 898
7986 3746 117
6052 3263 189
2096 5879 117
6763 851 448
2649 4347 746
5182 9779 117
9793 18356 1074
9323 14453 13
11683 8672 850
1526 12731 535
2385 6386 1032
3887 3759 750
16736 5692 1074
5534 7082 379
8635 16122 65
14674 11875 1000
3043 8390 185
13837 6253 159
14435 19587 765
7987 7462 1023
5241 17827 750
15067 3710 140
10306 2982 1032
12233 11888 903
2124 5742 90
17626 12457 908
14150 7711 1023
18869 4573 13
13818 3859 535
14935 4230 908
7668 13354 535
12109 12376 253
3038 4511 141
18640 5726 750
15387 2336 140
6286 3400 140
9101 3097 750
13058 14241 259
12660 11018 117
17579 12762 13
1107 5726 750
11414 1092 189
9764 2697 25
19007 6844 880
13818 18149 189
6984 18290 908
6662 14982 743
16735 14259 140
1932 19024 25
7580 4998 448
2708 8120 117
452 13432 898
17278 8602 908
10463 6775 898
6316 15564 189
1665 6655 13
19711 9058 1023
19755 6237 746
10770 1396 928
11120 1297 903
1395 19431 1074
6836 16731 13
10786 5956 750
8071 19150 88
6420 15934 253
3701 11754 12
861 12557 1074
3697 4777 259
14012 10517 1032
13730 2382 746
1173 12310 898
19609 16791 117
18191 14570 750
6457 5537 25
6677 9723 1023
15380 11710 794
6483 1479 750
16050 1607 267
5972 18213 928
12257 14480 750
11957 3648 448
1644 19802 888
15367 10758 13
14644 2164 259
2733 3524 13
17133 5902 13
5846 3524 12
19306 16674 259
1555 19586 982
9186 12128 1032
12486 14954 1112
9480 14038 13
4977 16415 1074
543 10155 750
17072 17699 903
8428 14522 448
12207 14444 750
8144 12185 863
2495 5244 259
19863 14480 750
8103 11841 13
1381 15461 1032
18503 11005 928
2389 11968 140
7341 1374 535
8039 1671 117
2699 1156 1058
5414 9570 750
19647 1860 535
2432 11051 896
4711 3748 759
15858 14208 259
8804 1571 25
4410 16376 743
17401 858 794
7465 1579 794
9021 14887 898
15609 10432 1032
10475 14962 1074
9081 833 448
16076 3718 1153
7661 17770 25
19467 6062 880
17784 10478 13
15578 4220 259
15286 15964 535
19252 8940 535
12811 4323 1032
3349 16335 13
15753 14276 1023
5376 18801 908
1830 1629 746
2428 5780 888
17435 5726 750
2385 288 117
3187 3524 13
5622 9892 25
11967 3943 875
5307 14038 13
2169 3390 535
2537 15031 384
4109 18087 25
13500 14208 171
6423 13493 13
7023 6963 25
19327 7214 535
7054 10935 1032
15127 14480 750
17251 14570 750
6006 4852 908
15718 18051 34
14864 14862 117
10327 12246 1032
3551 17401 750
18065 15974 13
4429 4152 1058
5747 1986 1043
15421 6542 25
10454 15380 750
14532 11610 1074
7551 7684 259
8103 9688 903
14424 5801 117
15220 19621 950
11570 1579 794
18835 17827 750
780 8412 140
13932 12088 1023
11522 18661 535
12569 9583 903
6528 13992 448
16442 18168 1030
592 6237 253
12012 19566 908
3315 3097 750
2027 7650 13
1640 14911 908
10274 1571 25
5103 14844 903
1187 18449 1074
16208 15013 117
1340 12827 535
9783 17804 25
7400 8964 535
11792 13602 746
2206 4004 1153
13058 847 117
12173 15985 13
19191 17827 750
17272 1193 750
6956 19227 13
11042 11737 253
5118 15501 349
12254 4621 117
19152 2433 117
13914 12398 13
1387 5523 34
15286 13994 535
3470 1995 535
4140 6963 25
8347 18622 750
10165 14711 117
6887 10877 750
10741 7417 1032
19450 17378 1032
10741 18540 1032
19852 13788 117
14882 4899 189
460 1579 750
6865 13009 1058
19691 12182 750
4785 19595 267
17174 7303 1126
11691 9774 65
11157 3759 750
4552 7189 13
12214 15619 117
13915 19232 896
4757 13166 791
16043 4777 743
9159 13312 535
6618 228 448
10126 4181 259
8554 964 535
3526 621 898
18471 14032 1023
10739 1579 750
6205 3759 750
17748 1193 750
12859 19003 896
9920 15031 96
18560 6963 25
1407 13089 898
2683 5116 13
14647 16539 746
3207 14509 13
2815 193 898
801 1955 259
7743 918 750
2856 15723 25
11231 9933 1030
4237 11930 88
14946 12332 253
7852 5956 750
15295 18106 25
18092 9401 25
2533 12957 903
2446 10923 117
349 9052 518
19252 10915 535
13022 14570 750
4986 9668 468
19666 14678 259
9296 16678 253
11530 5769 34
18604 10363 1032
3460 13799 535
2736 18967 1023
17130 6117 1023
18334 14692 117
10550 10978 535
19978 10435 338
6277 7684 13
14633 18778 1032
18354 12539 448
17678 19227 13
460 17827 750
9751 19800 1153
10431 18469 750
18798 8075 903
2856 4936 117
2890 7684 1126
3298 19764 25
19222 15543 746
3826 9570 750
867 7909 750
780 12417 117
17994 18051 13
12264 1433 141
1557 8817 863
8843 11281 903
10865 11873 117
5646 1674 896
4648 7198 189
6391 5726 750
19863 7680 25
13052 6007 117
7220 11186 898
5640 1952 1023
1994 9894 953
17776 16837 743
3765 14570 750
15036 17719 1074
5243 14390 13
10319 19457 750
1693 11192 535
19086 15812 562
18234 14282 750
5814 9258 750
14631 7684 888
17850 15317 791
252 15276 743
7883 3524 13
17632 12679 140
36 11674 117
13155 15670 903
18005 18540 1023
10506 6963 25
17776 7710 908
18475 11258 535
2660 10228 535
19327 8376 535
2554 18622 750
13622 5405 535
3283 19286 898
13141 2470 755
4663 4467 750
13950 11187 363
15786 15167 1023
12216 1353 794
7221 18982 1030
4327 12415 448
15645 1708 1030
12023 1163 898
3809 3895 750
5865 3461 1023
11352 871 159
2251 328 448
1499 13887 140
18206 894 13
18527 18540 1023
17260 17531 330
12676 7650 13
8626 11547 750
19075 11468 259
11677 7019 844
16417 19608 1023
2630 9472 750
10391 9253 903
3096 1684 892
16224 16224 468
13471 10344 11
6360 9954 535
1411 6967 903
6018 5964 844
2917 13449 1074
4134 5176 750
2175 13937 25
14020 14978 1030
12845 19602 117
4508 18176 1153
8 19978 523
15098 4181 259
19766 15380 750
14421 12263 253
9073 19198 750
2644 7200 117
678 14807 953
7854 2102 750
14580 19686 875
19953 12612 12
7530 1389 476
6859 17770 25
10109 6258 13
5284 5293 117
12577 8864 65
12155 11585 898
7982 17265 96
17945 14570 750
5816 6278 1030
3198 7478 117
19249 6486 1043
9330 5154 875
15127 5711 25
15450 11120 903
18183 17517 1074
17392 12089 903
1846 10403 1032
2088 1579 750
16360 14337 117
12262 9472 750
9341 4233 489
963 5841 1153
19931 6234 535
15410 5543 253
2072 13552 903
446 7608 1032
13818 16796 535
10459 1903 746
14666 19526 1032
4738 6998 13
321 13478 903
19915 18180 1030
1497 14570 750
15331 10152 117
4691 8682 25
9661 10517 1023
1325 16562 1013
14930 5956 750
11038 8204 1058
16518 6258 13
17440 5846 898
3253 6447 898
13580 2351 13
19729 1744 888
2104 15424 1074
13862 13540 448
14 7813 25
379 15380 794
18183 3360 13
16504 306 518
4577 18686 117
15220 9997 794
16349 9104 903
17899 13540 448
1717 17369 746
3821 9094 117
6662 7873 267
14775 0 13
5029 8830 117
8465 10608 750
3336 8687 1032
9707 12262 117
6939 4220 13
10125 19448 880
11414 295 189
18981 7680 25
13703 11845 259
19346 12310 1032
14333 10758 13
12670 6385 1023
702 5116 12
12919 3219 743
14240 14453 743
1329 1435 1032
13731 4085 888
10624 5956 750
6969 4152 1126
9658 11554 1023
12247 18310 140
11186 1193 750
18176 14594 1043
13003 17178 535
12093 9107 117
5782 10994 1032
3139 12083 13
14360 2900 117
10412 2297 1030
14731 18152 25
6294 16254 25
2341 10358 117
17635 18918 908
13998 1566 448
15116 17821 1032
12343 4776 140
4287 11664 903
17493 14570 750
9907 13246 159
14048 17441 535
12199 10361 117
11462 4164 25
18310 7614 903
1004 14926 535
16400 10202 794
13837 2275 1032
17331 11237 13
10261 8881 117
19327 4230 535
11869 1912 1023
2817 8191 903
3634 15650 898
18399 8644 1023
4835 19444 371
4268 14596 253
7673 8670 117
3344 14453 259
11579 19886 13
61 12038 1023
11959 14970 750
5329 18622 750
9171 19300 982
6653 6706 898
12616 19350 13
13818 681 535
17179 17277 759
11849 8040 25
11136 11965 1112
3238 10758 1047
9634 15844 750
12850 7256 117
4049 4435 1043
14935 3422 189
1718 7987 1032
7341 5755 535
48 1194 13
359 3013 755
8667 3607 448
7392 13035 908
11275 4220 12
7359 17265 96
7087 1193 750
14291 4998 448
6350 17130 1023
13505 18339 977
14746 14570 750
2944 10453 746
18783 17905 750
2559 14453 259
6052 5167 908
12822 1579 750
6949 5749 117
1773 1431 117
3367 13834 903
11734 2732 259
10248 12558 13
15943 14444 750
18034 12565 1011
16537 4478 117
12069 9583 774
11627 5050 750
4883 19118 253
5251 17749 25
843 3524 259
19335 18087 25
18899 11245 1032
7125 19593 888
7103 9078 750
11849 7338 159
14167 4783 554
11275 928 746
17375 5085 13
7260 15786 1023
19724 6682 117
12607 11884 88
13052 5885 13
5699 5104 259
17789 19741 25
15654 2431 13
7505 19468 448
4508 3683 1043
5431 4602 117
17916 1312 750
19922 19765 908
6485 4220 13
18555 16894 844
10144 8235 875
11358 12339 888
7400 5031 189
2401 19340 896
14974 584 908
2971 13699 253
19031 13027 253
13399 14807 1058
10040 3885 259
4859 12911 1023
16161 577 1074
359 1911 489
7998 2104 1074
11365 7363 25
379 6050 794
3039 1842 189
5992 13540 448
2886 1579 950
3523 16084 898
17412 18773 1043
7340 4771 750
5576 12293 1032
17279 11008 535
16754 16286 898
11595 17447 1074
10233 13850 1032
4204 9052 518
12854 3970 13
6079 6777 117
3239 4364 750
15364 3645 379
13060 15134 1023
9392 1193 750
4022 16643 25
10550 17137 535
16190 17813 750
13875 18040 1023
11063 18051 1058
5541 6761 928
18577 10753 140
19568 11468 743
15804 1601 898
9796 16539 746
16715 10628 750
18040 15844 750
3307 6237 253
19503 14331 259
17319 4220 12
2428 15031 888
2355 14018 750
15445 19778 25
12462 1596 25
15895 14208 259
18704 19764 25
17242 2208 349
9159 9869 535
5083 14702 117
13194 2981 34
12580 13236 950
3725 1731 448
17371 1125 1032
239 6591 903
3023 2605 117
19384 14381 25
3348 4135 743
3283 19727 1032
18571 3949 903
18503 19159 928
19613 13604 25
15660 8040 25
17767 5407 903
16763 6963 25
4287 5477 903
5912 10631 117
3952 7642 25
6703 1624 448
15636 2669 13
11523 3097 750
12789 2476 448
2806 2180 117
9522 11191 903
16791 14570 750
17664 16684 896
7987 15846 1023
2201 4771 750
15924 15624 13
17876 12131 253
14147 16493 535
6671 19289 25
11586 8135 1032
19152 16702 117
11489 15210 25
13609 5172 117
19211 14480 750
6052 13568 743
8202 2324 25
17054 4164 25
959 15009 743
4019 5956 750
3709 8788 750
7523 14807 1058
933 7167 903
10914 9317 259
7861 11485 908
4830 5024 420
6308 16055 1032
15206 14420 13
334 13467 1058
4537 10079 1032
13345 19024 25
9917 7689 25
7829 10076 1030
14667 11292 65
11406 9472 750
15556 15844 794
3841 8620 1043
18796 14499 1023
5805 14469 824
18734 15630 253
5281 12113 34
14968 7684 13
11294 3524 12
16309 14407 802
13158 1629 746
13811 17727 117
8731 1831 13
4444 1571 25
5189 10758 448
5476 6918 379
19482 15978 750
17679 8778 1032
5318 11339 950
11080 9432 117
10668 13723 117
9549 12039 1023
17023 8266 25
16502 18687 88
1808 6117 1032
2422 7680 25
9522 15031 259
9140 10758 13
2916 13679 724
1826 840 481
19918 17905 750
1284 10540 1030
1193 11547 794
14802 11547 750
10204 17181 1030
15305 14390 259
6775 12948 750
7495 1126 523
1676 4779 25
3490 524 750
6967 12417 117
6853 4771 750
18268 8040 25
7766 19415 448
17039 9258 750
15786 17256 25
18670 11979 448
8504 17471 1043
13776 10982 13
16906 9030 535
2230 5235 13
11227 14480 750
15697 12122 750
13316 12415 448
17475 4181 259
7852 14570 750
513 11475 267
636 3524 13
10287 13009 259
6497 16202 1023
2414 14480 750
19889 16168 448
8017 1955 259
13826 5956 750
13711 699 448
15275 1788 140
19020 9334 13
3821 474 117
12708 15974 13
19926 13987 750
15379 13029 750
8902 1571 25
16573 1579 750
9566 8000 750
7220 7460 750
7486 4771 794
15475 11428 448
6488 14453 13
7306 4747 253
6709 14582 1030
85 7680 25
7037 9781 896
17255 3857 1074
6227 6621 267
5196 1579 750
2247 1542 13
17764 1993 1032
17758 19227 13
6124 14241 1058
16875 9334 13
14677 11347 750
4491 3648 448
1823 10758 13
9947 15027 1023
7629 5537 25
554 3524 189
16043 4299 535
12140 11804 1030
12649 4503 898
10436 11984 267
3178 3759 750
14546 18322 65
3490 2674 117
9049 11041 739
5972 19159 928
3953 1133 724
14575 18540 1032
19803 7513 908
10710 17752 96
2614 4593 259
18825 8726 928
13299 4220 13
16715 14601 13
85 1601 1032
16077 10197 117
10908 18018 1011
19249 13948 1043
10210 13081 117
11750 6278 1030
15763 10734 535
16192 2511 259
12628 14978 1030
11984 15187 489
19482 6711 1032
8042 18634 1074
5223 13540 448
2727 11266 750
18882 12216 794
12021 2210 1032
12257 8464 1023
6594 306 518
13314 5377 903
6884 1993 1032
16152 5799 750
2127 11192 535
17743 4779 25
18468 8766 903
16906 7415 535
982 13221 898
4688 6677 159
13810 9894 13
13820 9605 448
2521 3524 189
14983 5546 117
17942 10608 750
17948 6342 535
18740 8040 25
17564 13966 448
18298 8780 898
19264 69 903
10201 17694 117
15816 9258 750
14887 17905 750
6035 1731 448
5097 19392 25
15613 7444 903
516 8635 13
3890 3094 25
531 12079 750
7891 19531 13
13383 18684 117
4307 7789 535
15844 9997 794
5186 14243 1031
7656 5904 379
16892 3752 140
18791 14081 1074
16959 15231 140
13874 7256 117
16495 4402 903
5278 1156 34
8601 12212 379
13500 14208 259
10945 3759 750
7006 6056 535
9893 11077 448
3023 16765 117
10193 15723 25
5730 5730 906
9288 4593 34
11615 10758 1058
5331 18189 25
7425 17283 903
16019 17222 750
17501 2886 750
1191 16787 448
17835 9150 25
8778 14480 750
5644 6534 535
13314 15547 903
19378 19651 750
5834 8824 117
1932 19842 117
6425 1866 1074
15041 2725 24
13392 10982 12
11179 8809 117
1714 1158 13
8358 8682 25
16813 1624 448
17980 6959 448
7810 4191 379
6148 16104 750
19268 14570 750
10459 6363 746
13961 7684 13
257 13926 117
14428 14742 117
6557 10758 13
12141 9400 755
16627 16745 1030
8519 3259 25
17447 19089 117
8202 15978 750
10379 4364 750
14043 7614 903
18435 19392 25
7491 15844 750
405 4650 117
17493 10081 25
9664 4783 928
16344 14243 283
14170 9627 1023
17046 8760 903
1774 19067 1032
6006 392 743
8079 17979 750
548 18051 13
17591 18744 724
17230 3599 750
1065 8389 117
8837 1193 750
2366 3759 750
16065 5726 750
2056 8040 25
15148 1177 140
15139 17849 903
3689 16055 898
5169 17869 117
8085 378 898
15230 6062 880
18940 2353 1032
7747 4323 1023
12388 10758 1058
17623 15723 25
13224 133 1011
719 12128 349
17057 5875 117
16925 15819 1030
6407 17957 117
526 1377 253
13811 17770 25
16855 8657 982
5022 6963 25
938 3742 903
17850 15317 901
7883 15709 13
2018 5649 65
5522 9209 140
14731 18189 25
17507 11710 750
19654 17770 25
14002 1312 750
10566 4220 12
703 1194 448
10418 7194 25
9789 16680 117
752 16673 746
8320 7684 259
2640 3801 117
18599 17905 750
13023 9832 13
5774 2745 1030
10143 4220 13
8073 17205 759
1908 11366 1032
11302 7605 13
3551 4098 898
4771 12122 794
17044 1193 750
14818 3097 750
11049 241 724
12279 9010 13
5061 13405 13
7453 7453 747
6947 5377 903
14318 1967 117
18568 1346 1032
14924 14294 25
7082 5904 379
10635 14330 13
10064 517 535
1004 8204 189
19256 16376 259
14314 8635 13
19418 18466 117
4218 3094 25
14246 16556 13
19978 10435 117
8184 4483 117
14479 6066 259
8193 1092 13
3959 9751 1043
8767 1156 1058
1479 19774 950
1381 5726 750
19005 18846 1032
15208 8040 25
14731 2697 25
3003 10269 903
13583 11490 908
18623 555 448
12472 5176 794
5459 10090 637
4987 5726 750
11969 2336 140
7853 733 536
6462 19392 25
8947 18227 259
8213 1134 13
3876 16811 903
3910 2941 898
8075 19449 117
1723 3419 1032
18511 16673 746
10330 6802 314
2161 14678 12
14225 532 535
1845 16288 746
1565 3201 13
16056 5957 448
6662 14191 189
19572 4638 117
16824 12297 34
14746 5956 750
4799 8040 25
13924 17311 1074
19738 17586 117
16043 5192 535
366 3524 448
1273 14570 750
8069 10640 13
15951 12097 1023
13896 4058 892
18118 9107 117
18853 15340 901
16494 14390 13
3836 17018 903
9131 5031 259
19623 17702 896
12464 10904 117
4822 6729 25
4795 10946 903
10437 16656 1153
10060 13788 117
289 14997 140
5707 7680 25
7442 3524 448
446 8083 117
14667 16879 824
1347 14480 750
5906 1139 259
14198 5031 13
14694 927 253
15234 4024 724
11189 3934 518
7186 12834 25
17485 4602 259
11671 6963 25
7030 17752 1058
5294 3524 13
14299 11585 898
19393 14510 157
9312 2160 535
14123 6918 379
243 15031 171
16893 6965 898
8989 15447 25
18402 18622 750
13517 5483 993
6928 16286 898
7040 16537 903
15266 8040 25
7897 9484 750
5414 5726 750
8283 13992 448
18601 7684 12
3724 8071 13
10635 6533 117
15760 17987 750
9667 13489 117
9554 3072 117
17584 19774 750
3748 16495 903
6229 6712 1153
9307 8264 117
13896 1953 892
11139 19855 750
7395 5239 448
19503 15160 140
11836 7684 13
6642 8779 140
5174 14536 903
16782 13329 535
17864 19764 25
14026 9710 903
2607 5956 750
7096 12724 1032
1854 6831 750
2035 3869 1030
15192 14123 379
5272 11900 908
6458 12263 746
16807 6775 898
7314 4364 750
981 8266 25
16315 3846 1032
11941 2494 724
718 17067 117
13541 13987 750
10583 4220 13
19333 5020 362
11116 16435 171
2315 18521 314
19638 10758 13
7017 5929 13
17555 5956 794
10446 17401 750
16412 18051 171
4158 14643 117
10177 9258 750
15366 849 13
18348 9258 750
1885 12072 750
3366 10831 1153
16621 4107 903
6371 656 908
18197 4597 746
5703 13221 898
9554 334 159
10809 9758 799
15569 16670 259
15494 14455 755
7614 1253 903
4913 1813 117
8669 17807 750
824 11290 253
10778 3360 765
15535 16731 13
18958 10758 1058
6363 5297 140
6556 10251 750
2976 14251 759
12368 7253 1032
9097 11650 13
3675 9892 25
1312 17752 892
2199 4528 903
17688 10758 13
6672 2719 13
6392 6998 1058
14552 5537 25
7937 16472 750
8994 2233 535
12715 19924 1153
14117 12314 750
1296 9342 25
19614 18457 953
5722 16495 903
19001 11551 1082
9723 16007 1023
14710 10195 896
14276 6963 25
4429 6655 1058
16869 16886 746
6907 10758 1058
15711 697 13
17883 15454 1032
12800 12315 259
18593 16378 25
17796 16127 1023
6407 6953 117
2688 941 950
15971 14178 25
19001 1194 13
10584 8412 140
13289 19737 117
7564 8873 117
1804 2594 13
10442 8699 117
9651 8732 750
8052 1653 908
8612 19917 1074
6335 687 794
13122 7350 25
14093 2164 13
10872 19789 159
6611 603 13
4544 504 1030
6458 4233 746
785 7660 1032
15305 2193 13
13398 14453 885
6179 19854 117
13058 6998 259
1284 6482 1030
7107 9894 13
9787 12992 1030
19163 5645 903
18279 12079 750
1486 16480 750
13725 18055 117
9998 6930 1023
500 10758 1058
16520 14501 13
8595 8040 25
9312 18538 743
6106 11881 159
5652 11841 259
3495 621 898
16106 2350 259
19715 488 903
5621 2886 750
3308 16769 259
12278 1579 750
10949 19973 140
13110 1624 448
12084 6363 746
9822 8084 13
2169 2076 535
14320 13892 903
15612 5784 117
3824 9947 159
9429 12491 1074
8354 3090 765
16265 10836 743
15286 6069 189
7340 15447 25
16299 1123 903
14548 9107 117
12144 2350 1058
19083 1993 1032
34 6818 117
13042 18578 875
17336 15777 746
7260 1579 750
13899 9343 117
2209 4189 13
7500 6276 1023
15217 5673 117
18778 14779 1023
5747 9460 1153
16222 4220 13
17896 9076 875
17796 12128 1023
3709 15844 750
18953 4771 750
18098 9150 25
14340 14480 750
7490 15081 1030
9903 10758 13
11673 1571 25
2427 17110 117
3061 4042 13
5148 3051 13
10519 5373 1058
8603 16050 267
7569 12398 743
8584 5020 362
19282 10465 117
5852 11958 90
4021 9400 13
9597 13312 535
19842 10608 750
4560 3925 1032
1907 4085 743
2977 3097 750
3076 6258 12
1869 5726 750
6102 15031 189
8782 13994 535
15081 19626 1030
3692 15821 759
2036 12948 750
9360 18886 349
2336 16449 903
9611 1579 750
11945 14480 750
17015 5176 794
5886 5846 898
17296 3925 1023
18028 11938 959
9101 14313 898
420 905 476
8981 4269 1030
4830 12998 896
19625 10086 903
6480 15090 1023
2989 13032 750
8490 3097 750
7191 14480 750
1216 14453 12
5540 12741 903
18050 14510 185
15373 11965 448
7031 621 898
5223 9605 448
14109 10761 34
13583 2661 908
2206 16937 259
9743 14326 535
7341 1988 535
5548 11710 750
16736 996 1074
6662 13868 535
6382 5956 750
1676 9258 750
8104 18900 896
8705 3970 13
8915 12122 750
2254 14453 259
7278 18152 25
4300 7680 25
7734 16862 117
8886 6844 637
13667 16379 13
1462 9107 117
15691 17597 950
3841 13522 1153
15667 1135 13
18908 13346 140
726 10216 159
13818 2947 189
19014 7650 12
17308 3991 1032
3832 17351 13
9561 10319 1023
9843 6849 1030
16202 3809 1023
10008 4364 750
1640 7170 743
10112 9150 25
12989 12828 25
4311 15125 888
13697 9076 875
2140 6080 1032
5490 15784 535
15016 8787 903
12371 9982 13
718 13904 81
3905 11710 750
3613 4221 140
13910 4470 117
7258 18051 259
12591 13992 448
5779 12770 13
9942 5747 1153
288 10935 1032
5767 3097 750
14899 13833 25
12025 12190 189
4976 11840 140
8351 16007 898
2989 19349 117
16232 19457 750
16793 16345 1023
727 11290 746
6006 5192 908
3537 4308 724
2060 1092 12
2723 12376 746
7495 19978 523
15589 16254 25
12423 13361 903
9473 2947 13
3117 17471 1153
14147 18350 189
12318 12704 1032
488 16556 13
17023 16435 1058
13622 1374 535
4794 10651 13
10096 19780 601
2698 16964 750
18807 5844 363
1185 1193 750
12244 18469 750
9579 8330 750
9704 2400 743
19424 16003 117
10429 18622 750
4260 1876 117
4520 16376 13
3169 18622 750
11164 12215 903
8256 1028 379
12954 5276 750
8275 17694 117
3719 7909 750
16646 4776 140
18802 4865 90
11095 16678 746
9848 8137 159
13759 1595 824
5540 4335 259
4423 17827 750
383 10628 750
14173 4260 903
10186 19774 750
5485 5726 750
3257 3781 535
8873 18189 25
19490 14570 750
9706 7813 25
15412 16472 750
6360 19680 535
12410 7609 117
6277 1736 13
4282 5261 535
8066 5722 759
11432 7170 743
12511 15618 1023
732 16055 159
780 5967 140
11239 0 189
14959 15167 1032
4672 10286 750
18682 2744 1074
9154 5113 387
1637 14038 743
6910 5301 903
6981 7951 513
419 8936 535
15984 19741 25
12483 17634 159
4805 14570 750
11766 2431 13
10456 1579 794
17064 9902 1032
11771 12756 750
513 17695 489
6918 14123 379
9066 5799 794
3052 6231 117
14268 19016 508
6356 1193 750
19725 16825 1030
14314 19173 253
1858 8305 750
14336 12131 117
1580 14304 448
17522 8266 25
1228 941 750
14115 12438 535
7031 15125 81
1272 19016 489
14999 2272 535
11745 6963 25
4663 13075 117
1611 4035 896
4380 12828 25
1602 7790 750
13863 10117 746
17803 5956 750
11197 1193 750
15642 7813 25
15284 1485 25
1883 6178 688
1124 4124 13
8621 15330 746
2453 10651 13
9183 2067 750
19268 5956 750
8930 13911 724
17475 18682 1074
15286 17751 535
6912 9334 13
12621 12607 259
19430 10982 259
1815 8936 535
17578 2100 750
9101 3759 750
19828 9841 1032
8988 3097 750
18769 10758 189
8879 4747 746
10890 16773 1030
11970 19164 908
405 17407 117
9245 4004 1043
15008 5754 448
6883 13341 448
16239 14383 65
1360 18051 13
14725 8233 117
11720 14119 117
9090 3648 448
6928 19024 25
1609 7465 750
4214 6921 448
18477 12916 1032
8096 4362 88
10674 14243 283
15147 2896 1030
15331 7882 903
9566 894 13
3680 9892 25
3869 2391 1030
13675 1970 903
4879 8040 25
18176 15963 1153
6044 15661 1060
3008 17404 746
8038 3934 518
8408 14601 189
1334 10051 12
2647 2135 13
4668 3524 12
2916 9294 13
17768 18622 750
8198 11430 898
1646 10841 750
6588 19277 25
16111 9078 794
5276 1193 794
16438 13997 1023
9472 13212 950
14267 16873 34
9998 19186 750
8787 961 117
9041 3360 12
4745 4220 13
16193 5116 81
1476 15210 25
19190 13185 263
5394 5956 750
1399 3455 117
5911 11683 448
16494 14208 12
7299 9134 13
14750 14230 982
158 5244 259
11851 1955 259
19286 10804 25
4190 3391 65
16163 18994 1023
16023 7680 25
19094 16281 117
9426 4536 379
12042 15125 448
3306 11127 535
8128 19764 25
13433 10393 140
799 8789 159
5082 2100 750
5329 16254 25
12522 4086 90
11869 16127 1023
4952 6483 1032
6294 13657 25
12970 9731 1074
11613 1571 25
2129 18149 13
7811 19642 13
13811 16424 1032
10252 8629 959
12693 10590 898
18977 11005 928
19173 3729 34
8202 3765 1023
959 2233 535
6666 17979 750
15636 19016 117
10008 2623 1032
16782 10477 535
15193 9003 13
5921 18686 117
1951 1731 448
2120 17798 117
8128 9892 25
13420 8682 25
2056 11395 750
1591 19768 1032
6333 18364 903
621 12680 1023
5757 16506 140
2220 18578 875
19071 7417 159
13380 2802 25
17057 16254 25
11085 9233 1074
16460 18622 750
7221 17234 1030
8184 2468 117
19575 13029 750
18854 15483 1023
1065 546 1032
9981 6466 750
1193 10841 892
12604 6524 750
5652 19461 13
15157 12122 750
19358 15125 189
14854 10972 898
2225 11693 117
16315 5673 117
14881 575 908
8585 8040 25
1263 19945 117
10718 2413 88
4120 8137 1032
17518 15367 523
10690 3211 1074
7541 19314 117
9283 2811 13
554 7765 535
8296 16613 903
13237 10758 13
12453 18295 140
12371 10122 117
17192 1092 189
9151 8635 259
13796 7064 535
16389 3097 750
19353 19227 259
12807 15844 750
3431 9645 535
1342 1092 189
1640 13817 908
16916 8722 908
15711 10758 13
8852 14184 117
7367 16314 743
17776 5192 908
9759 6370 896
4889 3409 140
11125 16435 1058
4455 9212 90
15625 17372 330
5739 5209 724
10334 10548 140
6587 13941 253
4971 2431 12
10760 1571 25
15890 4969 25
3537 17036 140
6006 4564 908
19815 4578 535
19315 9122 46
7754 4776 140
18625 6952 13
12060 15618 1032
6406 14308 259
1375 9978 746
13119 18053 1074
4805 16472 750
7817 8266 25
1483 1193 750
13507 14489 90
4216 4220 13
10902 17887 977
13044 9519 117
6662 18223 535
7744 17827 750
7294 8105 750
15811 16158 117
12632 16472 750
13517 6519 993
13531 2431 13
15765 16254 25
994 4009 117
6985 1193 750
10945 7894 25
1640 10211 743
14961 1227 1032
7115 17126 25
15804 1466 159
3493 18051 13
8253 4603 896
