948
12285 18627 41
11528 6036 551
5793 17409 648
10340 15393 42
15401 5242 333
15404 15231 38
16377 2959 598
2654 17644 572
17266 5607 168
1379 1896 168
17939 17889 514
17277 7521 42
4290 4672 429
6472 2429 646
680 5360 1048
7115 1539 1048
408 14795 42
4549 3980 333
10516 18372 38
371 11185 795
2523 16641 38
4578 17267 429
11581 1377 333
10395 840 1115
3116 4295 366
12125 1792 514
12963 15600 771
19227 3798 42
2984 8545 1232
5114 6512 333
13637 18447 232
8444 10025 333
11646 6888 945
17017 6832 168
16280 17318 168
7938 5229 42
3519 6445 333
2960 513 168
14162 10452 429
7609 16520 494
5751 12374 447
18350 14865 429
8291 16600 333
7698 5645 333
13626 17914 351
18352 5429 42
10058 11756 945
15767 4865 429
18138 16727 333
6163 17572 1295
2898 17926 1048
62 9226 168
2098 8891 42
17059 282 429
18553 1809 42
16016 4290 429
11237 7280 333
9607 3675 38
18151 17751 42
16731 17463 552
1003 12647 429
18883 9094 168
5848 14780 491
16157 13307 168
16809 7446 648
10790 15851 42
12842 14703 429
5752 18961 429
9944 12140 898
19563 13628 237
9954 18355 333
15697 1789 1265
18827 15010 24
6547 19400 167
13797 16507 382
6057 16738 429
14373 5299 555
11331 18199 515
103 16124 42
18044 15449 429
15393 5492 42
14720 17875 366
7942 3103 945
15851 1447 83
12218 13670 333
18949 5517 916
7552 1766 42
8283 7293 635
5075 16309 90
13762 13606 168
15718 11163 1158
11597 1871 382
10898 14743 602
11927 13444 429
18033 8091 762
18871 15614 333
955 5966 3
14939 19357 429
5905 4283 168
3463 12123 83
13665 13356 42
42 17073 315
5820 6540 168
4499 9046 42
17015 2123 168
9915 10157 168
6545 3966 168
9304 2320 188
3451 16061 42
696 6935 333
4154 13351 542
8814 11957 754
2435 8219 945
1412 834 83
6839 13564 168
19104 3640 42
5193 7710 168
14049 18143 333
3138 15333 42
3217 4515 168
16287 8101 717
18176 2225 1253
17629 19373 333
16727 2075 42
4534 1713 945
2458 2012 333
15543 12631 945
6283 9230 168
1663 11653 429
5633 852 429
19239 2171 429
2187 10204 83
983 4737 168
9876 9259 1232
18661 14988 42
2733 2248 333
5896 4190 1154
7025 14583 168
16613 12151 188
1185 11704 333
5242 1867 333
5395 915 42
6271 1036 381
12047 16016 168
155 13373 333
18290 11772 1166
18204 13291 429
1445 3220 429
255 10486 789
12641 10690 429
4989 18875 42
4079 9231 648
18940 4931 861
9249 9769 42
15276 11574 333
17785 16689 83
5595 3660 382
4456 11096 143
683 13340 771
18079 8528 552
11287 16696 945
14458 10141 333
19046 16536 168
19286 5731 1066
15953 17937 333
11961 18047 910
16738 6672 333
19230 4805 515
10405 16965 188
6706 13666 515
6341 18256 429
533 10058 168
3935 9000 429
4900 8003 288
12671 8518 724
11256 11960 916
17819 9064 168
19154 5151 429
18127 17046 42
8305 4124 635
19136 7231 429
1338 10422 552
11344 11574 42
4693 11574 945
15637 14982 429
13869 9061 1158
2417 10352 42
7185 7485 168
18701 19511 168
16013 18571 333
11388 6353 168
12727 4424 168
5349 4467 42
10096 14662 650
13518 1815 333
2475 13893 945
5751 5756 168
16998 1003 429
953 213 42
19465 11167 333
14187 18452 333
2356 4178 333
4528 10306 1016
16043 9857 333
10823 10823 1060
10590 18328 168
18349 11606 429
9093 13352 762
15562 5129 168
11281 4058 168
6839 4459 168
12575 5274 168
9104 16287 188
13164 710 429
6185 8345 945
3870 78 168
5626 5613 1124
19417 1263 134
17999 10399 168
1638 4250 168
15140 96 45
7938 5570 333
17893 3048 762
7747 7636 168
4332 13128 333
15009 3899 168
3535 10106 429
4615 2717 429
15452 896 467
10927 7630 42
14660 18221 555
17006 6413 945
3322 9064 168
18260 13319 422
3062 3799 90
184 5166 168
8592 9178 38
1347 15132 515
17175 18352 42
7128 13428 555
3149 17717 168
11784 6655 168
6872 14416 572
5517 18949 515
13499 14859 168
2771 13485 429
9805 13245 42
1814 16710 429
4046 11222 429
5660 13757 333
15807 18676 429
13975 7330 333
4055 17842 1060
2233 2169 168
9566 3320 168
10419 7751 168
1486 11673 382
6013 5269 168
14446 3714 374
5774 11656 382
16527 9602 160
9514 2141 168
106 16134 366
1057 9093 333
743 5746 491
3487 3052 942
10231 12750 42
13803 19176 333
13522 7169 634
2359 9084 1066
1135 5933 333
3611 862 1322
215 16472 42
13499 18032 168
2552 7686 572
600 4480 168
18912 4606 192
17462 12070 42
7605 3544 333
14262 17388 333
18552 9171 42
1697 13221 552
9995 5758 168
3900 9773 35
7312 5051 42
968 13054 227
7747 7636 429
14715 15350 861
14231 3670 168
17814 18910 429
17338 2413 640
2920 14316 1199
18937 17499 465
4865 15767 333
14207 18123 467
3520 8323 465
1063 13964 382
3749 1496 38
3113 15343 429
18511 9664 827
18403 17082 429
3240 9577 333
7437 3897 575
9353 9604 168
15136 10574 333
14907 15817 429
3700 625 572
14530 15356 429
4526 3270 632
9017 103 333
207 6844 429
8489 9362 42
8415 5166 429
13980 13023 1023
727 14606 168
15064 10523 429
12251 16956 429
19001 2221 90
18075 4515 333
6205 4749 555
10172 17284 429
2355 16077 42
15263 695 945
17462 12070 429
13683 13114 429
8754 13077 1060
11469 5049 38
14341 7303 795
927 11134 351
11344 14291 333
8578 6769 42
9047 9025 161
4530 16081 333
2065 18158 429
10228 15906 429
12426 10707 168
8410 3700 429
2838 2060 664
11616 2034 42
9033 7853 333
1015 16735 83
4818 2767 168
14757 2343 762
18838 10243 168
4851 19037 333
5748 3487 827
18946 15800 497
13343 13484 333
10707 12426 429
16417 19237 15
9162 13244 333
1263 19417 180
4809 10950 708
7494 103 168
7257 1725 762
15032 19186 83
7754 2060 168
15843 15290 382
3036 14795 42
19330 14247 168
18649 3799 419
4931 2484 333
1764 9651 83
4774 10464 1124
14477 2621 1232
12159 11411 224
10131 9291 168
15968 13812 782
4108 10828 333
4059 8098 42
16132 18089 467
5026 18355 634
8267 8997 191
6346 9108 42
15684 2257 168
6257 351 429
52 19104 42
1669 14790 224
19501 6434 38
6465 4826 41
8568 8513 1125
1219 6387 552
1247 15439 729
5637 1170 168
15081 10070 648
1673 14547 168
15134 7396 42
347 1737 42
2229 1692 1066
5825 9596 333
2652 495 429
17811 17077 1048
13026 7712 429
2371 505 429
4189 15916 333
12426 18532 429
4398 3783 42
8112 15870 429
5926 8424 42
7621 16836 572
3012 17355 168
5280 1346 429
15132 11806 515
7943 5314 168
2547 1528 42
18906 5342 168
17901 10550 382
4300 13789 41
4878 18331 83
11322 10463 0
15107 5498 429
1830 8284 38
15633 8749 168
7942 15369 168
713 18875 168
18799 19046 168
11701 3700 429
15767 4865 42
3312 13296 188
12491 17684 168
17454 4451 187
17144 16282 42
5710 8529 161
7852 16016 168
7071 12921 1123
16177 3265 168
18622 11714 945
6326 12648 168
8267 636 102
3891 17417 429
17411 6636 168
4459 12552 945
9702 14439 333
7942 18094 168
2226 12983 333
10792 5058 168
17393 8040 1123
8821 3215 650
14757 10293 168
3832 2767 168
1029 19526 429
1558 9435 168
14961 18797 42
2344 5160 333
2167 15285 429
17367 4003 168
7751 10419 429
18632 17927 572
2734 7682 168
3908 11574 429
4102 15905 494
11879 9515 429
13122 15541 168
19025 3867 753
1177 9210 38
5848 706 41
10752 16228 83
18591 4761 132
14711 16375 382
52 8626 42
8433 2394 429
15406 17724 429
5570 417 333
19488 18730 916
17814 78 429
12384 19247 168
19227 5049 382
17781 14138 1189
2890 3627 429
19418 666 224
3055 1553 42
5119 2518 42
15813 15599 905
5341 8948 1194
11384 5994 333
3101 17875 83
17772 11901 168
6131 8980 930
4187 17267 429
7255 2543 168
18688 4862 381
2981 1379 168
1627 16151 429
6476 12112 552
10514 8347 1048
14817 18042 945
7685 10982 168
11155 5124 333
18910 10533 42
10972 12852 168
8132 71 467
11693 15525 168
6207 12374 333
18440 14695 168
11930 11006 333
17661 7380 1265
1865 2319 42
8100 2990 168
8309 1858 559
10046 8238 945
10614 18176 1253
6940 351 762
12972 10962 429
10436 731 333
10587 13589 382
19441 18370 168
11580 3642 161
4352 2828 187
9626 19176 42
2598 4449 429
11952 15133 161
8418 12768 15
1751 1346 333
323 12746 632
8764 7673 333
15005 18123 491
9142 7579 602
18699 10828 42
12165 6950 429
13674 3717 187
2301 17059 429
2468 3220 168
10484 4884 572
17811 17332 515
1505 14522 429
19286 10024 1212
16114 15153 168
13282 15339 429
5716 9963 168
17104 3893 333
10793 4482 42
18158 6478 429
13805 665 1216
13930 11144 42
3122 3213 342
15369 7522 42
1809 9519 168
14117 7193 42
2620 15567 42
13697 1347 15
7909 5759 42
17629 19373 168
16844 10146 725
3072 6979 429
3032 1867 429
2652 495 168
17587 198 42
7157 2026 429
18434 5331 83
6950 7837 429
6701 13541 635
1519 6947 38
1377 9984 1113
4128 139 159
8670 12647 429
2568 13953 333
8132 17778 41
12285 12735 916
9626 18632 572
2505 16112 555
1337 11385 429
507 17688 83
7721 13040 42
12346 18767 41
15953 12834 333
14679 6990 429
19390 16814 429
7110 13898 1005
3580 3771 168
17000 105 1066
1611 10072 381
6300 4966 187
10814 17654 168
12019 4240 945
13266 6901 168
7340 13589 38
3075 7477 333
798 7273 945
1300 1269 42
208 10668 42
16272 2694 1060
10778 6786 1145
13226 18140 168
16659 441 168
9960 5711 333
6994 11988 985
6387 2574 552
16564 14416 333
6596 17064 95
15208 7846 646
7510 19513 168
1995 4361 168
12956 10478 429
8391 12301 975
16124 103 333
16204 17310 42
3789 16865 168
13350 16294 572
2005 10831 41
7642 5499 42
1499 14469 820
7522 11099 42
1487 15175 168
3352 9519 429
16738 6057 333
13307 1711 429
1814 12176 945
15406 17724 42
12720 5127 555
18643 12829 1048
15393 10340 333
16679 11960 41
2731 9253 635
17932 12340 333
7465 5453 1273
5898 15231 83
12455 2681 1060
13245 2456 42
16753 5049 1005
4733 4382 41
6694 10423 429
17716 14635 42
3378 10793 42
11862 13644 323
6072 10743 333
8813 6694 42
17145 16933 333
15133 6969 1125
9043 10705 753
17703 19468 351
927 8224 351
11944 14985 429
17116 10920 42
19025 18609 382
322 9660 224
12693 18392 38
17504 15599 382
2344 5160 42
15705 5002 8
15440 2319 42
16688 16948 429
5559 5740 42
18370 19441 168
3111 2213 429
17927 17296 429
2677 9217 42
14986 14045 552
16612 7395 861
11652 7938 429
2522 5756 429
2091 7786 83
18937 2709 355
1481 6697 168
11417 915 333
372 2060 264
11912 11128 333
14493 1481 333
832 13142 429
4793 7259 429
2617 4670 168
13367 8272 429
1411 12379 429
10869 5876 15
6560 7039 429
13365 10136 429
5321 3025 370
17059 16956 429
7365 5025 429
14250 16251 429
1677 2547 42
8817 13148 42
614 15712 465
19037 4851 429
15299 1334 646
2898 7012 1048
8490 7179 422
9944 426 166
16061 3451 1253
16738 6057 168
5443 12957 168
12671 8518 827
139 11188 1211
3352 6057 42
2328 10050 333
8279 3349 42
1608 18352 83
15540 1907 945
8670 16998 168
6093 13474 333
12659 17940 429
17207 3138 429
7245 11580 607
8548 8565 429
5627 15449 168
12732 13091 429
9458 2827 638
9227 188 333
14428 17059 429
4424 17505 168
16699 1713 429
18554 3523 694
1789 4693 168
10491 3113 429
17377 598 42
2404 9174 83
914 6815 429
4227 2349 168
3660 379 338
1077 9234 928
382 13793 1084
13641 7222 429
6714 558 38
2668 5879 762
17104 6615 429
12956 18848 333
15581 13368 83
16195 3274 167
359 981 188
17904 13148 42
1688 5880 83
18427 2247 811
10243 18838 429
2960 513 333
9125 18919 821
9125 18919 429
15315 299 945
16894 9205 1060
3460 12012 315
5759 7909 333
8632 9548 333
10117 12403 429
18791 1548 1285
12487 16060 168
18848 12956 429
5570 8881 333
4688 1862 188
164 9224 1121
9241 16877 3
15406 10022 333
9395 8661 333
5230 3758 382
16956 11509 42
17636 5461 429
3428 15349 168
14049 2518 429
14652 253 168
8566 5439 333
11031 8319 168
18159 18044 42
18719 16686 42
7614 1445 42
11878 4737 42
3252 3161 42
5919 15595 429
4700 11079 429
6687 3668 168
8153 1811 83
8875 10697 760
5433 479 429
6364 7231 429
18915 14433 42
11349 1924 168
4929 6229 1121
15247 1392 227
2315 7669 1102
6575 7271 168
3188 2614 429
4945 15352 1048
6175 1714 945
16116 4943 168
206 13501 90
216 15396 429
8605 18952 168
10496 13310 555
14865 16267 730
5655 13437 168
8540 8318 429
15401 16080 429
7802 8621 168
6694 8813 168
6206 922 38
8689 13882 38
9909 15982 351
10610 4250 429
16642 14362 491
8974 4028 83
7186 3941 168
1615 192 1048
18300 15114 168
6668 13368 382
17318 3653 42
8175 1593 916
10434 13752 1016
13713 3405 168
13864 18885 515
2532 9233 333
8609 4924 916
7087 10853 429
1867 5242 42
6479 14337 429
11215 8007 533
7366 5309 168
6211 16502 382
10280 13610 333
9049 6007 634
82 14264 83
5600 17897 168
2356 4178 168
11601 9728 1125
2232 9650 83
1505 13873 429
10228 19033 168
14888 3912 827
13689 3692 827
14307 15626 333
6175 2177 333
8580 15611 635
15520 12140 898
15234 3394 1084
839 18791 1285
17661 14576 1265
12496 6604 1273
11277 18888 168
10977 5231 1247
2518 14049 333
2340 16998 168
10118 625 168
16735 14096 1115
9869 14896 355
3240 17866 429
14582 4857 168
1867 3032 333
1694 8698 552
6142 9987 333
1215 19090 357
11135 1603 429
1522 12668 168
11382 17574 333
3945 990 168
16741 11715 429
5730 3493 429
11335 16688 42
8079 16264 429
10286 18498 83
9261 15988 1121
18822 17406 251
4607 3728 42
16933 10533 762
15396 16181 429
8496 16729 382
15304 12815 15
15020 5767 515
6093 1097 512
9438 17305 429
8972 18059 333
11869 18571 42
1327 12268 827
17404 10352 333
416 18094 429
9869 17535 465
913 4712 168
12546 836 83
19212 3322 168
4741 10574 333
4558 4637 945
6535 17607 648
18848 3032 429
7916 10303 429
5193 6790 945
3593 3698 187
3891 15369 572
7427 4691 465
17879 10058 429
1865 7023 333
4575 5711 168
6357 7951 42
18411 15103 333
12679 9222 1115
13666 12151 1048
12180 1558 429
13447 14871 83
3526 18843 60
7783 6096 1232
18478 2888 1048
15260 3794 42
6946 13614 333
13610 4254 168
2960 18075 333
15401 3086 429
2394 8433 333
18626 16086 429
9918 13023 168
3135 12208 429
6270 14616 820
7393 14988 42
2499 13063 42
4256 4429 916
1713 13493 429
3126 18191 429
17401 5751 429
10869 14207 188
12786 8756 187
12767 9995 168
14815 18331 257
9487 18573 422
6737 18869 494
5382 6687 42
4005 83 42
16405 15513 333
19169 1292 168
3884 3130 355
5215 12795 168
13606 12003 429
16911 1170 42
1109 12269 333
17968 3185 429
796 18579 795
10436 731 168
12144 11046 42
3738 14273 168
15706 17491 491
19076 13499 168
1411 1589 572
6681 2189 942
10671 2670 42
19465 16730 42
13753 3335 614
12125 16493 886
6225 5207 555
2476 3799 168
6176 10831 41
13609 5842 168
17711 9343 429
455 5750 3
2182 4672 429
5226 16061 1253
9853 16544 168
19163 12439 143
7100 18865 945
13320 3065 333
15307 2620 333
17573 16443 431
17966 9274 42
16964 17162 83
17388 4408 333
16813 18557 953
10766 6380 429
7912 6340 83
