291
18259 4258 67
9852 12158 569
4338 975 569
18810 16435 841
16141 9160 158
16563 11010 1249
9081 14469 925
13047 2005 1135
7375 11033 497
3153 11425 569
18164 18575 397
13617 18696 784
10462 12145 717
13654 2602 894
7843 11376 894
17150 17345 717
7895 9815 704
3068 7984 569
10871 7922 925
16165 7065 546
311 5998 1135
14110 2667 1244
8037 18441 841
3609 1609 717
7903 1407 925
2051 16091 305
19026 7155 1244
18662 306 535
5420 5014 569
7895 19539 704
4771 9719 841
4651 18457 540
1028 2869 67
15871 559 474
19461 9729 349
13824 14016 1283
1599 4250 478
15621 17807 305
15159 2252 925
15557 3853 841
9588 2524 869
10684 10702 292
2305 10549 925
2979 17803 547
12562 17335 1154
1230 5775 369
9642 73 569
6461 6485 478
15825 11323 926
15581 16101 261
15557 1323 841
13172 6199 285
6508 15678 1051
4220 306 535
16503 19007 925
17607 4181 478
11729 537 1251
104 1180 925
14608 13131 925
1235 12754 569
5132 11085 1031
432 7894 925
18662 2280 535
18938 18938 1031
125 1375 150
16641 2080 1135
8114 9751 569
5945 4952 67
2014 2709 569
18662 11285 535
273 19127 305
1201 9738 841
2671 8225 894
13494 11323 540
4797 17714 911
17188 5967 1225
9109 10665 828
16159 4378 925
18085 14356 1181
17256 11332 1033
13669 16588 841
9638 2939 911
8656 16372 885
12170 15880 285
5118 11173 569
8914 5420 699
2464 4993 1075
745 19128 535
2345 2760 1303
17203 18723 962
10785 3933 925
5118 13944 478
16525 16525 478
7945 4410 717
19076 6400 926
18369 10123 925
4108 16372 1135
15366 11194 1249
11571 13085 1084
175 9465 1288
10924 13589 160
4005 17523 717
14110 15025 266
14698 12501 841
14762 9920 401
13983 349 717
19092 16647 1
17072 17072 347
7375 3314 497
3928 8028 860
5797 5653 925
14894 19405 441
9720 16083 851
12071 7455 1249
12241 17720 736
3366 2411 717
4955 10695 569
18555 14196 1135
7048 18416 1255
9630 14339 541
14799 15164 1033
12168 18629 911
9255 9924 866
6565 6171 36
2600 6026 1166
4563 2404 397
2248 15434 638
875 19564 894
997 11337 869
2540 5042 569
13678 5001 925
1902 14792 285
9545 10516 925
18555 661 1135
11353 18491 535
17523 7121 717
15701 9204 191
5692 7889 376
17297 17549 1031
5877 16887 569
3773 14066 717
19542 1934 926
17603 12834 717
15294 11095 722
11656 9631 1031
6460 6241 67
6115 2128 1201
7614 2527 1166
10430 14382 926
5169 4836 659
345 3551 601
8386 9160 267
6839 10937 662
8574 6055 717
13466 13676 1249
16060 19470 736
5568 9081 925
5103 13771 285
15005 3339 71
10897 4928 535
15947 9157 569
19360 6764 1178
11876 2740 645
3407 13647 638
11881 6467 1244
14213 4499 925
17837 73 925
12947 16996 638
4302 4417 717
19267 5440 717
5227 17939 717
9255 9924 1204
11726 1232 841
18298 17136 925
9139 11917 621
7069 16170 601
13824 939 1283
9661 17335 1154
575 17345 569
9315 11834 1151
11033 8128 478
7204 7367 1063
3426 18327 51
1259 17237 894
13172 2844 662
5561 4363 717
14506 773 717
2923 8233 638
2706 12930 387
10006 1736 1166
7678 17611 926
4338 13134 569
13695 11566 822
17745 4229 783
4959 17342 925
16232 18852 456
17373 403 869
16395 4899 569
5440 19267 717
1187 12160 478
14004 16264 1249
14697 2328 1249
7650 10138 456
3148 16889 1264
5021 15968 48
8996 1602 925
670 10657 647
15291 15185 1255
16531 16499 569
17585 2093 1283
14606 15098 925
2834 11222 851
3079 19531 925
16468 7632 540
10544 16293 51
10335 17781 733
17405 18576 767
17767 1782 926
16193 7512 569
12651 8171 717
14093 19095 285
5252 11942 601
12847 17 662
5068 16973 160
14213 17982 925
13172 9475 285
6529 10046 767
11077 2282 1135
17611 9659 1178
19367 17870 1033
8087 14868 285
12771 4881 524
6677 7957 894
15701 2128 191
11033 5567 1244
18810 15767 841
10000 259 925
11914 4056 1031
10244 4533 1225
3762 11538 531
16713 8146 925
11849 14512 638
3292 15164 397
4812 5191 98
18747 9735 486
17807 1404 955
7804 17176 1249
17611 4233 1178
16136 6465 1051
1180 16483 1154
17074 13047 1120
9087 4369 51
2556 14856 717
15195 16091 717
15720 10021 717
16085 5701 955
8418 10221 925
17532 9263 717
7204 7617 51
11743 2123 1249
5945 11476 67
6015 546 925
12268 11772 478
11339 15640 1134
6467 11463 925
18399 9550 305
10430 3907 926
5494 5072 805
10257 9886 925
17184 1406 540
9955 9710 925
17286 159 407
9556 13963 1201
12278 18548 1
15701 9204 1276
18697 17348 925
10205 19151 569
5992 14674 682
13316 4551 1009
13725 16021 911
16608 4328 285
7678 11832 926
6104 7753 925
3671 11078 1051
8549 3129 1249
11729 13182 153
2320 18946 1075
14460 10695 569
12332 11330 1225
18655 5748 1225
3392 10695 569
