1070
16237 11950 921
11294 6388 1030
1884 2780 580
13769 16025 528
4721 7951 139
14924 10899 647
9194 11002 847
18064 4625 730
18572 3743 626
8100 950 139
13024 5062 58
7971 11905 688
8360 17128 688
19514 72 538
15325 6974 1040
11442 18109 1265
7702 9129 16
1222 4581 8
16427 4841 946
18005 13499 498
10262 8853 1253
7540 8967 1073
12896 10364 1265
16715 8212 648
3247 13570 139
11298 13139 139
2637 13410 1265
16615 4739 194
13067 13156 888
14896 13364 676
6321 6626 264
10011 8521 493
18059 7332 946
9918 8530 688
15769 19492 1010
11240 12600 1137
9538 19468 893
16888 7951 139
1164 18445 58
6093 7670 951
7958 10345 802
8722 10705 1086
11909 18634 1265
19429 17437 893
18910 14882 139
19347 6156 907
1429 10262 1265
11755 13673 1265
1782 155 967
17707 16019 1265
6827 7105 732
9270 9476 880
13140 18437 942
4 17780 320
2197 7293 647
6443 5596 1179
18669 14796 894
17520 13569 847
8633 6417 480
18754 10679 348
4743 9147 668
11429 8399 1145
3936 17371 1086
1227 1227 480
7540 16718 1030
18424 5487 58
6627 569 1250
13946 2627 1190
5882 4593 893
9790 19074 719
18110 5449 1265
2392 2833 12
18797 11705 810
17054 10467 1061
18017 17884 688
1819 18129 1278
13547 16909 893
15403 10403 1265
14329 6891 234
14809 7605 847
95 4841 946
6809 10786 264
4879 15910 1190
11779 10345 802
11568 3300 58
17386 3290 1036
5857 16242 360
1442 16473 1265
13384 13967 1073
10667 13427 1073
5712 2809 58
7210 950 139
6465 8827 1091
1219 19544 951
9240 10156 688
2194 6327 1036
9442 11705 810
14911 7937 1241
15984 10148 1278
232 13669 1278
16753 4625 893
13868 4544 946
19443 6788 224
18109 19424 893
14556 15594 1278
5129 4613 250
11276 1485 1265
3502 3894 382
18070 15526 668
3499 9354 1265
16012 4382 676
12658 2045 1036
9719 8241 956
9826 7332 946
9484 10990 12
7007 9354 1265
871 13959 668
7718 6972 139
6052 8894 1253
10932 18673 1010
18677 9982 1113
6432 14443 1278
6718 13084 264
4210 13933 894
1074 14750 894
6586 13570 967
631 8173 1073
1289 19062 747
3898 11381 747
16230 12008 1036
11771 13760 946
19195 862 1278
7574 18457 1010
5992 8827 1091
5331 5603 12
1392 14575 348
1325 2668 946
5091 452 1250
11623 10926 1253
10779 206 668
16302 3920 580
3621 13669 847
11610 5333 946
15155 19318 647
5061 11451 757
16534 9324 1036
16079 15595 893
10915 4397 783
10872 12965 276
16450 3620 893
3404 17437 893
8196 3449 264
11856 463 149
18196 15606 1179
4930 12793 91
11137 2628 668
10158 14820 1253
7827 14820 1253
9675 16971 493
17859 9147 1131
11438 12500 669
12994 17909 946
5556 7978 1190
18311 11908 250
5062 833 1036
1438 14588 688
19182 17909 946
3881 13389 946
13728 6495 1036
3620 2061 224
9189 13477 920
6646 9370 783
7668 11363 139
3613 14085 405
2604 14198 1036
1768 8712 894
3510 8900 921
15663 998 276
14443 9766 454
17986 5189 1265
11038 12466 1017
6813 18696 894
16472 7951 139
7808 3101 1036
3462 15285 1212
16354 4572 921
14635 13679 746
6074 14240 921
3130 1863 506
9302 14820 1253
17645 1928 1265
3391 19443 893
14976 14422 967
11080 1180 1010
18314 2833 732
8013 18152 1265
10003 14422 139
4006 8675 967
2092 10345 802
1358 15539 139
4043 9629 1073
17602 16178 539
13092 17272 1036
9672 5279 688
18952 14614 1265
19396 7826 888
19456 19062 894
4145 12957 9
5657 7332 946
5672 17700 508
8258 2045 1036
14801 14878 893
15908 4593 893
1636 8240 580
5229 16492 688
9845 593 1265
16478 9147 1131
13201 13041 959
5560 5988 1253
18577 7798 1253
1370 11117 1278
11052 2332 1017
4007 15293 893
14753 15829 944
5505 11363 139
12891 293 580
762 16111 1265
12375 18759 58
6324 16045 732
7313 4544 946
13756 9042 732
19564 18290 951
14322 3718 842
72 1162 730
9651 5351 234
12925 4637 580
19044 16173 139
5274 18661 498
6613 6771 1064
8382 912 8
14504 7250 946
1896 5262 310
5429 5071 946
14237 19416 1076
4684 15293 893
15233 9720 894
9061 15943 893
14413 14422 139
1523 5966 746
14546 10957 1036
12120 14443 433
14072 11252 1265
16518 2292 746
11639 3926 58
18565 17437 1263
10482 17822 234
10059 2692 1073
10360 15874 783
7754 5361 1212
2397 16782 1089
2573 4105 211
3437 11206 264
8946 10477 703
14937 206 668
6082 1354 13
5994 18448 58
4785 2613 688
9617 14856 12
1401 2184 688
12648 4358 139
13647 8648 139
6803 16465 1036
4599 3734 139
397 9730 126
1529 3290 1036
8521 8822 880
4182 3260 956
11205 13156 15
17331 19103 847
12934 4593 893
950 17062 920
7688 912 8
12357 14000 264
18392 9656 894
13921 862 1278
10672 7771 506
15572 4430 894
4503 655 1250
6994 6234 1086
2558 5351 234
11052 11381 506
9072 12077 1190
12336 9966 1318
8700 14422 967
2322 6583 224
14521 2767 139
14759 5625 1253
2669 5480 1190
5250 12598 688
4643 17822 234
18426 9287 1250
18946 3176 1190
9372 9301 1099
15648 16904 1250
16313 11152 1190
17798 5940 1040
10988 13389 946
2970 18159 1265
5308 1262 1073
16620 12312 894
2357 16045 732
17605 13477 920
1412 5888 747
16139 2263 747
5839 8712 894
17659 5655 1190
17321 10467 1061
1727 12237 1265
12624 3894 126
5691 12559 688
9599 16219 1318
10483 13964 688
11442 17371 1277
2401 10378 1265
5802 15307 1030
11438 2265 1265
7758 10534 821
15608 2668 946
6671 7250 946
18730 16081 1265
1208 5071 946
12990 14658 1278
4793 5940 626
4811 4281 746
5965 9399 139
15968 14631 58
18286 9345 1077
15119 2156 893
4793 11356 320
1607 1483 688
5080 2933 264
3020 3784 893
4300 8572 58
5189 9340 1001
15317 8445 1253
11885 7938 58
12708 16782 647
7708 17370 139
18770 11779 387
19105 4533 732
4836 5673 1030
1222 4449 8
8909 17288 1073
14620 3392 1265
2472 9165 1036
8018 4634 139
13443 10977 139
19454 19062 894
1082 38 946
1150 13739 1278
15532 15850 1265
5971 5399 951
1384 7844 139
7730 2562 946
12537 8232 91
14553 13197 1318
9897 19051 944
8536 1056 1086
15277 12053 732
9699 10340 688
18577 6945 1253
12871 16080 688
1617 14631 688
10517 719 276
4487 17526 539
5218 6541 264
11681 17437 1263
10771 8296 1265
9439 12723 1250
13704 8016 821
9124 19318 1061
13423 13710 1064
66 13156 445
3220 9866 1265
5762 4164 747
6134 10037 12
2105 12418 1265
18647 1539 444
6350 11414 1250
14056 5333 946
1222 9720 894
790 480 921
15541 5351 234
10101 13272 688
978 16080 688
15205 18230 276
14322 19118 842
5396 18011 1265
8184 1917 1036
16177 11356 320
16406 14026 688
5939 3344 1036
8220 7601 810
3723 11456 1265
15861 4841 946
10614 5708 139
11152 4978 1188
2992 17437 449
7063 7356 732
12500 3231 1113
19197 4978 1289
3354 19424 888
2096 11279 1265
2721 14991 58
3081 6243 688
12168 12053 732
17639 11084 1179
2815 5333 946
19348 18744 894
14746 17437 1263
14057 8675 967
11783 19075 783
15282 17437 1250
607 6434 1030
6069 1963 1265
7489 6511 1163
12236 5741 139
7861 8188 1017
8649 9006 732
15646 7382 1265
10386 38 946
7673 7714 1253
10126 13150 360
16822 10275 1073
6096 1308 58
7600 17822 234
6719 18457 626
8217 16230 688
2327 5988 1253
15632 16324 821
4859 5486 58
2882 4280 580
18302 14589 1073
85 10514 888
17331 19103 1278
9498 10899 647
5129 7302 669
9382 17822 234
19297 17061 688
6027 17601 376
213 13114 264
11120 19134 1189
7769 8984 142
937 14050 732
8214 1719 333
15189 4584 1036
809 1482 1284
293 4858 1010
19229 684 1005
19563 15569 1265
3900 7951 139
5601 12053 732
5579 3114 821
17235 9150 741
13370 17306 1318
13966 8572 688
1262 18791 1278
2936 13723 1318
7022 4625 893
7406 16481 1030
12723 9527 12
12625 1658 688
6061 2832 580
17253 13212 506
3046 7332 946
16156 4337 894
17486 3023 894
5951 18716 557
13750 12032 688
4120 16066 619
5206 17822 234
4611 7601 896
9220 16066 619
9022 18502 1073
14316 18589 688
13042 15742 688
7274 19346 1073
11406 73 893
15055 4363 211
7057 15097 821
9850 13570 139
3267 7332 946
5703 2833 12
7410 5999 1290
17138 12950 1265
517 14135 1265
16924 15293 893
14788 19425 139
5766 2511 760
2373 11164 821
8401 11122 1036
11650 14020 1086
17899 4544 946
2733 6473 1036
5288 833 1036
17513 5988 649
14489 12937 688
13807 15136 946
12953 9228 1190
2157 16426 1265
16530 15480 688
8188 1987 894
3224 73 1250
12739 5899 139
11449 17815 847
17544 4719 688
7054 950 139
14874 15742 58
1590 11602 1265
8719 17885 1010
14785 10434 946
18123 4841 946
3790 17288 1073
16987 8240 580
790 16444 139
3 1774 1253
10364 7885 1001
1330 6042 58
10064 18582 842
7706 1249 58
7405 11349 1073
14419 14176 1017
3056 4763 1265
18849 12046 1036
14326 950 139
2015 2184 58
3300 514 1036
19137 4593 893
16450 6127 893
12230 17822 234
16894 11363 139
16223 6465 746
16855 274 360
9090 3114 747
14174 10488 264
191 13569 1278
8308 7601 810
9798 12949 139
17202 515 732
10979 950 139
1340 16178 539
8811 17771 264
4048 18639 58
9874 13139 139
19056 9436 9
10435 3231 1190
4760 13032 946
13966 15742 58
15112 3638 847
2381 15067 58
4069 11084 1290
1128 15136 946
16852 15293 893
9487 9898 1017
6216 8172 704
1915 17908 580
3012 12949 139
4569 3368 894
2332 4533 732
11345 12842 1121
18962 5677 688
1035 14264 58
7668 5210 1190
16859 10114 920
232 432 1030
17239 4533 732
1340 2550 746
19176 4458 58
17922 5733 1190
627 6891 893
3934 13613 580
5194 15874 783
3364 315 946
7101 2697 704
18017 18018 58
17985 7951 139
16106 10377 946
13205 8212 648
4558 4435 1249
7218 737 607
3723 11950 1190
7595 9953 1265
7112 15389 1189
13277 1382 688
142 15790 1085
6061 13960 821
5926 4643 783
8984 11351 498
801 19463 402
13268 19526 946
17002 13864 894
8139 5819 264
5162 18285 921
11781 2742 506
2670 13623 821
8231 8389 66
18267 192 264
6545 3769 944
9398 6808 1253
19357 17822 234
9487 9720 894
11365 13314 688
4856 13847 1253
17254 15612 596
12266 19443 893
10332 17072 1190
18155 10106 668
19061 8827 1091
7928 9784 12
12293 3894 126
5319 5187 1036
13200 18982 1030
10756 3612 58
9550 15521 39
6881 14832 967
18905 19492 58
19059 2089 944
15907 4200 893
19001 7026 1265
16189 12949 139
7176 17161 660
15597 4022 732
19407 3743 676
19441 11042 1265
13418 5333 946
15417 4593 893
1616 11705 810
9867 12065 626
8647 3260 956
5177 17272 1036
6325 8016 821
1485 530 1253
6240 16919 1234
18274 8008 1265
9412 2156 1065
2539 16945 506
10178 12750 1073
8295 15307 264
5904 2177 732
16317 13931 58
19409 4222 783
6560 5988 1253
9908 14467 264
3526 7670 951
13026 12344 1265
10463 7201 1017
18551 2212 409
18309 14628 894
75 10037 12
15019 18109 1265
7939 10403 1265
10645 835 893
8113 4544 946
3710 1599 9
1222 8969 8
1010 14543 171
13685 5333 946
8018 13328 1250
1171 17370 139
8699 946 688
14804 11020 688
15652 3769 944
13015 18011 1265
1979 12741 730
11536 4544 946
13237 17305 454
10661 12053 732
7943 7672 1265
18709 18185 1040
1271 10223 1073
7835 7667 1265
2717 17329 1036
16878 11783 732
18182 192 264
9203 950 139
4736 12600 1137
14646 9232 264
5175 4544 946
3408 12949 139
7370 15293 1155
1568 17437 1250
17778 16081 1265
2329 10403 1265
16963 1114 360
5041 5486 688
16664 18301 944
1477 6908 1073
14422 6176 1189
845 19492 39
2930 16904 1250
1863 8582 1086
18804 18416 880
1744 8669 1030
15435 17330 264
7432 17822 234
1704 440 894
10353 12949 139
15369 15136 946
14228 5951 1086
1407 648 893
13488 4337 894
17551 16045 12
1248 4593 893
11269 9966 1318
19057 6269 688
15853 3550 58
15054 9189 139
15037 2562 946
9205 7211 327
18971 6623 1318
8833 530 1253
5550 13084 264
12299 14743 1127
9634 4276 821
13340 4625 1065
3469 10926 1253
3247 6808 1253
2396 7823 688
6948 12030 1265
6812 10715 1265
7755 8232 91
7662 239 454
12882 9186 946
18184 737 842
16051 915 1036
15838 8103 1010
2114 2890 1265
2449 821 1137
5564 13570 139
15142 1719 333
12682 3101 1036
4354 16974 946
19456 6623 1318
4128 19318 83
13460 10476 688
3460 18738 1278
3564 6319 1265
3524 12053 732
5216 16134 921
4857 15972 580
17399 19131 648
4642 13569 1278
17366 5588 688
18714 14045 847
5579 147 946
15574 19110 730
2221 481 1265
17331 1414 508
5593 13547 1265
6864 1407 1278
19342 9538 1278
17266 9882 893
2641 12053 732
16257 13057 1234
17024 2668 946
4316 4142 688
977 19035 1253
6876 5833 1265
9066 344 1265
12095 5262 310
1369 14537 1030
13897 9257 264
12405 18812 1253
11446 19075 126
12831 8966 224
2239 14950 9
13901 15928 403
16643 10768 1179
9571 2671 1137
17669 4625 571
10504 10029 1036
1631 9100 757
1386 2194 688
2499 12756 1253
6359 13084 264
8579 5071 946
14022 6623 1318
10863 924 1065
14728 6234 1253
792 6564 688
16241 6249 668
17182 13534 1190
6371 17025 139
2451 5319 688
16399 19270 1265
1318 16239 126
12346 8714 360
9649 17780 320
7938 11813 1036
4111 3176 1190
11341 10092 1265
8438 11813 1036
15273 286 480
14852 16660 688
16575 10434 946
5858 4200 1065
4865 12442 688
18719 9919 505
13139 4044 360
6826 12586 1030
13701 12053 732
6214 9191 1253
1779 19569 454
16447 1347 295
319 18567 454
501 384 937
13150 13316 139
8867 13192 741
4658 7522 888
2813 4533 732
15742 12008 1036
3096 16580 58
3080 10748 1250
4257 912 8
838 8853 46
19120 17771 264
927 12741 1086
3100 10853 1036
16378 6316 564
11040 16134 403
6062 19290 616
4578 17437 1086
2609 6623 1318
15227 8853 1253
10521 4435 1249
10709 9497 1039
18952 11040 264
17253 14181 894
10022 2913 946
7141 16564 1265
15487 7302 348
15302 15217 1017
10829 8660 1250
977 9340 1001
8915 6939 1010
19229 950 139
5271 17718 139
17256 5443 730
19317 3293 1265
9162 14652 264
4692 5463 1137
5134 2763 1265
330 13492 1121
2902 10546 1030
12380 2562 946
14093 17437 1065
17824 5351 234
8486 7966 783
7240 13416 1265
13749 11933 1256
14526 17716 1265
227 17437 1263
2942 13477 920
5975 14974 676
19144 3063 1030
15447 6319 1265
4572 6176 1189
5158 4739 921
17175 4227 951
12061 530 1253
12380 14792 946
3812 8399 1036
5961 13760 946
4220 15293 893
14331 16457 647
8551 16895 376
9969 1249 58
5821 2697 946
1810 6840 1137
11198 7513 12
18389 15307 264
7439 18317 676
10137 16314 58
10490 16457 647
3683 2554 1265
9099 19318 647
12121 15521 58
2981 1987 894
18601 17437 1039
15422 4795 946
19399 19134 139
18127 13669 1278
13693 12430 1265
8102 14820 1253
12393 930 1265
4869 14075 1030
15242 17630 912
987 3283 688
5579 17359 894
5372 10746 139
19429 2782 893
13165 9497 1039
17828 15307 637
3313 6176 139
7317 15972 880
6807 3101 1036
14989 5433 1010
13228 1822 58
10631 18511 1036
18443 17161 660
14947 5934 58
9432 10057 946
13327 9280 944
2123 2935 688
13114 10330 1278
2958 2156 893
11679 19492 58
15098 2344 58
6378 14652 264
1732 5145 878
711 9340 1001
19202 17718 139
10598 14961 1265
11945 3290 1036
3702 4045 12
7090 15972 880
12363 14390 946
4843 4544 946
66 13736 1241
15008 9882 1250
19325 13445 1073
8203 19209 944
16479 5430 688
6432 14443 847
5503 10161 688
11364 8675 139
16330 710 1030
13669 17371 893
10145 4797 250
12648 7552 139
6392 17238 557
9772 73 730
11714 648 888
9365 292 765
9095 3351 1318
17578 411 688
10016 6880 1179
1976 18183 498
17073 10108 633
3148 15482 254
10506 9287 1250
15733 4538 648
1889 15980 250
11376 5034 1290
5426 7105 946
9843 14443 1278
19252 7291 1017
18241 6808 1253
1993 17161 454
6407 10106 944
9527 4397 783
10678 17909 946
4543 17935 58
12800 15136 946
12607 10567 688
17826 3710 1265
14437 7324 580
16574 9024 1073
17801 5333 946
8869 17908 580
14595 15367 264
9176 14750 894
16095 7856 894
11240 16045 12
10607 14171 668
8847 8969 8
13279 4533 732
2524 4375 668
18081 13364 676
6928 13960 821
15328 4797 250
14612 16803 688
6739 6249 668
8385 5497 264
7998 11564 139
17262 4544 946
5216 14440 1265
19433 1979 946
18325 11536 1318
4652 11861 1265
747 17822 234
3851 12185 688
14073 17993 1066
5659 13389 946
2765 4593 893
17015 3023 894
7859 8938 139
7370 11783 732
4966 19544 83
7601 7775 1027
9443 18859 1073
5002 17784 1190
1209 13721 783
1289 19062 894
4625 8269 224
18361 4435 1249
9079 19492 58
11498 7326 58
17911 950 139
15884 17826 907
18122 2088 454
19229 10713 1113
12370 14226 894
16420 8420 12
340 3540 1073
1255 18468 1036
19443 18610 12
13150 9594 139
2754 19051 944
4550 17437 893
11561 17771 264
13756 14946 310
14638 10553 236
13318 544 1212
18006 72 538
1504 11188 757
440 17822 234
17275 6965 9
6625 11206 264
15862 17437 1263
7357 13570 139
5883 11500 236
6317 5833 1265
17845 7601 810
12527 10853 1036
17202 18637 732
16664 12837 91
591 5333 946
7103 13477 1137
7208 13570 139
18799 7951 139
2962 13477 295
1126 13070 139
12127 13429 946
10201 19318 647
18430 12993 348
10185 14885 264
8329 15053 1265
8313 12053 732
687 17557 1265
16680 5553 944
2418 7829 1265
8324 13570 139
1470 17784 921
16946 17554 936
250 6039 9
5968 17371 1086
9232 510 1073
3163 8683 1030
13275 5333 946
2530 10912 1010
8029 6807 58
11460 14026 688
4171 17822 234
13797 18640 688
15011 3263 1137
13370 4337 894
10377 12741 730
2186 7938 58
14935 8103 944
