2448
18477 3789 743
18797 12553 440
2937 18729 364
1633 6141 17
15300 1318 183
9344 8350 109
15177 7595 303
8931 8527 17
14718 655 17
18799 17546 17
4981 13059 1228
14103 6891 17
11140 19468 807
10840 9882 17
1528 13461 143
18398 7901 141
2674 8438 440
12722 5248 733
17104 6725 910
8806 6393 1132
7233 5410 303
11324 10270 109
13985 7572 1158
4535 13882 861
7039 16230 639
18797 4445 440
7208 17437 17
15497 15151 303
16399 7927 303
8815 13360 112
3192 4901 34
5671 12997 743
1967 14297 851
12710 133 17
18227 12380 1200
8459 1003 183
6831 14827 523
5364 7108 733
14418 10439 1240
17007 14121 363
12072 6891 807
15455 4941 523
408 4262 1228
8829 2177 34
16453 10216 109
7233 7604 639
1794 9427 364
12615 6362 775
14064 5085 17
4090 19036 17
10649 17394 17
2952 11976 109
14166 14066 851
8657 18968 17
16584 7789 743
13935 8054 910
9595 16769 109
10686 8770 143
6730 3784 743
17713 19215 364
1675 6756 17
4175 13038 1133
19336 15293 807
8042 9116 302
12203 17437 743
7728 7613 639
1111 13156 743
9291 11127 1132
2386 14427 1240
15851 9283 639
12825 16904 743
13258 8914 1200
213 14301 743
19075 7105 48
12215 18638 1146
9714 7094 639
5412 1738 109
16568 2258 172
14837 14212 302
5242 11979 109
5523 15293 1218
12379 14543 17
2703 8622 1218
9049 12627 17
2732 7986 143
11803 988 1132
14361 16528 63
14850 6756 17
6884 14532 109
19057 8340 17
7210 13227 17
10123 18970 743
9620 17869 1174
10183 18999 52
4993 725 910
14732 17359 1200
9361 2549 172
8537 17437 17
3465 17515 1240
17170 4814 416
7987 5998 109
12326 5867 440
7975 7913 17
12499 73 17
2795 7887 302
3284 8202 639
4490 16134 639
7917 10210 440
11283 15595 17
19201 15455 1240
1793 9737 743
4209 18655 743
10423 4497 172
8151 14637 303
14959 9187 851
8821 3673 17
11205 9283 639
19499 9191 17
12326 7590 440
16705 4659 801
2302 9959 743
4879 15910 639
13873 7764 363
13216 7034 1158
17132 14373 17
9004 6101 334
4872 655 17
15953 17004 364
7947 12613 1174
956 9463 1240
8329 7782 303
1138 7919 143
9920 13227 183
14842 16167 639
11624 4739 639
900 2404 172
13469 18025 650
17905 18844 303
6220 5864 910
10386 6578 1200
8633 7789 673
16429 1483 109
7715 13227 158
4029 1318 17
14036 2156 17
4483 16235 1158
6667 4598 440
6996 3189 17
17621 2156 801
16053 9598 109
11063 10861 303
15779 6737 1240
19206 1950 17
2590 655 17
4796 735 17
12811 4269 303
4785 2368 109
12161 14958 17
11045 15463 17
11921 1514 1151
2905 18999 17
18201 1162 1218
13440 6136 639
6642 5310 1200
3571 6646 34
6993 10561 1132
14733 4281 743
15838 265 363
7862 6891 183
15182 15455 1240
17690 9882 743
7192 1810 1033
16879 1328 861
13634 8502 109
10215 11984 303
10386 7279 1200
6482 7353 910
4842 1983 1056
16425 6601 219
14388 13029 172
8888 18735 219
7896 17608 109
15158 1839 17
2390 14707 910
9496 14991 109
12594 17128 109
7086 13322 109
13898 16235 1158
4101 4139 743
13733 10476 109
6802 14969 910
1425 8094 1133
4327 3504 1240
6966 12741 17
12161 3584 109
17695 7723 1228
11725 9803 52
7589 1162 807
18325 11782 1132
3649 5486 109
8696 4034 903
10060 1308 109
16054 3315 743
12316 9187 851
2166 17437 17
16313 3723 218
1661 17437 183
10907 4131 302
952 12729 17
3550 5836 910
8589 10303 17
16490 14178 109
5386 190 707
10586 15881 303
11892 18063 440
5574 8796 109
12626 8484 639
9622 16403 109
575 4625 743
12022 5094 218
1395 17371 17
17886 15295 733
1281 11695 1240
8985 3259 1200
7957 2156 743
18264 3397 889
19554 2124 143
15851 13156 743
16760 17970 172
18759 2885 910
5122 18688 851
15347 7326 109
5807 17559 572
17085 9273 1240
1148 8141 650
17652 7105 733
2802 6234 743
14966 1220 707
736 4593 426
9986 4053 1158
15887 11118 434
11293 15198 861
9342 12041 143
12262 11007 910
11093 9755 63
936 5925 1132
7476 6891 183
17695 6834 143
2662 8132 700
1881 10581 302
19515 3742 851
15853 3550 109
12561 1950 17
14360 19369 109
9132 17437 183
10682 7808 440
2920 12617 143
1115 19491 109
9885 7635 775
6542 15480 1228
6378 10388 303
17043 9053 17
4337 13833 1200
19048 15355 700
18632 14334 48
11755 9847 17
7126 4200 17
1553 4993 109
9089 2819 807
19471 14532 109
19228 15944 861
4149 4923 743
1717 13274 861
6045 4915 1240
2276 16080 1228
5445 7223 523
11309 2126 17
13956 7034 1158
14789 18405 639
14657 8141 109
18330 8625 303
11623 7257 172
1617 8963 1240
13431 4327 910
3304 8199 1200
1161 14178 109
9645 1129 109
2276 14051 523
2617 13167 1200
7035 11107 743
17872 16540 572
10842 15653 172
3104 4405 1132
17282 12311 17
2865 2878 109
6045 18770 17
12466 7304 639
14684 6368 1060
3549 11071 303
318 6940 109
336 1782 183
5997 15965 440
19120 82 303
16432 1810 17
4445 15291 910
18822 10305 639
18308 894 364
12762 16528 17
3367 13191 1132
7898 2156 17
10321 16051 440
14543 12996 183
16103 9713 743
18308 11668 851
1794 14836 851
8904 6103 572
13641 16305 1158
17999 17797 440
4383 373 639
12894 9691 650
16849 7014 440
18842 17558 440
7970 4139 743
19511 13954 639
19122 16246 17
3232 11069 109
2940 11532 172
4005 12729 673
18429 17620 17
18037 11477 109
13506 9413 172
11607 15579 109
9233 13156 17
7148 16085 48
9529 13213 172
2811 15131 851
16207 9004 334
12742 4941 523
15765 2329 851
2123 5209 17
17503 6891 183
17101 19553 183
15050 6891 183
2099 17368 639
17138 7789 743
14427 18808 523
7727 4281 807
13048 19493 851
16489 4814 416
14452 5520 426
2904 5331 1151
19206 5632 109
1924 4174 109
6383 19031 143
15791 15201 1240
13624 17042 109
756 3510 303
17672 16435 743
18797 525 910
383 15007 109
17047 692 910
14723 946 572
1021 7714 17
18704 11230 743
16472 3618 218
8630 2674 1240
14666 12642 910
13224 73 17
2501 13191 1132
795 12019 639
6435 2938 48
8563 12969 1132
1994 2417 303
5078 2030 416
17902 13191 1132
6884 6750 1240
13752 11651 324
7294 3365 303
8139 4739 639
3295 16085 302
2732 13935 440
1984 10213 34
838 7798 17
19191 616 416
14446 19035 673
16362 10080 1240
19012 18604 440
11280 11240 1151
5332 16048 363
4031 18131 426
429 15162 733
9281 2177 55
9226 4789 17
5521 11152 639
2985 17632 639
931 2331 4
11530 1062 141
6584 6234 673
2310 4789 17
10379 14802 17
1547 4157 440
9418 14178 572
7038 14903 700
17776 6191 700
3434 18585 17
6131 8559 109
894 940 851
16965 12464 910
8898 7643 851
1451 15095 910
5376 19415 807
18969 9691 109
11168 5145 1158
16216 16726 109
1142 12972 523
5242 3283 109
10559 16420 523
2868 15439 440
15164 7897 143
10918 2585 743
7107 12729 743
17210 3069 17
8940 7749 303
13469 17061 650
18176 15490 440
5275 5198 48
14121 18418 363
8151 7782 303
12265 16780 109
160 2156 807
11379 19007 440
10112 13423 1174
4874 12344 141
13791 15656 55
7657 12764 650
18942 2124 143
7126 11676 109
13849 10586 172
17200 9497 17
9968 6220 1240
902 6233 109
14729 12311 17
13069 5260 109
17500 12585 440
5997 17566 440
9525 13000 440
1184 10849 17
17284 7723 109
18384 5998 1228
8583 11829 109
10083 7572 1158
15464 19386 1132
12149 5443 743
15083 10666 364
8487 2336 109
7585 6303 1174
9371 12191 17
6189 11494 17
17657 5248 733
8458 2984 17
15016 15770 440
13529 303 807
15838 12487 363
6232 18012 17
15673 8559 109
5222 11069 440
17984 15910 639
16715 11782 1132
2336 6477 910
17183 6940 572
5397 15406 639
15884 18735 17
7349 5116 109
18903 10364 743
4257 4257 639
15571 6834 743
2666 13313 143
9157 9274 17
13476 10574 17
19139 4089 617
15763 11908 112
18 411 109
7017 7876 334
14489 8141 109
8329 15910 639
10720 14414 743
18009 476 639
18940 10945 861
8396 13227 807
3584 17271 910
3904 17356 364
15518 5925 1132
10858 18578 1240
1070 821 639
16640 1810 523
4414 6940 109
8052 6891 426
13701 16656 861
70 8749 55
10467 8827 183
3370 18812 673
10408 18797 1240
8568 16495 109
4871 14666 1240
11241 84 109
1421 7714 17
10228 17711 17
18254 15842 1240
17804 14065 861
11429 18473 650
9107 17305 1239
6980 19386 1132
3187 16080 109
14695 5815 426
1142 15027 440
16830 2156 807
827 6891 17
9989 4017 733
17869 7474 1174
14934 3832 639
14886 16412 743
14259 8963 1240
15201 12713 910
14530 4497 172
12099 1864 303
15491 9882 17
7937 9283 639
13466 14612 910
10380 7613 639
6713 11239 733
6035 1810 17
13773 17437 17
6981 5307 910
15410 17994 743
2067 17437 17
15615 16980 1158
18324 5443 743
8349 9598 1228
14503 13444 861
17063 411 109
17328 11695 1240
7036 15579 109
2567 16495 109
17539 7108 733
15426 7723 109
11440 13873 363
10808 411 109
512 17773 17
15411 4625 1033
2368 9693 910
17020 18227 1200
13483 17784 639
10253 13577 1132
18102 10527 17
3206 13156 143
17876 13754 1240
6482 9691 440
10760 4338 1132
10549 11510 807
4517 17437 426
8168 2398 910
1812 17359 1200
7772 6920 109
7516 3007 143
8436 4625 183
3102 373 639
1794 3492 364
6003 14499 910
19109 10704 17
12140 13191 1132
155 14020 673
14347 506 1200
6076 16965 1240
14784 1142 1240
3612 19250 910
11883 784 1228
19404 2035 109
18380 19490 183
8741 3661 639
3675 4739 639
18930 4797 639
17704 5443 17
19398 6802 1240
17766 7161 639
13733 7344 109
11259 10216 1228
2277 4405 1132
8739 2613 109
17331 4789 17
4034 663 364
1398 14092 183
955 10820 523
18204 5998 109
9263 5828 303
18578 15374 440
1818 2035 109
9459 154 143
2191 12118 639
8666 14228 639
4342 6881 183
16576 3566 109
15373 4311 302
15164 6920 1228
1952 991 303
9731 14324 851
1051 15618 109
12670 14427 1240
17270 15406 109
11783 15293 1033
5976 3504 1240
5987 7616 109
14001 4789 17
10165 3912 17
1696 4281 673
14136 10873 303
16398 2984 17
11709 3902 743
17560 16090 1240
2992 3121 601
5212 894 851
82 9253 639
12024 8168 109
13219 11762 733
2334 16469 364
10439 2472 440
10918 7643 851
16888 11981 17
4020 17123 109
8251 12049 17
13457 18999 807
15083 8898 364
14427 17093 440
4411 11127 1132
11806 9701 523
15566 13927 17
6096 15490 109
18492 17203 172
1368 17122 109
18219 17711 673
2646 7048 303
7479 11127 1132
10806 5317 617
6862 4638 1004
18984 10008 1200
7869 3784 17
16087 17097 17
1610 18001 17
17043 7938 109
7917 3162 440
7888 18855 910
795 6234 17
12191 7315 700
14843 2156 17
8821 16965 1240
4289 3861 639
7745 502 807
12994 3397 1132
17160 15293 17
754 16165 17
15770 14263 910
12749 18589 109
11680 4739 639
18340 5883 1240
12822 3784 17
7938 11885 910
6545 12793 1133
8398 1162 1070
2186 6422 109
16121 13535 572
2086 988 1132
2758 7572 1158
6710 15293 426
16906 15950 440
4510 4413 639
4016 9274 17
15164 7309 143
1311 17437 17
2455 14991 109
11012 14269 183
7385 4890 775
792 6564 109
1772 12741 807
10226 4162 303
9898 8579 639
3029 655 743
15720 10561 1132
1915 9829 861
14590 4164 1200
14081 10526 17
17169 6425 109
909 19328 109
10556 2901 1158
4220 15293 523
9509 18132 4
17326 10788 1132
4457 543 17
10252 14331 807
14195 13156 743
6750 3637 910
13270 10519 440
4711 1895 303
622 1568 598
6920 18352 910
14570 73 17
14872 9155 851
11843 6622 743
811 737 55
19554 17832 143
2732 15896 523
17476 12353 440
2581 655 743
12188 6280 639
2673 17195 303
18707 16573 1240
11806 5116 440
10075 9923 183
1491 4481 733
5908 15115 109
18426 5951 63
6403 17368 639
12945 12430 1087
3340 18517 44
14747 7913 17
492 9545 55
13071 6231 440
9416 8684 639
1478 17437 17
7328 6891 183
987 3283 109
16573 4414 910
14397 12741 426
15991 16844 861
11453 12729 743
651 15455 1240
14254 12557 851
6802 10298 440
444 13470 17
2666 3604 523
4948 2156 523
14164 12726 364
11442 5951 743
5729 7913 183
4294 11675 172
17088 1162 17
2574 13410 612
12310 6979 733
15188 5337 282
4808 9497 17
8167 14212 302
14696 9463 1240
5222 16028 440
8501 10827 17
2479 19230 523
8506 5532 303
14097 9274 219
5122 13676 851
960 11127 1132
2091 15755 364
18413 19021 109
6430 4625 17
1818 7059 17
18636 14264 1228
7460 18512 910
1546 13495 363
18578 2472 440
4900 17515 1240
8377 16104 109
10095 18285 639
12823 15670 109
13443 9497 17
11272 4408 17
17373 12233 172
10682 12239 523
5494 2995 1087
10892 8559 572
305 15007 109
2141 2488 1174
2494 7105 733
9629 10330 639
5326 13191 1132
13062 6387 612
8344 13156 743
4117 2261 143
429 13633 219
17772 4812 612
16619 16519 1132
17872 2434 572
63 10770 52
9645 11270 109
15978 6891 183
17500 9598 440
14039 18600 743
8328 7788 743
4455 14204 743
1087 7324 363
3463 7034 1158
438 19423 109
7848 5867 109
2358 3663 1228
5494 13410 1087
11763 17104 1240
6796 11782 1132
8347 14517 109
18330 16687 303
8214 13203 440
15372 2434 1240
19273 10650 407
14570 8786 109
17812 10626 17
7623 4593 807
18691 3733 109
15033 12902 639
6389 9598 109
13754 1960 523
14708 476 639
17551 3359 48
5100 5748 1174
3214 8636 17
2421 17869 1174
2336 7355 910
9238 17608 109
11102 17559 650
3096 6042 109
12854 73 523
13561 4427 733
8502 1356 910
14525 6891 743
14424 6558 639
4090 2733 109
17429 988 1132
11242 17371 17
8988 8637 440
15016 12682 440
14683 15533 617
11196 9975 639
12619 17119 639
4523 9370 225
4072 17507 183
11476 18994 743
8378 6637 910
16972 13927 17
4153 18632 17
8188 3616 639
9212 11503 17
17941 15212 109
8535 3803 183
2518 276 440
2737 10705 523
628 7968 109
17883 11085 1228
2700 17746 743
16965 15034 523
7876 7017 334
10146 7616 109
17162 13038 1133
16871 7541 733
14241 18778 910
15052 8977 109
15844 14237 673
6383 11028 523
5346 14260 172
1773 9217 1240
9168 12729 743
11848 2724 601
4874 1963 141
13833 8504 1132
1777 16403 1228
16479 4445 109
9550 9598 559
13352 7105 48
8176 2156 1218
7173 4329 639
15720 2559 1200
11748 17437 17
5607 988 1132
13042 16090 1240
18136 10135 172
15427 7942 17
2937 2329 851
15452 17924 109
15120 9222 440
13812 15120 1240
14427 1682 440
107 653 172
17833 11636 572
1445 2156 17
14582 2605 639
17108 1967 851
12814 6854 807
13970 5536 172
1831 10902 1158
8156 784 1228
6750 14891 440
17875 5506 172
8662 9713 743
6192 1634 1132
14785 4405 1132
10460 14408 861
16880 9882 17
8214 12032 440
16811 11695 1240
13469 5399 650
12080 10476 109
17449 2156 673
179 11542 109
15664 13939 416
18480 950 639
318 3712 109
11112 73 807
7975 7723 109
6978 3791 109
3632 5443 17
120 1738 109
14316 18589 109
10433 9463 1240
8934 2434 1240
10913 8790 303
16059 1487 363
4038 4676 639
2967 3550 109
2466 15806 364
19451 11764 864
7191 2156 807
15102 9031 639
16830 16080 109
9966 12336 639
3099 18546 700
18611 7906 17
15125 2156 143
1141 19553 17
18254 15480 109
8583 18578 1240
7969 10281 183
15347 8786 109
10404 19496 225
12771 18271 861
18190 11643 700
16230 12094 910
6451 13191 1132
7511 1162 17
5906 8094 1133
14966 11127 707
9255 4740 109
8073 5196 218
14909 4786 1240
18176 6754 440
7842 3566 109
9276 14315 324
12742 4625 523
3673 19118 48
17295 11527 334
14359 12022 324
7240 14663 324
6669 16489 434
1930 4548 861
12374 18529 109
3266 7601 219
2765 14065 861
8535 17437 183
3115 13746 303
8109 15850 612
12181 10321 1240
17995 6891 17
5616 1950 17
9614 3784 673
2224 9597 364
17120 7541 733
479 4179 426
9005 2535 218
544 17123 650
9185 3274 1056
3305 13314 109
15504 1061 143
8944 11069 1228
17704 12983 364
6119 14796 1200
10858 16171 109
13018 16118 639
914 12946 851
19400 6920 109
102 5399 109
4786 3940 910
10373 4593 807
16906 9944 440
5304 6220 1240
12276 10428 17
17835 14367 617
18323 17797 109
7893 15722 1146
10988 17982 1200
8349 19492 1228
6698 3330 17
19423 13568 910
16512 11411 17
15581 6862 856
17476 15837 440
4271 18115 861
18053 17359 1200
8487 6891 17
5797 1810 17
16244 4846 303
14304 4200 17
10424 2156 1033
1251 6891 17
14002 69 743
329 16080 109
9006 15293 1033
18636 6644 1228
12771 12724 861
2276 12997 523
6750 16216 910
1418 3641 572
10682 16314 440
17883 18909 1228
18570 8141 109
14706 3273 280
13094 2156 143
2711 580 17
9932 6110 416
2010 9482 1060
18853 19552 861
11700 4281 183
9185 1354 1228
4310 1962 227
14269 17111 183
6203 3935 109
7227 1539 1133
8446 13191 1132
6596 10414 183
626 8168 109
18415 14072 303
12495 1861 1322
9250 12598 109
5196 8073 324
8491 17437 523
1010 17643 416
13492 15722 1146
13873 10544 363
1815 16696 364
11278 4593 17
9448 17718 639
14749 4911 203
2389 15682 1158
17000 3799 1200
8727 17371 17
16548 17559 109
6026 13382 17
19441 15910 639
4104 13725 172
2897 2497 707
12742 11434 143
3029 5951 743
2112 2471 639
11806 15521 440
19554 7773 143
9582 6533 172
15274 10080 1240
4684 16471 700
10680 16051 109
185 2065 17
9004 7818 334
16248 16235 1158
16771 18608 109
7024 9239 143
4784 7475 639
14421 655 743
15156 6338 1267
5875 18578 1240
4974 7790 17
9605 19492 109
14346 7714 673
7372 9882 743
7858 4740 109
8247 18994 743
14711 5951 743
11341 3904 851
10682 7164 523
18155 6303 1174
448 149 861
13972 18935 55
18627 561 1240
17499 18673 523
16760 9388 303
6627 569 17
13715 8241 673
398 9463 1240
2986 17042 109
18496 15742 109
7324 18418 363
8780 9793 303
6572 219 364
4913 11342 440
14784 4625 17
3415 15742 109
1867 4200 743
8238 15293 807
13884 14026 109
10616 16045 302
15885 1414 743
14324 17371 17
4031 988 1132
3134 9463 572
3957 10609 17
18594 8963 1240
12685 4789 743
9036 13466 109
8533 16123 416
17621 18350 1174
16024 13783 324
7086 12644 109
7754 13431 559
5200 2801 112
2358 784 1228
6304 17987 639
8109 15569 612
11909 18868 17
16047 17879 52
3625 4625 743
5803 15850 141
8556 1020 109
8839 3427 132
19557 18655 523
2920 5182 143
6744 15845 352
18797 15280 143
6194 4621 172
19493 7643 851
9372 10152 523
7343 9040 109
17521 7938 109
8376 18529 109
1784 9882 426
351 6673 733
1680 16528 743
17695 5288 559
15770 8602 910
19340 8278 733
5986 15959 17
14105 3593 436
17104 6042 440
11607 3733 109
740 988 1132
6854 7228 217
11781 6865 639
10530 10399 861
18963 12627 17
14299 15162 733
12934 5234 861
8856 946 109
8340 981 1239
525 9598 109
11959 2819 807
2757 15769 143
14163 16760 303
8697 7541 733
2704 14264 440
9351 3176 639
14911 4645 214
7407 16966 743
9607 3673 807
12846 2156 52
10814 19416 733
19174 835 523
15641 5248 733
13646 16420 523
189 6220 1240
13973 6891 17
5372 19443 17
8232 4920 1309
14729 655 17
9335 402 183
9648 13579 172
12202 3662 523
7636 13431 109
13826 13156 743
12140 6234 743
5277 17994 17
13990 9231 639
11158 19415 52
17419 2156 1033
10412 15455 1240
16237 11950 639
6286 7168 183
19557 3673 523
14013 9882 17
4449 1962 227
12625 13431 572
17460 14551 851
6940 1314 910
17227 10626 17
19147 8771 52
14778 17563 109
17320 17109 303
10252 6197 112
6689 14414 743
18131 13155 523
15341 19050 1240
17941 16580 1240
11845 17826 303
15661 4956 639
10583 10216 109
3207 15595 17
9357 10139 1161
17943 11839 305
18564 13346 109
11021 13602 109
17043 3607 109
16086 17437 426
13042 12054 1240
2760 950 639
16889 7913 52
10243 15293 17
5254 9047 183
2002 19493 851
16355 13029 172
3847 14261 851
9488 14306 910
17071 8875 733
7556 6650 48
11975 18327 303
14708 17911 172
9893 8716 109
12411 4789 17
16116 14026 109
10505 4915 1240
10335 16090 1240
5055 15521 109
2657 13927 743
10408 15406 109
3224 73 17
5437 5366 910
14125 1606 17
4969 1162 17
10146 700 109
16367 12729 807
6022 10527 17
7199 6891 426
2968 18578 1240
4117 3084 143
8292 4405 1132
14778 14345 109
12227 12741 426
10583 15298 109
3492 870 17
2467 16159 172
16621 17551 364
2518 11020 440
8272 12231 1132
665 14001 851
12830 7285 219
7086 3543 109
7246 6406 109
14533 11069 109
15823 11272 172
8755 4254 109
12642 3566 109
7242 6891 183
2453 11695 1240
17524 13925 861
2663 14814 303
2401 7978 639
3607 1330 910
10844 16051 109
12105 7913 52
9233 13156 743
2051 10554 183
4457 543 63
3728 13890 109
1222 13191 1132
15637 17590 523
17476 16492 440
4352 452 523
15861 16958 1132
7381 17371 17
6257 15406 109
11934 16803 109
2809 9956 910
12680 810 112
3745 6159 109
6353 19424 1033
13754 17437 523
6383 9017 523
6217 9691 109
19491 6307 910
18028 5399 109
19557 6803 440
544 8135 650
16561 9283 639
11695 16703 910
13517 7851 743
16969 73 426
6092 17972 1322
10137 17559 109
10794 16431 109
9202 13033 639
10954 5198 302
7710 3935 109
8280 3189 17
4827 9527 302
7024 15622 280
3573 15695 109
7492 8958 801
3029 17371 807
10795 1318 17
15455 6001 523
9478 6170 55
18686 8977 109
10814 1275 733
8461 1539 1158
3671 15412 440
4001 15439 650
1315 11413 523
16734 9981 1132
7202 5913 303
3210 988 1132
104 2156 52
19035 3837 218
7205 17736 700
13996 9981 707
16069 11411 743
12053 14878 1033
10854 15842 1240
7126 7938 109
9722 6510 17
11887 3423 639
9472 17437 1033
3527 73 426
3468 15293 807
1993 17879 52
9524 7865 639
6309 4593 523
7106 3826 440
10649 16732 17
19191 767 416
5122 1437 364
4968 14416 639
12084 4251 17
14083 7913 52
9432 73 807
13220 16778 364
17599 12741 743
13956 17952 1158
10300 4383 303
1169 13194 553
5470 14981 1158
4492 11487 17
14439 13003 219
4760 15293 426
86 11695 1240
18726 13156 673
16862 17370 639
6780 16051 109
8297 15972 227
12433 14178 109
15891 7887 1060
17714 13332 1158
3572 9737 743
6463 3216 743
12038 17905 172
14829 15034 743
17509 7098 17
10806 7193 364
16202 18994 743
15486 18257 440
3284 15555 17
7516 4184 143
2595 3694 733
2652 17931 516
16603 8378 109
8199 17359 1200
16661 12627 17
19468 12386 48
1220 5809 889
16367 7326 109
4019 14374 440
15904 11523 1240
3784 16045 48
5127 10279 55
9333 6510 17
11202 13191 1132
3812 3296 910
4798 11882 334
14014 18527 743
16510 10364 1087
5427 9388 303
777 17602 17
5045 4789 743
9676 16235 1158
18602 4137 183
14288 7964 733
4037 14212 302
15931 11644 851
1490 4692 17
18797 8378 440
7674 14178 109
4849 7500 1322
18947 2156 183
15088 11127 1132
1399 3723 218
15532 10912 17
1459 4593 17
17985 13286 639
16207 6101 334
19487 19492 109
18303 55 700
12161 6891 17
16519 13996 707
13754 6200 523
3854 1371 1200
11322 9218 639
1931 13918 910
17826 18735 17
12778 8141 109
2203 5112 17
2390 13484 910
9317 13820 17
11315 12268 109
1093 6891 17
12594 15521 109
1971 7202 172
8788 5041 910
6421 7190 861
13731 1249 109
11681 10462 434
14355 149 861
14236 8881 1132
299 5443 17
8649 14878 523
1651 16493 17
19119 8582 17
15524 18261 109
1834 6369 1132
16599 13314 109
9385 11072 34
10209 14586 1174
1527 14800 102
4278 13431 109
6802 16117 440
4201 12852 183
14638 2156 523
17896 7788 801
9713 737 55
2509 15914 639
10215 10829 303
7674 13431 109
1479 16342 436
12048 17437 183
18502 13927 743
17981 15980 112
12198 6234 743
16901 924 1033
13814 13147 143
7353 6482 1240
17979 6106 109
8658 12729 743
12875 14666 1240
11874 17061 440
15638 9275 861
9812 16210 364
8197 10533 1200
7224 6564 109
7938 11501 910
6926 11249 303
8800 18836 17
738 524 1218
4740 5307 910
2839 15360 17
7656 11508 109
188 17613 109
17538 7978 639
4235 2156 52
5852 3912 17
5420 16368 17
16067 13769 17
163 4625 743
1528 1086 143
14152 5964 639
1117 18241 639
2893 9723 109
4195 2034 639
15779 15490 109
11928 5949 109
6639 10754 639
19122 15212 639
4294 7230 172
4477 9058 303
7192 2156 1033
8697 18022 219
8490 14178 1228
2045 15722 1146
14386 8783 1200
1339 6750 1240
10424 7105 733
5757 8278 302
5617 4175 364
9607 8023 807
13634 9835 109
19388 18638 639
19465 8548 851
10855 11851 861
4731 13899 1228
9442 17392 523
12348 8853 743
18642 17546 17
7572 12928 745
13061 5869 639
3810 19079 183
16250 7014 109
19168 15549 109
11712 3377 1174
7843 13890 109
5588 8814 910
6844 12729 673
6573 14414 743
8726 12273 1033
16210 8226 364
7726 18458 109
4431 9497 17
16358 464 17
1761 1612 639
6572 17114 364
3808 15349 743
8214 18640 440
14024 14467 324
18269 8771 183
2014 1538 1240
1547 14532 440
12841 8786 109
16791 655 17
15049 17392 17
5566 13050 864
12688 18281 109
3584 9962 910
7102 15455 1240
6111 19173 109
15172 2315 143
6437 16901 1021
9181 8980 1200
12802 3912 807
19539 19351 639
9575 15463 523
5912 174 109
19493 16402 364
643 13389 1200
3505 5421 143
11379 1649 523
13419 9297 17
11065 13191 1132
6981 4625 523
424 18018 109
3985 18265 1240
3025 6163 416
12916 9651 639
4793 16235 1158
5508 3277 109
14542 18261 109
15033 11782 1132
4035 11237 576
4809 8245 172
18839 567 575
11491 11762 733
1905 1556 109
561 12653 910
416 2156 52
16533 7228 217
15328 8035 172
12501 11762 733
17271 13835 17
2215 917 109
11036 17368 639
18531 15874 225
15555 10786 700
12738 16722 612
16248 7572 1158
17416 10092 1087
326 2156 183
6712 15914 639
7557 15759 109
1367 4281 743
3576 11273 639
649 19424 523
12678 16904 17
8563 13545 1132
6545 8094 1133
528 12455 639
18308 13676 364
7010 1318 17
4316 13085 109
6881 10626 183
11127 1734 889
19352 15153 1146
9427 1967 364
5325 1692 1004
4048 4487 17
422 18781 109
5980 18175 219
16758 14809 700
15232 12644 109
14304 1738 572
15920 1669 861
11453 6756 743
16174 15583 17
6189 14477 416
7699 6756 17
17945 12007 639
13821 8199 1200
12227 9905 1200
6171 14731 1322
7896 15523 109
13721 9619 48
7727 18639 109
13624 6482 1240
5562 6891 17
18418 14121 363
16011 6201 421
15232 7889 109
14696 15521 109
13226 7641 851
11829 9246 910
12485 3733 109
40 9016 743
4598 18119 910
2031 1810 17
4586 4405 1132
12191 4887 302
716 2156 1033
18106 19431 17
16439 7121 109
16159 14064 303
17500 13087 440
14723 6750 1240
6608 12741 17
10168 6200 17
3115 8516 17
279 14462 1322
13980 2156 807
8654 16045 55
14379 9735 109
10684 15406 572
2114 840 639
18686 13772 109
17833 100 109
6332 12524 639
7036 7438 109
7939 11290 17
15548 8162 109
6625 13156 743
3671 14026 440
9210 7913 52
3096 16051 572
16319 17234 639
1581 6163 416
5759 12278 1200
10741 7789 17
4240 7938 109
11713 475 172
12753 17789 17
14282 7179 109
3709 17275 639
4287 14908 109
2929 15406 109
15507 12741 426
1825 1539 1133
2273 16575 1200
4201 4201 102
1302 17128 109
18878 11379 1240
734 7789 743
17345 5934 109
12278 4405 1132
7609 7105 302
14813 8132 324
1418 332 572
5668 655 17
2692 18868 743
9985 15318 861
16550 832 903
9731 9800 851
19569 16315 1174
15374 19037 910
15548 14989 109
7982 16456 851
9714 3379 303
8993 16090 1240
6737 1308 440
16849 7616 440
130 8818 172
3666 1632 700
16802 1162 17
1777 10810 1228
12847 14035 639
13533 13695 861
17636 12926 324
186 19104 639
17810 5222 1240
3517 19443 426
2978 11354 1218
14137 17851 743
17429 13191 1132
14787 2782 807
17152 8963 1240
9637 2819 17
12106 3789 17
4602 5510 673
583 4830 861
781 14712 303
10721 4080 109
18962 17482 109
11388 5435 639
1878 4526 861
11780 3315 743
12072 16223 807
11893 3660 172
15455 1738 440
1607 8963 1240
12389 17686 639
5836 12326 1240
6221 455 639
19222 9283 639
17838 17228 1087
18426 17371 807
18989 14900 639
2420 3506 109
972 13156 17
3130 1539 1158
7192 11226 1033
16427 4405 1132
16797 3359 55
9708 12741 673
10442 18797 1240
11669 13191 1132
16150 73 426
6950 17793 183
19266 2552 639
10320 14591 861
318 15579 109
6743 17999 1240
17104 7498 910
7568 3367 1200
3096 8977 572
18034 4973 334
2509 12729 743
16006 6807 109
8360 17128 109
18 1255 109
18919 2817 109
12357 16134 639
5398 15293 910
15971 15439 109
1089 11326 910
6663 5374 183
9770 7351 851
4871 7616 109
15274 7938 109
4517 5459 1200
6829 13038 1133
15471 12344 141
5658 2901 1158
7071 4687 426
17084 5711 109
8010 1993 861
3892 2324 639
18849 7987 910
910 7645 17
1525 6756 17
2256 8885 434
19453 1913 1174
6074 2785 172
1138 8540 143
11501 6425 109
10328 7714 673
14381 2768 219
15571 19512 218
19114 6735 639
15482 6072 349
15408 19007 109
5926 14243 733
11582 3620 1288
15455 13037 910
1266 16651 1161
1761 13633 17
12982 1195 143
9346 988 1132
14137 17625 743
16090 19492 440
15733 11782 1132
14180 11446 17
17786 6280 639
13792 524 743
11045 13602 109
2684 16492 109
8904 6103 109
13751 15293 426
3081 9026 807
7199 8519 426
7143 4546 17
11838 18412 440
544 2878 650
9975 5603 1021
3992 16333 112
6920 4123 910
5524 17395 639
3783 12195 639
8435 12721 109
18450 4593 63
7128 7870 639
3955 12741 17
17093 2830 910
18313 399 109
1212 13377 639
19190 10415 639
5437 18025 440
14359 9814 807
13555 16758 17
13094 2819 143
5285 6891 807
16210 14836 851
13761 16894 303
16999 18578 1240
3187 352 109
6127 7887 48
6107 11874 1240
19030 7917 1240
17172 11440 363
11288 13038 1132
1141 19553 426
13533 16656 861
10433 19491 109
8995 15486 1240
14427 6564 440
11180 4594 172
6383 8540 523
5171 13878 303
4199 17291 743
10762 8475 172
4211 8507 109
2310 8900 639
17595 2030 416
5474 17463 773
14784 3791 109
13591 14989 109
5576 7789 17
12460 9882 17
13754 4661 910
11202 5774 1200
14212 18825 733
5051 15306 851
7081 655 17
12316 9427 851
8066 924 183
7056 15406 109
8944 13314 1228
6981 1725 523
299 17437 17
6220 2967 910
15436 7913 52
17169 13272 109
2966 19061 183
12999 4789 143
2786 9107 1033
11754 4659 17
277 9423 1240
19487 8977 109
5728 7723 109
4288 6212 910
5811 8977 109
12514 4572 639
5143 5655 639
8662 10754 639
18252 7048 303
9725 11937 743
12380 4832 1200
9824 7823 440
17469 15406 109
2641 11554 861
3183 17851 807
14454 16758 17
7589 9882 807
17810 19152 109
6507 13162 109
4518 18994 17
18505 4593 807
811 10279 55
5883 15212 440
15777 13461 807
6880 7777 416
14191 13545 1132
7193 10155 617
16965 9598 440
10575 16129 416
13574 10713 639
11467 16123 416
15340 656 303
16225 3176 639
1152 15238 1239
19493 13664 851
14178 2069 910
6282 18368 17
1993 2156 52
1565 1738 109
265 15838 363
15042 5988 17
15132 14196 109
7060 3784 17
3128 12911 303
1747 14828 861
14427 9053 523
1208 17437 17
10065 11874 1240
19419 3246 17
6733 19463 17
87 16965 1240
2594 924 17
18950 14506 523
13806 655 17
7048 16134 639
31 19492 1228
14706 9352 280
15523 10854 910
15172 9111 143
13657 8061 553
5818 11002 639
7876 7436 334
1230 2674 1240
15955 13191 1132
8926 18376 303
9726 4733 416
12547 8589 172
12999 7938 440
14945 2819 523
12999 17123 440
1429 4061 639
13932 17437 743
15156 16686 523
2646 7048 700
14055 924 426
10795 2156 17
14707 14178 109
11166 19460 639
15847 7913 52
19380 12054 1240
4840 133 17
7182 9116 302
637 19354 1239
18977 13191 1132
14706 10553 280
18797 2653 910
7010 10993 112
13037 7938 109
19454 11536 639
2832 4593 1288
15576 745 639
19037 13964 109
16090 15406 440
8448 8958 17
297 18528 639
15744 1254 700
10362 18452 172
17284 7913 807
11277 10788 1132
11651 18999 17
19412 15552 903
4001 2184 650
5037 6808 743
18025 18834 910
18450 4593 17
8169 7371 17
3283 13435 910
9748 16235 1158
468 8952 639
13768 18988 1044
15264 5914 1309
16690 153 639
7528 15480 109
1825 16235 1133
15562 15455 1240
7815 7294 172
14052 923 17
2641 3878 861
10693 6676 109
8998 2801 519
9162 19104 639
7916 1483 109
1481 4625 17
9012 15016 1240
17386 1983 1056
10300 16341 303
18555 14046 1200
12226 9715 109
18487 18804 639
16080 6740 910
7152 3673 183
16350 8974 17
6986 7114 109
4897 14631 109
15222 3784 17
16739 17437 743
9932 3816 1125
4409 11127 1132
4360 18994 17
11974 8660 1288
6576 14178 572
3247 17437 17
18670 6872 17
14427 1649 523
13754 4261 523
5718 4408 17
3172 3673 807
4920 1830 364
6541 6756 17
7005 14448 17
11482 4200 17
14324 11258 851
9713 599 55
1115 8933 109
14666 17832 143
308 18278 109
6961 17460 851
5138 4053 1158
5271 17718 639
4524 73 17
16489 6163 416
19201 4200 17
19468 2212 48
10020 8215 288
11573 9155 364
4270 12627 17
2291 17545 143
7396 6891 17
12848 8698 55
15954 12564 1060
4860 17069 835
677 5677 109
18990 14631 109
7017 12591 334
11443 96 364
7949 3235 733
17695 6786 143
48 15280 143
11650 9904 416
2203 7723 109
2879 14082 303
14813 7640 639
12096 12729 673
5213 11710 1200
18696 13191 1132
10164 245 109
17999 14826 910
12176 5570 1174
5204 13191 1132
2141 15077 861
3202 10554 378
2318 16538 733
16185 8771 183
10937 1874 17
6986 6042 109
9056 17437 17
18611 15353 851
15540 2085 807
18298 663 553
5004 8299 434
2679 16571 109
11914 1204 700
3909 9423 1240
19038 13483 303
10583 16265 109
15706 9006 34
13754 15996 440
6307 6003 1240
14706 16775 143
11071 1864 303
544 17128 650
12192 4959 861
6521 16235 1158
13439 5443 426
13225 17072 639
14024 3582 303
8466 14317 743
14369 3733 109
2094 14631 650
7917 6676 440
1684 19149 183
16613 16179 1174
8993 15742 109
6750 4107 910
2276 12235 280
16519 14966 889
2520 5949 109
12613 17543 1174
8884 5430 572
2669 18865 17
6581 9311 17
5136 19463 17
7388 8092 864
818 7889 109
4359 11044 17
916 9856 109
378 73 673
9892 3491 523
17246 61 700
14951 17437 17
10873 17718 639
5987 9598 109
4752 4593 523
12999 8770 523
3676 13353 109
14948 8863 523
11787 10446 303
8944 5894 523
4919 8327 639
4691 8223 17
11744 14606 639
17695 84 1228
10812 2156 183
11892 10515 440
8583 8963 1240
14935 2901 1133
7428 7942 17
18586 12723 219
13872 9882 17
975 8517 639
2863 13679 807
6185 15293 426
19448 12614 109
9733 16101 851
15427 2156 17
9997 5951 743
6220 5126 910
16214 6636 910
13094 8123 143
1773 5588 109
16547 6840 639
16826 16495 109
10751 3451 303
3966 15293 17
11681 19361 434
3697 3761 1132
18307 17783 801
18931 8148 109
1552 17563 109
7506 6234 743
863 303 1218
16469 11494 743
2037 2936 639
3565 4598 109
1408 11425 48
3762 8933 440
7917 1078 440
16254 4997 378
9672 16051 109
14178 5691 910
3466 2184 109
8229 6810 1200
17210 7749 303
557 12111 835
12008 15722 1146
6212 6750 1240
7942 15533 617
1741 14414 17
18000 6660 183
6321 8754 172
18536 2819 17
5289 16283 743
2953 16245 109
10300 7484 303
13457 3723 218
13889 13961 861
12214 18265 1240
10792 16965 1240
17660 17794 17
5604 16674 55
2533 14809 700
14429 17655 324
6896 14264 109
1552 3445 1240
15305 13386 861
7324 1962 227
18725 14296 1299
12405 10053 682
10195 5960 639
16238 9577 807
18609 13399 109
16090 7968 440
17295 11882 334
1114 7029 700
8755 4659 17
10612 17301 109
12280 10270 109
13400 3687 1309
3872 8023 807
13560 15806 851
14825 12729 63
10968 3518 109
3134 3504 1240
5441 6750 1240
9442 12585 440
12091 18796 17
5671 2156 63
7283 6197 112
317 4625 143
6524 4967 183
14795 303 807
11020 3940 910
6869 7913 807
8726 16810 1033
8404 1162 523
8714 7940 700
2431 2156 17
15455 7102 910
7101 8666 303
3355 10554 183
11041 15455 1240
11351 17851 219
5138 16235 1158
18797 6676 440
2286 18640 109
4031 11782 1132
5365 14265 639
12801 7260 639
10468 18638 1146
13269 2901 1158
2276 12804 1228
205 8527 523
7268 19492 109
15125 5309 523
13587 14820 743
16697 2901 305
9103 15948 1200
15061 7351 851
915 18638 1146
5512 6891 183
4887 1053 733
9217 14506 523
3452 15293 807
17059 133 17
108 9737 17
10792 3935 109
6631 7121 109
4038 11850 324
9442 13819 440
9724 6920 109
7270 17437 17
542 12268 109
3722 14427 1240
11235 8141 109
19215 12912 364
16694 4405 1132
9525 13328 523
10048 3579 416
2140 4034 1309
19169 183 219
6055 11782 1132
14861 19491 109
8611 17948 440
9683 7121 109
14239 1127 1132
6884 15670 109
8271 13227 743
7460 3003 143
17801 18543 639
14911 15940 639
13431 18830 910
6644 13172 910
16200 18630 303
12246 5901 416
3520 7613 639
7111 1167 1194
2702 7820 109
11934 9598 109
18639 486 910
11694 4659 17
6075 3360 324
16124 13367 639
11944 16803 109
8441 14373 523
12456 13227 17
12769 1575 864
17705 15349 673
15577 7698 1151
11532 9849 303
1456 2801 112
17548 11151 17
15806 16152 364
8596 3875 1200
5754 7265 17
11364 6321 303
7171 10200 639
15086 11782 1132
17695 9716 143
14439 243 219
15373 14212 302
6252 550 183
1371 73 426
4523 6160 48
11720 12117 303
7703 73 807
16879 15456 861
17655 14429 303
3296 17061 109
10304 18617 183
2323 1109 17
5986 17203 172
9998 7714 17
4469 19103 639
17780 10046 305
16239 1668 733
2184 10255 910
11697 4659 807
16876 19493 851
12781 2156 1033
15720 7534 1200
8233 2949 851
14102 7789 17
15576 10725 639
17735 15722 1146
6124 3698 305
16656 4593 17
12626 12626 639
2647 5894 743
6954 6891 183
3125 546 861
11024 10010 1033
8578 9737 743
10257 13577 1132
12591 797 334
14432 11011 639
8998 5443 17
11817 18638 639
2101 9026 63
11449 17815 639
13460 12644 109
9915 15262 416
4317 16265 109
9928 13159 302
4034 17327 364
7636 18842 1240
19386 12206 707
19541 17884 109
16981 73 426
5832 9862 434
13089 14448 17
3893 13638 743
10609 15342 183
1842 7790 426
15903 7034 305
6645 15882 183
68 11874 1240
6074 1810 17
11695 4605 910
6930 15542 172
8790 9267 303
6400 10586 172
13792 9882 17
16626 17315 440
7039 16230 109
15753 10340 572
8818 655 17
17759 737 34
3842 11462 172
588 6016 639
10942 13191 1132
17500 5024 440
5825 11528 673
11532 11482 303
17999 19018 440
16530 2472 109
17386 5831 1228
8666 2324 639
17833 561 1240
13797 6737 1240
3538 17672 700
2355 8632 364
15114 15670 440
16542 14128 673
4785 1420 109
8641 14414 17
16238 9577 17
4931 11342 109
6482 6676 440
17126 7829 612
15171 17999 1240
9793 4269 303
1421 16320 324
12894 13314 650
3291 8254 17
2445 12538 172
1981 17286 109
2094 15742 650
13073 14944 34
17801 3815 639
15675 10334 1240
643 6311 1200
806 11705 219
8214 2604 440
18594 17515 1240
1826 13300 861
9468 4761 1218
1161 4740 109
633 5677 109
1601 2156 52
12234 9737 17
19232 3263 639
10407 4405 1132
15886 6319 141
3564 15293 17
11256 3405 109
15295 1095 733
13618 17415 109
17162 1539 1133
4623 2156 17
4270 17433 639
16538 6685 219
9212 5817 324
15201 11727 440
2916 19523 303
3264 7326 109
13229 6277 639
4494 13002 1322
14455 15523 109
6383 10003 143
8220 1810 143
14581 13810 353
14706 5894 143
13799 2156 183
8188 13191 1132
5326 5110 639
10388 17784 639
12736 1249 109
13808 12742 1240
15330 16314 109
13142 5112 17
18246 3784 17
18578 3662 523
2031 1810 743
694 18736 861
11710 945 1132
10028 73 426
15188 4524 282
1129 2451 910
17001 18020 183
3505 13461 143
12575 13466 109
4145 6318 384
5375 12741 807
8429 2723 218
5492 10240 861
873 13227 17
687 19545 112
