843
2490 11523 64
6734 7535 158
8485 17056 17
8396 8697 888
11071 543 997
12035 5908 1209
10961 19349 673
19053 4929 491
3805 11071 1174
19190 13132 1174
19572 17294 1174
11277 1648 997
11182 1920 193
634 5932 378
17559 14060 98
11663 10096 888
4103 7162 491
10770 16932 888
8288 4113 955
10904 9326 997
1620 16815 491
10592 13101 955
12138 10434 1174
12437 4816 98
3996 11467 706
5582 11303 997
7162 4103 177
19010 11086 483
15746 15428 177
11835 7195 848
5851 304 491
12041 17233 848
4160 6534 483
9314 11827 98
6680 8925 1215
7277 19408 1174
10526 14250 396
849 638 1174
10729 8400 703
12587 2945 112
17728 17712 997
19018 5025 476
19810 5811 630
15610 12080 193
15466 13616 112
7210 2882 703
12830 13361 888
16623 18896 888
15879 3232 154
14073 7779 1174
12826 1203 1074
16959 8414 997
5333 12235 1174
10225 10121 193
12886 11412 79
10306 16465 193
6957 4525 765
2936 17463 1174
825 8845 193
17615 8530 193
16424 4897 997
5204 12659 1174
10275 1818 61
4345 11071 98
18720 5204 1174
11608 12829 1209
262 972 703
8375 12750 888
273 16231 994
1021 3585 1174
1040 17718 154
10186 10283 1209
13979 12761 997
16516 233 955
12370 954 154
5995 1964 98
18784 18250 378
15846 1157 193
15383 6847 630
17053 195 1272
19393 13427 997
11718 4846 383
12073 9236 848
17735 14445 177
4479 4808 888
15779 12915 1066
7034 2939 997
1690 10055 170
14608 18382 1209
12964 19601 378
16006 9573 177
11041 17951 1066
3838 2095 630
5616 16623 1209
4509 6484 1163
417 1542 1043
10495 19294 888
6193 13716 1209
5565 11158 630
6548 15571 1127
16295 10676 1163
15417 15694 193
17845 3263 306
15745 4944 806
12595 5031 607
2512 17168 1174
17326 8395 79
16118 5256 378
7690 19028 359
15348 10625 1174
10528 11212 1174
599 3178 888
3709 2152 1272
17054 7962 837
12369 1765 1174
7286 3148 848
12498 13234 1174
12141 530 706
17634 11203 483
4526 11092 476
19278 804 98
18739 5804 1209
6286 18141 1066
18357 3601 193
11844 1176 1043
13484 12320 1066
3289 7602 848
14091 8988 378
19669 5334 98
17709 12650 1174
2015 9760 997
12033 13727 806
13805 377 1209
7452 14503 113
14731 5659 888
2440 10432 706
17766 18603 1143
7511 5983 888
8002 4097 17
14452 10106 170
11046 9869 193
15300 18333 170
19477 7079 483
16177 16476 770
5795 9695 1163
4092 1685 476
375 15707 114
1209 16238 491
11668 17445 668
8115 13322 607
15528 2454 997
8257 11753 1209
6596 16327 193
162 5871 630
8257 11191 483
16637 15434 237
12281 7931 98
13230 7265 997
19092 13256 193
11099 7451 1043
9298 19510 193
3364 12169 1043
13873 2157 1145
2420 12493 491
16139 14 114
4729 18310 147
9610 11555 1174
8139 11885 997
19280 19247 1062
10410 10228 491
12406 1695 183
6596 2788 997
4877 6790 1174
5977 14489 483
9379 9892 1174
2866 19053 491
11868 215 1174
11555 19452 997
16513 11831 170
16497 5497 79
10904 6101 193
15775 16888 1066
3525 8287 1174
10332 6187 1066
16151 9792 10
15880 6050 1174
12771 3402 888
11363 2638 1209
9924 14919 888
10299 13103 483
15210 13555 888
8883 13907 1174
18714 4748 491
17544 18348 1043
3344 13423 1215
8971 8692 888
19025 15298 1174
10924 15553 98
10909 1460 193
10260 19031 491
10936 11511 997
17687 5143 491
3674 13892 1174
3828 9171 1209
3275 5603 98
2376 2966 955
10267 1376 193
5333 6028 193
7116 19324 1174
4471 2521 359
9300 13265 98
8190 5808 1209
6187 10332 1043
3721 6451 193
15556 17259 193
10625 10422 1209
5380 1885 400
895 19727 678
593 12586 1209
13586 11974 1209
3939 6544 193
11391 12551 491
11961 12951 177
11737 2602 1065
377 18405 888
9510 12328 706
18226 13909 630
5528 852 491
16738 13021 1032
5528 17263 177
15307 1235 836
6185 13024 483
2935 7565 483
11536 15780 359
17699 15195 177
12614 15538 193
18822 10369 98
18678 16538 848
12721 2523 177
5629 1720 1066
11623 4153 1066
16479 9683 997
8037 17026 98
1408 8260 98
1732 7892 483
8949 9490 81
10617 2709 1209
16662 9105 630
11610 8985 136
6267 12998 997
17709 9213 98
12050 14055 630
17186 12536 848
12489 699 359
17381 19099 483
4663 102 888
1401 8941 1043
9619 50 888
10255 2929 491
6732 13379 1215
9073 14454 997
4663 6465 630
7916 14717 888
3003 14598 491
2175 12469 565
11631 11037 1062
17164 10709 888
13766 2429 1143
17117 5180 491
12878 6749 158
19620 14596 799
3661 16637 126
16815 1861 491
16188 11290 997
10957 8242 888
10752 8649 997
2957 18901 1174
5212 13779 491
18519 16970 10
10621 15565 955
10299 13546 888
3305 15451 1174
6797 4587 177
4721 10081 630
11221 11221 489
9504 16289 177
12400 6579 955
5224 19347 193
14023 8868 483
3061 4714 706
10422 10625 483
4538 14445 491
1577 11988 1209
902 9158 1043
15276 4713 997
2821 6928 193
2522 8563 1209
19729 5590 359
6557 6492 676
10503 4954 491
8117 6654 1209
6637 6039 177
15537 18904 483
14598 3003 177
16118 16691 378
4198 16305 1174
1186 13546 997
13892 3674 193
11663 251 630
3690 17464 1163
10081 19781 193
4653 11720 1066
18439 15582 997
14112 9165 1062
13832 18991 403
12221 15491 789
8828 10529 98
13068 19387 1272
18122 5965 483
143 15559 177
18443 3581 476
15553 5672 193
18434 8321 888
802 18063 997
174 10259 899
10695 9157 193
8462 17124 997
7860 17581 1174
5278 8630 888
12326 19382 703
2062 2008 888
5387 7259 997
16609 17985 378
16759 17665 1174
17334 9149 183
16268 18750 888
11432 5583 1174
4840 11276 997
3473 15252 685
19060 10422 193
11589 3060 1209
16865 423 98
8792 802 193
14069 16248 17
13502 15616 1215
12074 10813 183
15637 11003 491
18420 9198 1219
2339 5829 193
18855 15895 806
5160 1608 170
4649 1360 676
2021 617 483
14244 9739 1174
18335 461 1043
13864 4546 698
1925 11990 491
1079 6648 98
9631 8623 1174
6734 8150 1163
14808 18186 98
15298 17835 888
2119 11564 992
741 222 483
175 6719 1209
10925 12180 193
8374 12669 1174
15430 5545 383
2120 14807 483
9586 520 1174
4845 16479 1209
11768 6202 997
628 3155 236
7600 6791 483
11662 18984 754
4848 17212 461
5822 13555 483
13034 17260 98
12059 5208 1209
3022 10089 177
1157 566 193
7592 14875 177
15321 539 96
2226 3441 98
1525 12423 491
6574 15771 1209
15417 18392 888
13184 423 483
1665 19643 673
14319 6337 183
8414 9180 997
8800 17977 1209
11572 13166 114
830 5396 483
5857 16875 177
18620 9141 158
251 6996 1174
4816 13805 98
1920 16563 483
17696 16512 997
721 12015 193
8277 6791 1209
2082 4788 177
6654 2805 193
2200 428 177
1009 15908 997
5503 1854 1121
1258 2673 183
8205 13763 378
15526 875 706
12847 7446 1174
16763 17712 98
16128 9377 10
438 16386 1215
14264 13958 10
18969 5409 193
4617 9935 491
5088 5004 997
9735 14728 298
12096 11414 472
6474 4416 706
2293 14232 1209
11498 18610 491
14895 11486 1163
2679 14352 17
7608 13364 888
7673 9287 997
6845 15325 1043
14433 19624 483
7633 14634 17
2025 13787 1209
12972 14043 1163
12851 6604 1066
11427 4966 888
10134 18294 842
7955 4893 888
14166 536 114
16381 10569 1174
15723 18303 630
9249 19778 997
14060 5829 483
16259 16662 193
11656 10695 1209
3981 9379 630
2381 19643 697
15014 4892 61
1088 1923 1163
5579 5523 955
14480 3327 344
13097 3901 177
3927 6350 888
9504 8051 177
15123 10336 630
11976 3834 706
6513 4179 1043
16894 19745 888
8656 18776 997
16010 10546 668
1989 6591 483
3687 17690 630
14637 14912 630
11287 18364 483
10122 19465 378
5954 11804 98
14711 11121 1209
5204 10343 888
3262 5295 706
5579 17833 1062
12786 8353 170
18996 12174 668
12051 1038 177
128 13322 754
8540 4032 98
2512 11501 997
4231 15082 997
528 11914 483
5713 19300 193
19099 8398 1174
3035 4839 154
7600 7428 630
7424 18577 668
4206 15722 888
11776 15181 550
10158 3565 848
12586 7860 888
324 15741 1043
11637 14786 1043
14981 17704 607
10620 17835 997
17325 13542 888
8938 9377 98
5703 1767 997
1017 18657 814
13909 17728 630
4461 13830 848
9603 15494 491
10106 15073 794
9796 14684 1215
7715 17647 866
18142 15419 1163
16774 19355 378
17607 11589 630
10737 14841 491
2225 9294 483
2419 9587 997
6139 3902 98
18364 16315 630
2419 14469 1174
5191 489 888
17312 11283 955
887 462 630
15210 2619 98
7892 4946 193
3089 17339 359
15468 11488 183
7785 18382 1174
16465 6193 997
11546 8462 193
12278 14899 955
3444 14073 1174
3851 7215 1215
11212 10266 98
18812 12272 630
10812 3239 1062
946 8956 98
6113 7572 997
6098 16381 483
13085 12319 1163
18876 11425 400
10513 17548 1163
8166 316 359
4816 5166 997
16153 13056 888
12391 2821 888
19080 10688 806
1600 16057 1209
4670 15680 888
4941 17376 400
4778 18850 630
2105 17585 68
9651 7579 193
12117 19600 888
19270 6306 1174
6018 19085 298
5333 5820 193
12810 13139 306
3394 7565 630
6897 19096 888
15974 825 630
1179 5292 170
8124 1373 423
12256 2100 378
11427 9485 193
1273 16482 1066
5202 9210 1248
10580 6530 461
268 5511 850
12640 5627 98
8154 3891 10
11503 14948 1163
2814 14623 98
8856 4037 177
6915 2956 483
15312 17968 624
887 18962 483
1387 14127 997
18795 12831 98
3394 5582 193
18126 7710 114
13529 3575 369
2593 13084 137
16453 1078 17
895 15878 153
3674 1416 888
9406 14043 237
15437 17095 193
7360 10204 607
994 11764 1066
15060 2945 344
542 4913 483
18925 17324 1066
8154 3133 1163
10095 9779 177
6139 8580 193
16061 2231 400
18709 8027 848
3354 5218 997
13811 19347 1209
5682 12179 98
11383 10723 630
16340 6654 98
3218 19324 1209
2796 4488 1163
525 3365 98
9391 4019 1163
6058 16434 137
1842 3243 177
7944 4654 630
5284 17221 1062
130 11852 1163
12272 15123 193
520 9586 1209
5163 8623 1209
19754 13500 158
4848 17212 168
2941 6077 177
19373 1749 1209
8965 16022 177
19300 7099 888
5840 4699 1043
7509 7194 816
13928 16716 1209
5318 2652 607
13655 5498 607
15699 16573 98
1695 12406 252
19624 8545 483
5715 10116 1219
15216 11781 997
13265 7446 1209
6826 2021 997
10276 15537 630
3877 15926 1215
11036 16863 67
14585 16796 237
9924 14567 630
16689 10035 997
1121 9377 1209
4587 6797 491
17555 5639 193
8851 2072 806
3183 8358 378
9215 14351 476
10024 13590 888
15751 609 17
10084 1933 205
2973 4504 1209
964 12889 1066
10186 4028 997
12558 9792 955
6767 6650 483
11309 14696 193
9874 8344 378
4353 5638 630
6404 14072 1066
175 3852 630
15921 6919 193
6294 8240 997
10630 9537 359
11640 9205 678
11046 12233 1174
16865 8595 1209
19525 4401 1066
9980 17714 98
8832 3133 1065
4845 2899 888
15201 7993 98
7456 2387 1043
14952 12218 765
6276 8670 743
18047 19326 491
2727 1706 706
5009 14693 383
18495 2414 706
4414 11628 359
17696 17892 193
14390 9073 997
4277 14469 997
6098 10880 98
11580 19590 1174
14050 1178 888
13893 3573 888
15025 13943 630
12418 1608 170
1928 1715 177
11785 9113 193
3920 2935 1174
11 3048 289
10200 7119 848
10523 17413 888
7215 3851 50
8424 1689 1174
13354 12604 1209
8059 17884 193
4168 2414 1215
13012 11504 121
5692 475 491
2035 4582 1174
19713 19505 848
10715 5055 112
12917 8742 476
2897 6677 955
8902 8505 483
13555 5131 483
15527 19611 183
14604 3060 193
3218 9869 888
5752 18737 630
11911 7894 888
1055 2749 491
11739 5811 997
12311 7620 491
11303 3394 483
15932 7554 177
9085 7360 187
10865 11655 1209
2598 4867 659
17218 13555 997
14696 16479 888
1541 819 491
4471 154 1010
8842 6185 630
18598 13473 1215
11844 9441 1066
5334 11739 98
15470 6771 93
3827 7633 214
11647 17244 1043
15610 2619 630
3460 11555 193
12750 9452 98
12645 19625 177
3226 8200 1163
16172 11971 193
15346 8438 1066
9774 7112 491
17294 19572 193
1386 7873 17
18741 5346 193
5387 18464 1174
19662 13561 1066
4643 18070 848
3234 11400 706
7417 16986 955
9365 16992 319
11786 17150 848
3934 19475 193
13078 16648 98
1503 11911 630
6672 10530 177
7673 11449 193
15383 12771 1174
15403 6806 1143
608 4810 378
858 3133 848
3398 2206 630
6634 19270 193
4179 6513 1066
7217 19728 491
6501 3166 280
4653 6102 1043
6897 15677 888
17714 9980 630
9919 17258 98
11383 15321 1209
19408 7277 193
10367 6657 64
4978 15216 98
19396 12147 193
3419 807 1174
16932 19367 193
1298 1923 706
13256 4736 193
12805 17034 888
12332 2009 607
5596 6338 706
720 7392 1174
12962 10058 848
2991 16494 307
15856 13725 939
15468 4866 550
5264 11868 630
18567 12130 1023
5108 3543 491
7462 11108 98
18850 4778 98
14598 18078 491
10909 4321 630
11985 488 237
11423 19567 396
17158 19185 114
17430 13635 955
15813 6210 697
17902 12817 888
19503 11100 754
2935 17666 1174
2619 14711 1209
15556 19452 1174
4479 6393 630
769 4063 193
18926 3507 798
15923 16932 630
16689 10882 1209
9892 13788 997
2015 985 483
5544 15480 177
2377 8819 1018
12666 11279 193
7793 9792 170
10576 14373 888
1110 2035 997
4160 8784 888
5606 7382 98
11000 18864 848
10276 15824 483
4709 9919 483
9196 2543 476
1141 3906 476
1223 8931 685
10978 7850 1062
3288 16207 396
1281 7608 193
15510 6120 17
13773 7690 403
2352 110 1209
17576 7703 98
8923 156 1174
226 655 888
11501 11264 997
15169 9655 997
7143 5470 630
16894 2936 1209
10601 10407 193
10407 8684 630
15844 6554 483
10203 8768 10
992 17771 378
9321 301 1043
10958 12679 388
18647 11354 1215
2831 18464 1209
10161 7216 630
715 11776 799
12449 17007 1215
13864 4546 61
13657 12671 997
16117 9073 193
16614 2305 848
17325 18810 1209
2483 2268 1174
17521 8273 888
4287 13615 997
3292 6964 275
