457
13958 13963 906
17947 2489 452
11120 1429 692
17235 11008 692
4732 17437 288
11401 6316 692
5224 1587 1090
13080 7906 628
1339 3494 537
17946 9585 760
10136 1266 644
12890 12779 922
2720 17382 247
5567 3188 827
984 958 431
1328 7671 628
5021 17774 910
2952 10792 704
12953 242 857
1081 4229 1189
16369 2712 692
19330 9787 628
6611 9416 692
7689 8671 857
503 17304 692
2551 12583 645
10483 4777 857
13360 8364 703
16793 17743 857
2839 2343 704
13799 17402 126
5490 9688 857
1044 79 692
12047 12335 773
10471 3381 144
19677 8442 367
12012 19008 645
5538 5538 692
8288 7653 645
10225 13600 1126
5656 18591 940
11257 10103 645
10161 7670 692
13169 7104 645
2470 900 266
18452 16534 1173
15279 2732 645
6199 14431 628
17743 16793 247
6882 16238 857
16195 10706 1038
14703 1721 857
971 7152 857
7514 11345 703
4292 18254 628
11599 13425 857
8861 5354 857
372 15070 692
3100 1414 692
2620 8612 486
8882 12738 184
10084 15152 857
3846 17975 692
17987 15472 688
10281 9561 857
13577 4760 628
19279 6511 197
5127 9846 1056
6846 7975 1056
13208 5323 266
18312 9569 857
9223 5859 857
7897 16749 872
18907 12712 704
13386 10192 1175
3676 6373 63
12985 10675 645
8766 4086 756
2872 9225 644
887 12207 697
2813 3568 704
18347 17426 1056
13777 4717 827
6263 10218 247
18876 15498 645
5513 18133 201
12491 12807 603
18080 1339 266
1041 11690 628
14190 6462 644
15425 12559 857
1106 17743 247
7514 13469 703
10369 19342 645
13020 2664 628
10465 7023 247
1111 6999 692
1861 10907 1056
7535 15353 628
13453 3069 611
11105 12112 247
4099 16561 645
3879 17800 742
11920 9699 1169
15549 2380 1090
17627 14190 644
8228 14771 1056
14836 3021 296
2497 4945 413
9308 14993 486
17869 10850 688
8078 11386 857
18339 7596 266
2872 7676 645
4764 6983 704
17192 6147 688
13080 10530 628
10805 3027 645
10314 4379 645
15023 14368 628
8635 6626 1056
13226 1429 692
13808 10368 1217
14091 6758 487
18945 942 197
3515 13165 692
12720 10109 570
10070 4316 1056
7984 2762 645
3519 9451 1175
11918 2978 951
11608 11421 703
15278 17625 692
11937 4153 688
9381 7023 645
15920 7070 628
11092 10646 1056
10444 879 1097
3202 3325 556
1183 9567 367
7436 8463 367
15685 18480 645
18734 17312 1245
14311 7558 857
10998 15354 645
13425 2386 857
13973 14313 857
12927 2907 760
188 13302 644
11576 9171 431
4857 12568 357
1585 2216 628
13203 5154 1056
2176 19566 773
16459 16579 431
3685 3032 1284
11114 8787 1056
5022 4142 756
2865 6700 692
14193 1958 657
19575 3365 692
1330 4915 940
9152 5026 692
3386 7815 756
9014 1187 63
4892 10960 692
6983 9720 940
11949 813 692
6837 5471 857
6444 12729 742
7671 11917 634
9023 407 692
13780 12483 1056
15130 9032 1063
16877 8576 692
1513 19802 1011
1576 10556 857
11920 3827 1124
5818 11114 288
5316 1480 692
10180 1750 857
9587 10084 857
9543 16827 692
6401 15774 634
19692 14669 486
2715 3033 283
17618 79 692
12055 15084 144
12953 2208 131
11915 7544 634
4918 9933 1056
2434 6883 688
9860 15067 247
11097 7351 756
16459 1573 431
383 210 645
6184 11777 300
8193 14740 692
12737 14771 1056
7287 18386 645
17687 12448 857
1836 18744 73
18232 13371 645
9093 3658 259
13267 11857 940
9643 5222 692
17411 2953 703
6016 14567 857
16515 2210 857
7956 5714 487
11020 15424 628
15051 1480 692
4210 19778 1090
7558 14311 645
18381 760 688
11381 11514 940
2497 19055 413
15364 9165 844
3223 3591 704
1585 6675 940
17618 13868 692
4313 8928 628
13751 2109 857
15693 6718 634
17033 3008 1208
30 2077 1090
14795 10648 645
18701 4518 247
16321 13481 357
9472 17265 1038
19270 2316 63
4197 19054 756
7534 14407 431
7734 7224 888
15088 12279 1251
19797 935 692
4224 1052 628
15354 12042 645
17481 3325 742
19066 9476 1056
12721 16085 703
4412 16201 184
13657 3224 1123
7634 6584 644
19579 8965 692
11457 13555 692
4797 19122 910
4238 10861 704
4529 15414 1212
1266 10136 644
13451 18801 781
1546 10745 487
1576 6432 645
5457 10584 201
12247 484 645
15742 15552 395
13157 8837 692
2014 11311 608
4174 9988 692
9130 17204 1090
6620 4002 1013
7341 2862 298
16075 9216 645
18823 13956 144
12583 6409 645
5957 11793 63
14772 9571 144
62 15085 888
14134 13313 1056
2762 7984 857
8973 803 144
5621 18482 692
17109 1167 351
13386 11801 1175
13660 18624 144
17279 697 773
2806 9803 760
1005 8553 857
19229 11041 645
7417 5574 1056
4661 705 704
7147 17747 1090
7105 512 857
13080 16433 628
10131 3060 144
18368 6758 951
14474 8088 688
15301 6503 634
13080 4073 628
9023 5401 692
759 1928 688
19555 13899 283
8670 938 692
10483 3077 645
14967 1742 645
3143 17457 362
13080 6752 628
2484 10274 692
15498 18876 857
8255 8616 487
3130 10373 692
4467 9585 220
6311 16078 1056
16038 9296 857
8690 10877 1189
811 10484 692
9453 2445 4
17717 11172 692
9395 5925 628
17335 3209 857
5620 5499 645
12513 17483 692
18454 15425 857
6190 5765 645
618 16276 1090
2473 2473 628
8556 9216 644
743 13183 692
15014 7533 634
6802 6294 266
3774 5221 674
13080 5581 628
4608 17774 688
9469 506 645
12520 14438 692
8835 18522 357
239 8789 756
3433 3819 628
10180 17518 644
887 2387 492
6464 11421 1255
16229 5601 287
3130 6666 692
3977 7931 1056
11194 17663 259
15822 8462 160
11039 9406 888
14492 6268 760
5105 2506 1090
13689 7827 742
17481 16201 742
13020 16088 628
18567 16050 645
16480 17420 201
7884 19557 537
2023 6010 692
405 18235 858
8934 5023 692
857 7991 486
7514 15044 703
1359 11489 486
9250 10239 645
7863 14646 704
15096 18287 857
14836 345 296
10642 15838 692
15582 10147 857
19342 10369 857
3702 8798 663
16080 9914 1056
14995 17840 692
6032 10421 692
8934 11713 692
10407 2433 940
2484 15049 692
5390 3596 692
8337 4646 912
15301 3521 634
13504 7271 1171
3639 6025 857
12515 16161 644
635 13861 628
4854 12339 977
7152 109 857
12973 12788 1038
441 4603 857
10753 3965 657
2306 16153 4
15571 13543 692
12137 1257 608
5929 8243 742
4539 10253 940
1323 18392 862
2626 19751 1284
17614 3143 184
7021 19793 692
11030 10998 645
17152 14566 1056
18229 7148 373
5105 15308 1090
15425 506 645
10561 15049 692
9380 12366 1126
7629 10316 1056
13799 3965 126
13475 9508 1056
15800 3984 431
15641 9065 1011
14031 17512 289
13989 18953 634
17747 7147 1090
7863 5735 704
10971 3175 1056
11734 1742 857
5342 8755 1090
15920 2044 628
16145 19556 645
14010 1393 756
11020 3300 628
6178 11028 760
925 15416 692
4954 785 645
2813 4539 704
15530 6129 688
13453 4189 1123
13453 18621 1123
6945 1803 692
5425 527 975
15093 5866 645
2337 10395 634
6314 17335 857
2484 4266 692
7613 14572 773
15014 14316 634
8848 13511 160
19792 7321 540
5757 16860 677
7356 11030 645
17973 3576 645
8288 9216 645
19367 2664 628
9066 11981 1183
810 15509 940
12464 8814 857
4155 17290 692
19367 6651 628
6834 3563 1183
15687 12829 760
12520 13658 692
15235 17506 247
16514 11042 201
15107 17737 703
11395 9593 367
18060 7558 645
1339 18080 537
6190 6340 857
17082 2212 1056
17673 9019 160
17749 19721 486
7919 16461 201
983 738 413
7535 7154 628
17687 8819 644
1041 19203 628
16877 11491 692
17150 7751 608
6109 14539 4
