1559
15989 17341 41
4317 5666 1119
7001 15140 726
16850 8277 553
16938 6126 553
18538 8304 1119
1498 19750 1291
9520 2267 639
681 1005 686
8492 9264 1238
13053 12736 957
143 17068 607
15307 11960 24
9873 2611 607
18651 18550 639
170 9180 1072
8035 5211 450
18714 11346 1119
5602 4125 623
428 18291 551
8960 15597 749
2989 16218 1291
6555 11545 749
16502 18005 623
15508 8323 403
4891 1100 254
11175 13183 623
7033 19183 1119
12300 352 1119
943 9822 114
2805 10529 749
5433 10508 1239
11591 9232 680
8816 6758 1191
19609 18892 553
350 2238 41
3108 3325 1201
8043 444 442
10506 11863 483
17901 2056 102
9943 3412 417
6718 19111 41
17250 2202 41
572 17655 662
9963 2637 51
1531 1069 726
9259 5505 749
11345 5767 51
6310 19344 1136
3768 19032 686
89 5880 623
4223 7994 696
18898 15140 726
14718 5509 887
6905 13131 623
2851 13886 1119
5493 722 607
3719 8705 1135
5188 17590 1229
1853 18211 464
1187 16452 547
10685 6979 1120
17867 19365 189
6719 1319 464
15925 16201 194
4587 12575 1191
15149 4496 726
19230 11466 551
12637 10373 749
7887 18013 639
4757 12295 325
12378 12475 1136
356 2887 1238
889 15310 41
17783 4880 984
19659 14535 1119
8549 6310 1136
17767 5505 623
1998 12668 627
10259 13718 957
5690 4077 984
785 9242 551
18312 17657 670
1749 4496 1120
14167 19085 1072
16134 10422 743
8844 14781 1182
10291 6943 623
13053 10138 398
1804 13600 216
5807 18392 594
9804 4327 551
18756 165 623
17552 4404 623
781 924 623
11821 15156 403
14386 7186 398
4055 19365 189
15446 8492 887
1854 5594 1161
11688 9653 1238
18168 12407 949
8026 15560 607
605 19187 639
10433 11981 135
8517 13358 749
1357 4818 726
8499 18291 551
8275 15971 1119
4640 1820 403
14191 19113 614
1615 6979 13
14064 5505 623
12955 6814 403
19623 15897 623
2774 10028 202
14666 4027 442
638 5646 41
8278 7052 749
9778 291 743
12322 19114 957
11175 9201 749
14628 1100 254
19289 635 1275
7366 76 726
3072 19557 1196
3659 10508 1239
8491 11475 1135
1868 4826 686
14868 14050 1190
18112 11938 31
2718 8277 1136
9786 11981 135
6699 8035 749
12884 3388 98
6844 5211 450
12567 11120 623
12070 13572 1153
17413 9641 31
14383 17853 547
9641 8895 102
1292 9107 639
7105 6853 1143
9688 13069 670
3598 7285 1275
13934 9242 551
2377 11120 623
17508 1098 984
1198 2822 623
18753 18168 852
17003 12222 887
16788 8616 936
19120 5594 1161
2578 15897 623
4289 16877 749
7650 1567 1190
6132 3812 617
16983 17470 551
8160 3460 1206
5631 8010 547
14214 17272 708
3770 1457 1203
739 15140 1072
11572 11009 254
18536 6262 529
1153 10235 135
4861 8277 102
6345 4567 706
8275 13523 623
16548 9341 607
12884 1067 1239
6069 10183 699
8745 15140 529
11197 16215 1119
10176 3625 31
3481 7383 887
2260 19783 639
13219 5178 984
14137 7424 1206
15938 5211 450
19617 19114 1072
3323 3098 226
712 6566 1239
15364 6853 203
15921 2547 726
3191 17384 623
17333 8705 617
12685 11010 749
18670 1515 1238
12793 9242 412
8226 19630 552
9423 7557 623
14943 2408 403
8819 8715 1135
14951 7578 182
5942 3119 749
10560 8321 726
16197 4032 551
16805 10342 276
12128 4327 551
6028 11863 483
8922 9327 1136
17 15971 1119
3941 2318 90
1053 1183 639
11220 8248 1072
4893 4567 706
3542 5656 194
18896 1998 686
17167 5594 1161
6864 15513 129
7423 19770 41
13057 13759 1206
17278 291 743
8959 423 957
11829 12283 623
10349 6696 31
8775 13600 466
4513 9693 892
5911 10283 1017
7730 2355 1140
9622 6644 702
7698 5211 450
10941 8453 411
6577 14889 551
6997 17935 551
12565 8986 1120
8138 19503 13
1171 291 743
15197 19694 1120
8814 7721 216
9215 7781 1238
452 16707 594
891 7955 41
788 2056 102
15297 11010 749
18280 11727 623
19376 9242 551
15872 13357 623
16710 3205 31
19609 10816 285
676 9248 551
17804 15737 1190
14661 9228 623
6794 18112 726
19703 13868 749
1013 6955 322
5990 16093 442
2909 12873 228
7038 7821 1119
18153 19085 1120
4495 8554 607
16079 5211 450
7654 19085 726
1029 16962 852
576 17739 686
12264 18550 639
7858 16452 984
13302 6853 1143
9180 8895 1136
2786 5729 551
18193 13619 957
10093 11466 551
19457 3539 1023
14409 7569 708
10281 15224 547
15116 291 743
17875 1100 254
12803 10672 861
1143 10133 639
16637 16452 551
736 11100 1191
13542 17533 1119
19776 4089 1119
18870 14759 216
2686 8385 861
15604 16452 547
10915 7690 268
16293 17551 302
9529 3388 302
5388 10141 984
9800 632 1058
10434 4327 551
11394 15826 547
10634 11663 616
16311 11466 551
6799 3009 1120
14170 17257 749
14128 14051 749
16805 19272 31
6622 1700 639
4954 8816 1135
18160 6187 194
17880 5752 1119
18917 9629 1135
7694 18449 1119
12603 15016 202
13667 17540 623
1976 14225 1291
1069 19085 1072
6126 11362 553
9180 2718 1072
6789 17655 686
8775 7886 285
16447 15226 749
8371 9594 1119
15266 15388 268
11909 2759 662
11650 10283 680
17064 9196 639
11434 11566 623
16555 16850 302
9975 1153 551
6064 14340 623
19341 10835 1206
15636 14340 623
465 11544 463
4802 10521 623
13016 8321 553
4104 16293 398
15467 13776 1238
623 16638 551
8294 15909 168
3587 14892 464
12309 15711 623
18727 274 623
8980 17762 323
8647 4911 623
13111 3049 623
10422 12407 949
14059 9521 322
14015 4818 957
988 16966 79
15989 12320 639
13255 16175 51
6215 5594 1161
3301 14767 188
18054 14340 623
10816 9925 254
9605 2890 24
14579 15140 398
17599 497 41
322 4898 749
14138 6696 1239
15184 3440 1119
16538 13358 623
13711 11309 892
17413 12007 13
4444 18605 1119
4523 5879 1119
17811 3325 905
725 1069 553
14015 13600 466
3024 16517 102
18898 18892 1291
9204 18888 41
3079 13745 1119
105 19038 623
10686 19748 984
5594 291 743
3089 5505 623
1999 1700 639
3409 16446 1190
4749 8073 749
7886 2430 726
2686 11864 891
15055 16452 984
15430 13837 1119
14672 4327 551
18137 16452 547
14602 5353 686
6799 16000 1239
10271 6412 1258
6345 19749 411
1442 18014 984
2705 13428 749
7509 7690 268
788 170 1136
4491 16000 1136
5453 4106 442
12911 8705 617
9247 1665 1092
7517 13795 523
8640 18317 1119
4224 5030 41
11988 15154 13
7229 17397 726
11025 19337 1119
7969 1253 726
8859 19024 1135
8555 8903 1135
16367 5054 21
11556 18347 322
12396 5211 450
18959 19750 1072
4775 6758 1185
2830 18291 551
12848 16553 227
322 1933 623
2894 13523 623
9327 19085 1136
3565 18959 1120
2767 17606 57
736 6334 1191
10172 6404 41
10685 15615 398
16074 16452 984
3065 7964 1136
7152 9958 547
17607 15633 623
5362 8623 617
4492 7886 1091
4843 1069 1136
16938 16000 398
12948 10872 937
8385 8518 726
1494 7088 442
9851 19748 984
13633 9242 551
6280 13600 905
16805 8986 957
12422 2643 887
19265 4327 551
6883 19365 189
19477 1196 607
14136 14491 1119
18231 12884 398
18458 8554 607
1200 15462 1023
16483 6942 623
5353 15627 594
4334 14240 41
16584 14757 623
6578 18837 670
14558 9526 323
1596 13600 216
2529 13600 1032
15422 8223 194
7262 447 442
2684 5054 21
11 10721 1119
12468 18291 551
19313 13371 686
5285 5211 450
2494 19062 51
1253 17406 861
1318 5371 226
17615 9180 1072
16206 1539 442
15224 13966 135
9487 6514 1291
18556 8852 617
47 2056 102
14384 3233 41
5451 19085 529
13882 11010 749
8327 12845 1298
9149 11323 1190
18072 12109 51
13898 5594 1161
17439 8460 41
12007 15140 398
10610 2132 623
17333 16452 551
16088 15920 1275
9459 3226 607
18075 14371 992
6273 12320 887
19040 12736 1072
12884 16124 861
14989 7690 268
1615 6979 1136
1842 12364 623
13560 16877 749
5447 18291 551
12998 3040 686
17615 15140 529
17776 16645 282
8470 7824 686
3133 19624 302
13986 722 607
11809 1160 98
17413 3359 726
5490 19286 1135
6375 3539 632
3844 9640 623
7006 14856 1119
11119 13185 41
6130 4818 398
18142 19365 189
1733 291 743
7988 18291 551
16340 4722 551
8034 10283 226
5616 4732 1201
7720 4450 302
1334 5917 1119
6892 7725 24
14819 1246 992
7780 16452 551
6137 11642 1206
18940 19272 553
3487 15161 1025
1852 12884 1072
8902 17298 623
13549 2112 686
9641 8920 553
19762 760 268
13683 17527 1119
16443 925 623
3487 19344 1239
12803 14225 1291
11968 12742 1238
2989 6262 861
1577 16012 842
2925 7589 900
6136 13929 41
13012 7710 686
1692 16962 852
18359 9307 594
10259 12135 411
11680 141 551
12444 14124 551
7529 2547 1136
18846 9342 749
1065 223 749
5568 2357 323
14472 13909 31
10508 17262 1291
5414 13374 1137
4291 14325 189
6506 3799 517
5128 2318 90
353 19797 623
14726 16877 623
2836 12563 442
3104 15737 1190
7071 8419 216
477 5594 1161
11774 15450 594
11596 14135 623
1744 10567 517
4824 3781 627
277 14268 1206
12327 6853 203
3625 14751 31
5787 19617 102
2776 9822 523
16078 6397 949
10118 5594 1161
16644 8063 623
14115 1867 623
307 18168 852
10736 18550 639
16934 5835 900
5574 1799 41
6622 5147 41
1891 11421 464
7998 56 623
15904 19619 670
11956 14236 403
10675 4722 547
14022 17236 607
15194 17655 594
12349 18579 984
13081 18291 551
15853 6727 119
12247 19619 670
11165 5232 194
114 9933 1238
12475 7930 1239
8179 16286 1196
5433 2989 31
16737 3106 893
3842 5594 1161
16379 7781 1238
2808 4327 686
3091 5121 1206
629 1457 1203
1037 15369 1136
8746 15678 1119
13619 19085 13
19608 2430 1239
17636 8920 1291
16156 7307 202
9323 19694 302
19626 114 639
6377 9925 1091
788 13833 1291
18750 1681 1072
838 14506 194
6953 13093 623
8197 11981 226
4981 16595 25
18555 13358 623
1557 11352 1275
7851 6637 547
16219 9857 13
7810 13907 547
176 19750 1136
1646 8063 623
12856 17749 623
19733 1319 464
19005 18319 24
11587 1899 551
2686 7186 553
8858 18291 551
7967 16877 623
18686 3210 905
12724 13759 1025
16063 18892 553
4794 6075 749
13426 5211 450
9260 4880 547
7729 8385 398
4954 16452 547
13764 17892 690
10351 1196 607
9275 7861 900
7992 6524 442
6909 9104 749
10084 5729 547
3445 16555 98
445 2493 852
6794 16124 861
16731 5594 1161
17853 5873 552
3915 2331 31
3352 5100 1135
6979 1200 1136
17433 5211 450
15042 1961 51
11302 1067 726
4636 9693 1267
6042 6412 1258
9641 18112 1072
15149 14751 1120
3896 4327 551
8467 1069 13
11512 17540 623
3844 8406 403
15197 1100 254
17734 5343 623
8454 6044 1119
10093 18259 617
14196 16201 41
1849 7429 639
8468 1353 41
19694 9925 706
14628 3539 632
19595 12590 639
12523 6853 226
432 1141 984
10331 246 617
11596 9659 1119
16325 4215 623
10596 16270 749
5023 5211 450
17265 17491 639
8453 4496 1072
18001 7514 203
12322 1067 1136
18397 8722 79
2686 10758 13
8102 8063 623
2331 19617 861
14386 13909 861
142 10028 202
3625 13619 398
19608 3009 1072
5371 1899 547
9966 10593 957
16691 17318 617
6663 9242 547
5195 12196 322
13561 13725 689
15973 291 743
6921 9107 639
9544 16755 1119
13768 1899 551
11242 3761 623
14945 8063 623
17456 6108 403
9792 12537 1058
17634 12007 411
14232 9242 551
4285 9965 322
5651 11545 749
8349 1067 102
12957 14648 749
1792 7583 24
5911 12580 828
4297 1797 1206
6338 6486 623
11362 1253 31
712 7886 1091
5984 19365 189
15200 6200 176
16140 6397 714
10762 18908 726
3085 5594 1161
15007 17262 957
14665 3929 41
13752 11009 208
8141 5211 450
13718 3388 302
3551 2953 686
13302 3781 1191
18585 7897 551
5787 19085 726
18069 110 623
14510 6926 1206
3178 14001 551
15160 2822 623
11845 3325 662
12322 16690 31
19377 14183 686
14013 12751 639
3133 1069 1291
2403 8248 1072
12612 1196 607
10349 7529 411
6916 10517 1258
8674 2151 598
9057 12011 57
11251 17935 551
1839 16877 749
6392 6758 1191
14311 16346 1191
9327 19085 13
3351 11189 1119
9805 8492 887
15276 1567 992
14472 2718 1291
19391 9242 412
14502 17603 1135
19298 9693 1267
13490 9438 551
3556 19371 623
5675 18672 1119
3072 16377 1089
9006 11545 749
4472 11347 442
7189 10758 1120
7182 7654 31
10246 1069 553
17336 10559 547
4885 16877 749
1468 15140 398
17649 16927 1119
5900 5505 623
18065 3636 41
14558 14358 323
5099 16716 1119
18951 8895 398
6420 5211 450
15899 17935 551
7235 16909 1185
1069 8895 398
14488 2493 743
19162 5323 90
12378 18892 553
8378 9201 749
6802 6294 41
16524 17836 617
8628 8722 79
7558 16698 1135
12302 9972 13
14661 14973 1119
18032 8336 551
10595 19335 749
9647 5166 41
17018 10885 51
13290 18482 749
14423 18467 24
14817 3202 1092
3933 1100 208
18596 15150 623
19608 7189 553
4070 16828 1229
3386 16452 547
1918 16781 984
18104 9138 639
14553 1700 639
18030 10593 1120
8752 452 686
14312 12668 323
5450 18079 639
5720 15156 403
47 1100 935
4268 1183 639
12875 7353 1119
4993 16726 1119
5705 11169 749
15933 4048 551
18351 16962 852
7660 4491 102
16758 2592 51
1456 14757 623
11190 5343 623
16050 16452 547
17419 18291 551
4742 17675 216
8467 9180 398
11282 19113 614
6213 1222 1119
9798 12268 529
13765 14202 51
6723 15554 1191
6278 4624 1298
9197 19617 861
6668 16962 852
18704 17542 1116
13383 1168 551
8895 8385 529
5871 779 639
1860 18168 852
5464 17841 690
15238 14993 686
2331 19694 13
2520 2267 639
10806 3325 662
10554 6377 529
10247 6564 403
7923 4441 551
8212 10337 623
14473 13413 552
9731 4464 701
6197 18445 322
2844 17175 1241
15778 10138 398
9814 3359 98
9600 5433 1239
13197 291 743
19624 653 1136
5727 8816 1135
10049 5451 411
3445 8895 1072
4307 13579 623
12305 5594 1161
7931 18621 41
1633 11169 749
12161 4945 551
12709 13944 984
15713 14993 662
18680 15946 403
2175 2417 1119
17516 13759 416
8749 1040 411
19071 6659 51
1377 10757 442
10280 16137 921
2305 7977 889
12006 17841 690
4257 16962 852
17458 14058 79
15999 7994 696
6174 13194 666
14472 8385 1120
872 19721 623
4811 9242 984
7335 5594 1161
10087 2445 51
16259 10332 623
2124 82 686
6326 13039 686
10672 6130 398
7611 8922 1291
16969 16909 1185
936 13600 662
4441 13413 552
14967 17853 547
10138 12302 31
11050 18291 551
14795 6853 1143
7229 7729 1291
8321 9180 1136
5503 14648 749
7594 18054 1119
18915 11323 1190
6799 9180 861
8138 12046 861
2062 7729 529
8537 12706 88
17878 13600 1032
8769 5919 464
19749 8920 1291
5778 12749 1119
2528 7495 203
17447 6797 1234
9895 17112 617
3133 1219 31
9721 11863 483
15384 18244 686
11413 12768 708
12268 13909 31
15638 19371 623
13392 10283 598
17365 11309 892
1795 6758 1201
9339 6413 1119
8522 9600 706
1013 16201 736
169 10028 202
2062 8920 31
18976 5594 1161
17907 15342 607
6234 8770 442
477 5965 736
11220 12475 1136
12030 15139 21
6480 2735 607
8929 7211 1119
19048 4463 623
1307 13600 905
6927 8774 442
3388 8277 861
8654 6853 1093
7379 9585 623
6598 3781 627
18621 3689 412
14945 6814 403
10941 8321 398
16627 1933 623
8770 10924 1206
1153 9020 552
16717 17859 1241
17558 10138 726
7179 6234 686
4926 8063 623
4515 7064 553
5049 5271 57
1260 12751 639
4901 16452 551
14749 2804 194
11054 2380 1288
15007 12676 1136
17420 18291 551
10138 9180 553
12392 9560 623
17193 18892 1291
10342 13718 957
4257 15580 1238
19344 15140 102
10554 18136 13
15910 17892 690
2779 13600 598
3547 4322 1238
302 7529 861
8197 4677 551
16103 11889 937
13902 8802 202
9778 8377 322
12549 2445 1185
12532 14757 623
1897 7144 51
12559 13600 1032
9959 4257 639
7139 2056 98
15586 14269 905
14889 1225 1092
15615 2331 1291
3606 10702 41
4045 3960 194
7526 1246 992
12007 12475 13
10194 17111 24
17086 5211 450
10245 14894 1196
4645 11421 727
12378 7930 302
9943 4188 749
8745 13833 726
14059 291 743
10670 4911 623
6150 10521 623
9315 8427 547
1123 18408 1206
10508 11988 529
18880 7893 887
7229 3009 398
5312 14757 623
16323 13363 623
15239 8616 1092
1328 7383 887
18734 11182 415
16501 2940 551
2098 10521 623
19606 1100 254
8986 18908 31
9938 17859 680
4634 629 21
2754 12668 627
9750 17287 551
4965 18659 1185
18149 18014 551
541 15656 403
13612 9103 1119
8727 16055 594
11500 9258 1136
9074 4646 1201
8640 19480 623
5934 11120 623
18774 5211 450
416 5211 450
14880 9215 639
736 17556 1191
19771 5268 623
13883 19694 1120
829 14040 1191
12111 14767 188
9077 15007 13
13285 16063 861
7586 18757 617
8317 17749 623
172 19507 194
8277 17262 553
13900 7690 268
3487 2056 529
76 860 1136
18602 4398 1206
8732 4365 322
18583 15632 623
8789 10836 216
10954 13416 1136
12685 13358 749
17665 12575 1191
10042 5211 450
3753 19283 666
2064 19365 189
13194 1350 51
9541 5211 450
9915 9242 547
9386 5646 41
6581 10266 1091
13830 17655 905
14107 13996 1119
17615 4496 726
3433 7383 887
4522 5594 1161
16476 3539 1023
2621 1350 41
13534 13358 623
12352 302 102
18143 4781 623
14160 9366 51
10063 4138 842
2510 17588 1206
2510 14242 442
2849 14202 41
13307 17558 1136
1615 16555 529
3935 7138 623
14907 3605 327
16541 5211 450
9613 19113 614
1524 6426 442
19113 13600 463
10246 1100 254
8560 8063 623
18354 10637 398
4573 19102 1119
3720 16452 547
2462 52 194
5634 1761 931
7256 6200 176
2430 16921 1072
3686 15895 31
16016 4125 749
5780 1681 553
15145 246 617
9418 6853 1143
18265 531 617
8548 13600 1032
11407 14340 623
6309 14050 1190
10069 18566 84
17450 1651 577
2867 17531 51
16452 18392 370
13107 6888 403
6184 1457 186
4567 19694 302
10453 4293 639
3915 1069 1291
4267 15725 464
17711 13523 623
1166 9799 1239
7964 3359 302
7519 10567 517
9049 19797 623
18952 8895 398
8207 8035 623
9593 3799 517
10169 6853 203
9318 5594 1161
6677 6934 51
491 18837 552
17615 19645 302
6847 8063 623
13053 6514 553
16712 2547 1120
5031 7529 31
4531 3359 302
11729 2582 1119
15116 5594 1161
3408 16452 551
10266 16517 529
2386 4077 547
7182 18892 1072
8790 13958 21
3565 10758 553
1749 7529 861
10685 15778 285
19420 4404 623
5780 10672 1291
10262 1366 1119
2615 1457 186
11140 15831 1185
909 479 551
8270 1285 1135
16535 3200 194
18510 7366 208
18999 19653 1288
13325 16124 1239
7537 14031 1009
1747 1196 686
15398 18355 957
1368 11606 41
1852 10138 398
12709 1799 1185
16264 1225 51
9137 11360 202
11455 14225 398
104 4219 623
12115 17929 415
8794 15651 749
9693 3605 377
14822 18223 442
19461 8892 450
5846 10543 617
17984 6514 1120
2411 1069 1291
19342 4077 547
6174 5377 442
7697 3539 632
4436 14135 623
15576 8631 51
15900 9242 551
18265 19495 323
5555 11727 623
1885 8705 1135
18685 5892 1136
11480 16630 195
4287 17757 41
2564 7436 639
14429 5904 695
10554 18136 1136
7586 1153 551
13143 7528 686
17280 5281 194
7001 10246 13
19237 17935 551
9440 5792 893
6785 9693 1267
10228 16774 65
1393 5734 323
10342 5451 302
1250 15535 1185
8453 16712 13
10386 5211 450
11435 14767 188
1067 10758 726
7754 4936 1185
7477 3812 1135
6743 8816 617
2403 2056 102
10193 10138 1072
12461 16915 40
8745 8321 398
7864 14340 623
18092 6385 984
14596 11228 442
18929 15140 1072
16591 5776 551
13016 2517 31
8491 7651 1135
14138 11362 98
7594 14340 623
4562 4465 1025
4694 5211 450
10669 5178 984
11910 6873 282
14770 9438 984
8690 4677 170
1048 5230 1275
5865 18194 442
14565 1100 254
13049 767 551
19617 2989 398
2456 8063 623
14791 17935 226
17335 4077 547
310 11883 1119
1575 6325 1191
5778 5917 1119
10675 9291 1058
472 6853 1143
4735 7583 24
15943 11466 226
6537 13600 905
3659 15007 102
3682 19062 370
16586 14340 623
3818 6201 623
454 6130 1136
5836 6873 625
5890 18079 639
12352 19457 98
16368 2430 726
14229 5211 450
18987 12167 841
10624 13363 623
8352 9395 377
7862 14995 749
7186 11938 861
13329 5880 623
16472 1100 254
19634 9693 892
11190 17478 1119
7729 7186 726
18136 11086 1239
4535 17749 623
1555 8657 1206
17873 15845 1177
6604 19365 189
16698 12668 1191
3622 12580 551
9763 8816 617
14801 17112 1135
3985 1005 686
2559 10529 749
5911 10353 690
19606 7964 1136
5744 8705 617
4966 1100 706
18193 8895 726
5614 15597 749
18193 1067 957
9966 14225 1291
11127 13363 623
14290 14856 1119
14456 5726 51
2783 11362 1239
16740 6979 13
16710 18908 1072
18093 10901 1095
454 4818 1072
8586 1196 607
995 16962 852
18636 5965 51
16886 12196 322
19463 1209 1239
12378 2056 102
14138 8920 553
4518 6924 598
7851 15130 547
3905 10134 194
17558 1100 146
17254 15895 726
3256 2238 1185
10272 11421 727
11023 16270 623
18850 9242 547
6979 15747 957
12489 15196 1136
5598 18079 639
4542 8816 1135
1943 11849 623
12563 4398 1206
14482 26 639
7363 14892 464
187 16982 282
18192 997 24
8922 17397 1291
6886 609 623
10193 8321 726
15666 5371 226
12423 15342 607
9529 19085 1072
6377 14225 1291
4530 7622 1264
9105 10849 168
5433 19114 1072
12736 16517 411
17498 18579 984
12489 2056 529
500 6397 714
4531 8321 553
15369 14225 1120
7426 16626 1119
12135 11086 411
1366 15216 749
302 12268 102
7456 11221 1116
3546 8959 1136
13365 4945 551
6108 2865 623
7645 14050 1190
18011 5221 491
9242 5873 552
5758 19113 614
5107 2231 500
17035 12580 828
7154 13248 1275
10594 4466 861
14297 9227 1119
1978 15826 984
12676 16723 1120
10181 4934 1007
7002 16728 999
17634 19344 398
7366 13961 1291
4496 1067 411
7996 14993 662
3103 3098 323
15207 1069 957
18110 13600 905
16555 13619 13
11391 8405 1206
18682 5211 450
5644 13817 749
5161 16481 553
4558 16452 547
17708 2357 194
8464 19365 189
5764 2267 639
15796 4327 547
11145 4404 623
14323 6464 1190
2729 6873 282
11147 8846 41
10051 15467 887
16580 19062 370
17737 14993 662
75 13585 617
8929 609 623
14225 8385 1291
10941 8453 861
3882 5594 1161
4329 15224 547
13260 8729 1185
6641 14202 370
13371 4239 551
17009 15080 617
6622 3716 41
6547 7251 686
8745 9814 1291
6418 16877 749
9321 12713 412
3624 18079 177
5509 16962 852
13053 13619 302
6345 3539 632
302 10266 891
4038 9863 623
6848 9242 551
6085 15154 1120
9395 14603 639
832 11839 71
9468 9511 1262
10019 17836 1135
18911 4077 551
2718 13752 302
12724 1067 1291
11864 8385 1136
6799 15810 553
1767 10368 905
11776 13358 623
19681 4087 1119
7399 18701 686
8920 2718 957
8683 6853 1093
19678 8779 749
18940 4646 276
12592 11321 1185
14812 11440 887
18048 8705 1135
17935 15569 135
7469 5588 41
3382 15139 202
14225 18510 1072
8552 10334 203
18892 5161 1072
2411 2403 13
1742 6853 1093
10473 7496 984
18354 18908 13
7071 12497 905
4515 9180 1072
10193 6514 398
14703 9242 547
3539 3359 13
16538 15383 1119
5250 8063 623
3065 8321 398
10349 8920 1120
12624 16137 921
161 17262 398
3210 10520 189
8704 291 743
19118 10529 749
7759 834 623
16469 4729 1191
18607 11121 680
2235 17749 623
2939 11656 1185
18084 10283 680
3933 5451 1239
17659 8946 282
16290 19371 623
15112 9693 1267
11690 3383 823
18946 15467 887
10176 4891 276
8535 17636 1239
188 51 1135
1749 170 1136
18082 10521 623
8549 8321 1072
1749 10138 398
14510 2311 442
12444 4441 551
9763 14521 617
9164 16452 551
94 15153 40
3772 4679 282
10611 4679 282
311 4092 1206
17706 18079 177
18232 15224 547
11917 7383 887
16835 11010 749
3013 8934 623
12008 14995 623
5851 13750 949
16591 780 617
10774 1294 607
18084 11981 135
5124 6450 403
12174 2357 1201
12343 12837 623
9487 10266 935
10594 8920 529
13577 9789 41
9395 9890 41
19085 16481 1136
1185 1408 1291
5158 18291 551
19344 7064 13
11896 4472 1290
17164 18484 551
1069 12268 31
13350 19200 41
14420 7994 696
7964 12359 861
12378 1100 935
10758 13752 861
1002 8895 553
18422 12703 639
16921 7366 285
15323 15909 168
12884 9180 1136
47 7930 302
6692 5676 607
18898 3625 302
4997 1196 607
4818 9667 988
4263 9103 1119
17262 1253 13
15316 834 749
13116 4186 623
1166 8922 957
12246 8349 553
1999 7383 887
9197 14225 398
8920 10758 1291
1274 15449 623
12174 18392 594
8678 397 905
2984 14325 189
1703 66 623
18878 18392 1185
6993 10337 623
3595 17749 623
19290 14031 1006
5930 5505 623
679 15024 1298
17254 18892 398
12135 8248 1120
8271 10028 65
9814 13833 1136
9239 5211 450
8468 12320 887
933 2056 529
2210 1001 617
712 12475 13
18385 17127 1119
3763 11763 1119
4051 15153 40
13876 5505 623
5236 11466 551
16723 15335 726
11561 16595 25
6867 10337 623
12324 6249 789
10560 1100 935
11437 5599 1119
2643 13834 1238
11152 13600 905
1555 11890 402
31 15032 403
12815 7921 323
5705 3014 403
17597 9307 323
6386 3325 466
8549 19344 553
19813 291 743
18662 2492 88
617 14340 623
11815 15139 21
14176 9609 1191
3449 313 1119
3955 7183 268
4245 16446 1190
8478 10721 1119
7235 11104 483
13678 15671 1135
17274 7977 889
2814 2247 322
13140 16452 551
9068 7591 194
3313 15373 639
9212 11120 623
19776 4905 623
3632 18291 551
4531 8248 1120
4054 17313 1119
12461 19557 1196
15088 13966 670
3161 5594 1161
8491 17909 713
501 9354 639
13998 9242 551
16143 16630 195
18814 19675 109
2930 9242 984
16472 7611 1136
3898 12407 949
