1710
4822 13066 563
18662 4776 1138
8732 9095 563
11670 14588 1182
3684 13913 421
8625 3207 1295
19598 19126 268
16767 1830 1295
4499 5338 340
18057 5137 931
4489 5150 931
10995 16374 931
798 19686 1273
4502 12243 931
11934 15898 762
3209 10675 1230
3926 9377 839
11247 394 905
4469 6822 905
19363 17141 1295
3052 19395 905
18794 1601 762
3007 1758 421
15697 582 421
12435 8776 421
14748 6647 1180
2645 19416 1183
15900 4655 421
15780 12787 340
7717 13704 905
12270 17023 1295
3343 2027 651
13111 18193 905
13728 12243 1105
1143 9309 340
646 13923 931
13761 13446 912
8978 4207 556
537 16356 1295
4125 5653 421
3241 2667 905
14873 14588 1182
16063 7272 737
3680 3135 931
17097 8353 648
758 3026 87
12993 7294 648
8863 11670 762
4182 6485 563
2511 5878 905
319 9447 737
13200 4861 421
3670 11925 931
14387 12792 856
15299 15147 421
17719 7120 709
17647 5834 503
6900 15141 931
17968 780 737
18515 9222 931
552 5355 858
19121 9503 931
19138 15288 762
6337 15800 1183
9907 15150 938
11069 11277 291
10854 7673 87
9511 14551 1295
11388 8431 1295
16752 11925 931
1051 13767 421
14835 8986 905
7771 17261 839
1799 1337 268
18336 3073 1183
19045 13241 931
12864 7609 1135
12952 2060 905
15816 12459 710
10075 19392 905
18055 4951 1295
9891 16401 1182
8538 6694 1182
14544 17899 417
500 12096 291
2140 4492 931
19267 7536 421
10170 11456 421
5921 18893 87
18721 3007 563
19536 16633 905
19758 6910 905
3520 14773 867
10333 11925 931
17252 13527 1072
8313 16447 1138
779 3044 1233
15156 16010 1183
1143 699 340
16753 2299 839
19245 4416 1295
18882 13036 381
16514 821 328
14195 12708 291
4242 2135 503
6979 4157 1138
19113 13889 1295
4640 2983 268
8983 18664 1135
14554 16380 931
17938 8428 1180
15335 4488 1183
3971 8541 1135
6480 8893 1072
5462 577 1183
1532 18361 1295
4 3052 905
19523 6060 973
6363 3958 905
14021 16380 931
15373 4828 905
9041 11034 931
17764 13111 905
7697 10206 563
17100 19642 1135
271 6835 1072
16626 18674 938
9053 4423 905
5151 8970 209
15576 11872 556
2371 2692 1295
11294 11910 268
18346 7117 452
15094 6319 332
18851 5753 931
4996 4400 536
8071 4813 340
12984 3911 905
11206 17582 340
7494 14455 1295
2555 191 432
4776 11693 340
15322 2544 1295
1616 5242 1072
4952 17189 328
1669 5531 395
19210 11144 931
4060 15122 762
8255 4223 464
10574 5962 905
3372 15932 889
12892 11310 931
4627 3375 912
4240 18609 1295
115 4112 268
2888 12511 1122
4128 19363 1295
19231 5263 556
9081 4093 642
2767 12200 931
19806 4207 563
4846 6062 268
10564 18096 421
8266 19725 905
1449 1084 905
8679 3763 563
10886 12243 931
12226 6052 563
64 15118 1295
547 17071 421
7090 10839 563
12531 11310 931
12082 12790 314
15403 7998 905
3204 1263 347
14445 17189 328
5188 17261 175
4810 18862 905
6357 12096 1189
4207 7154 556
19254 14013 737
15612 13326 1295
6170 1476 1295
4096 9949 1295
3328 18261 268
2163 6590 421
3835 6355 563
6351 9222 931
6778 9804 268
17542 16380 931
9120 4807 1138
3531 3067 808
18150 6502 300
11294 19344 931
11814 9038 291
12873 6143 268
811 16938 1295
2228 18306 87
12088 3467 1138
6863 14380 421
7300 9921 300
15053 3746 1138
2260 12082 931
5521 7336 87
2338 5119 1295
9653 15167 1105
11109 13923 931
12258 15212 563
1516 2992 395
2353 7965 1182
12226 15542 563
18393 11127 1138
15806 16214 1180
3661 16311 1273
7075 15203 399
18488 7525 563
10527 6767 87
992 15928 1295
16991 11774 421
9126 11364 340
10392 12559 623
16592 16380 931
7891 9912 931
5585 16790 905
12741 5071 1138
4413 9453 268
18581 1487 1144
16260 16303 931
998 5892 395
4694 9360 1072
19692 9503 931
13745 16717 1295
12383 1024 1273
19063 6355 563
5283 4698 1287
15608 6939 905
18685 16380 931
6708 2486 1138
13046 4308 623
16911 7665 710
16600 608 1295
1458 13663 1295
3859 714 1138
17074 12646 905
4238 7053 931
9917 12668 482
2891 18957 421
16819 1102 905
8245 4113 737
6706 15616 1183
7122 17261 839
6208 9473 931
17773 16449 340
12453 16380 931
14203 4599 291
4400 14984 1182
2093 7965 1182
19722 12718 421
8932 15227 1098
14902 14588 1182
3531 945 957
17875 14588 1182
15164 11144 931
17097 15643 1180
16755 11034 1105
8468 15574 340
16620 6373 959
9784 10103 268
8449 5408 905
1931 4093 762
17509 6910 1295
10862 3130 909
4694 17731 1072
2049 13039 421
17228 16380 1237
19114 12337 710
10824 5802 905
19395 17176 710
2168 16444 87
7985 17952 268
16904 9999 1098
2740 13821 1183
17547 5263 563
2502 3596 905
10739 11925 931
16040 2870 421
8266 19536 858
9674 13384 931
10377 2644 1072
10392 6324 1182
4088 11925 931
16200 12020 905
15319 5493 146
4104 8960 1182
2526 6065 905
2506 8481 1295
2623 14315 268
9511 3940 905
123 2532 843
4008 8163 931
4866 5810 1295
17563 2561 905
11083 10253 1295
7566 13830 503
1775 6681 905
2704 4814 1295
4711 11367 931
18932 13923 931
19415 4814 905
5514 13593 268
12566 13833 421
141 1963 1098
17507 736 1122
16010 12459 1273
6554 13707 737
4612 9108 737
16808 19570 905
10114 8687 563
17587 18410 737
18232 7774 1295
202 18682 905
15101 14232 291
6640 10487 622
7061 11034 931
934 15485 1133
7482 12441 1138
1901 11559 421
5043 16380 931
3755 8163 931
12341 13446 912
17731 19196 1072
7878 10441 395
3153 16380 931
4268 563 1072
12786 16765 1138
7338 6957 268
18167 5169 1295
7555 2211 1180
13802 16617 1098
15625 16149 421
11649 7090 556
6348 440 78
18865 8283 389
13272 10314 268
8759 11446 268
7800 17152 1295
19581 1608 1144
16460 4620 340
17678 14588 1182
8983 8541 1135
8466 5135 340
11129 14253 87
5885 17360 1138
3649 2575 268
8212 17075 268
11772 6683 503
12590 13864 1189
5419 13318 1295
1916 8699 1183
12456 10079 1295
8061 11144 931
1968 5262 905
19746 16203 1182
2427 4640 905
7997 5150 931
5721 6319 332
17394 13270 421
1866 7954 962
11829 6771 1138
10279 8670 1233
3245 18762 421
12103 18727 268
13719 18483 1295
6973 10990 1072
4122 4093 762
13204 9270 856
2020 17751 421
2110 14733 737
8464 17161 1189
11324 12256 905
4364 14855 563
10738 9656 1182
3261 16380 931
15795 6927 352
15278 12096 839
2993 5150 931
14151 4985 648
18247 9471 268
5152 17802 501
4981 5647 905
13449 14934 1180
11265 14802 1183
15003 18541 905
17017 18155 563
3759 8670 1233
16146 11310 931
5133 1056 421
6584 9098 1138
18995 9739 737
15079 9353 905
10431 12777 1273
42 17814 1181
5913 5448 1295
8750 17177 421
19135 167 1182
18317 13610 590
15848 11925 931
6685 4638 1230
10997 12965 5
12813 3610 1295
346 11807 758
15999 8768 1295
2128 16345 375
5744 11310 931
16090 14654 1139
15262 603 536
11704 4112 268
7153 12208 710
17812 19236 931
5932 634 1295
13602 16311 1273
16656 16849 340
18687 8825 340
14970 17261 175
15452 3299 421
5151 14065 209
13249 7901 395
10682 4807 1138
17074 1595 268
16502 8163 931
5921 13125 87
10760 10859 464
3279 15616 1183
4590 17277 1295
14089 12243 931
16938 9283 905
17864 7053 931
4383 4788 268
9117 18199 909
11551 12653 501
18894 9561 905
10819 2870 421
12210 11145 590
5605 14061 892
7409 12518 905
10787 15415 905
12537 2555 556
19617 18559 421
8432 17360 1138
5648 12459 1273
8766 2486 1138
10585 3602 1287
3110 11264 648
14455 14973 268
1692 4381 268
14675 14043 312
17915 1594 375
9261 13469 1182
14707 17277 905
14971 8992 1295
13949 13914 737
19472 17678 762
17365 5150 931
6992 16380 931
3832 17366 421
1957 7002 737
8074 12417 1072
764 167 1182
17637 2713 962
17647 19140 1295
10606 3956 1138
9899 10218 563
17017 11063 556
12284 10388 556
10682 13288 1138
17938 2211 1180
19437 15030 1139
16262 3167 758
5747 9601 839
4133 16735 931
8215 9108 1189
2220 3319 644
2530 9967 1295
1859 11125 1122
14352 6031 1183
14143 16380 931
10766 9853 421
18208 16380 931
3534 4852 905
11664 11531 1183
5538 11987 563
16517 17088 905
10875 16374 931
10134 6640 5
839 16380 931
17233 17295 1183
17074 3896 1295
15019 4776 340
15583 3094 268
14666 8222 737
7433 1000 1138
15230 3939 291
6013 9377 905
8665 11144 931
10428 18046 1180
16919 14952 268
10839 5620 432
16616 11364 340
16245 10675 1230
10753 7596 1295
17594 3808 931
3043 5150 931
18432 10590 1295
7028 16380 931
653 16380 931
19345 17770 962
5620 19806 563
2749 2468 931
2007 15751 1189
3896 12085 905
7300 241 300
10511 5892 395
18700 11310 931
17951 13220 912
5106 17678 342
19384 2468 931
9309 13823 340
5393 16735 1105
16911 15479 710
9123 14529 464
15093 16296 421
15089 7053 931
7555 14522 1180
6485 9934 563
4404 19243 1295
10428 14793 1180
18608 16368 905
3528 14830 432
5953 5150 931
11668 64 503
18123 6299 905
17563 17271 905
2877 7090 556
16821 17351 931
19166 8256 1295
12243 12191 1178
8895 4338 905
5360 16633 1295
16841 7521 721
845 10866 905
12537 8787 563
8984 19113 905
4633 18995 737
13058 12459 399
18868 8200 905
730 8466 340
5709 11925 931
14739 17926 1295
19057 14532 912
9478 2426 1144
11168 12226 556
361 11761 268
14277 11310 1105
17809 1878 839
3684 11969 931
19215 15188 905
5817 4833 1183
15005 11573 1135
13569 537 905
10634 7090 1139
9943 2707 962
9616 3230 737
14904 11925 931
19501 3134 905
18353 11310 931
12425 7954 962
2191 7877 1295
18703 12487 1295
17186 19713 503
3710 11310 931
14697 12305 931
7163 13443 1295
15580 14480 938
17367 5150 931
10312 16785 417
6003 11438 268
16344 12173 421
8667 10431 464
9332 4391 421
11255 15071 623
18584 729 737
1881 8781 905
13978 18342 905
3355 14414 452
1237 19207 1098
18972 293 1295
1670 18137 371
379 16577 590
2875 14811 421
1111 17283 421
11314 8514 905
15439 16266 464
7003 17409 737
9439 11144 931
1217 11144 931
9722 3116 905
16801 7567 1072
18138 19506 938
9902 18681 931
3713 19059 1295
19090 16360 1230
7136 19536 905
14228 15574 340
16388 4743 421
8625 8395 503
5620 14676 563
12790 12191 314
17055 13469 1182
2670 12305 931
12652 11938 965
10525 4303 1295
9503 3378 314
7481 1595 268
14904 19236 931
10779 7511 1180
1101 19276 1230
17140 18153 938
19560 2135 503
2476 1195 62
15180 9503 931
6911 11872 556
10203 603 762
2074 17312 1138
2476 11474 556
930 9589 858
7616 11144 931
5194 821 421
5620 6485 563
4124 15600 905
6759 2105 905
12975 3583 421
16988 7286 1295
8516 12609 1295
12708 17678 762
18527 18933 421
796 16374 931
11356 10911 536
1719 10397 328
4461 15479 1273
5577 18032 762
5701 3701 938
2938 7733 452
12058 8012 905
7403 15842 563
8328 3116 905
4499 6074 340
5062 14095 452
12997 13923 931
19191 13469 1182
6900 12657 421
19570 16148 858
12958 16380 931
8418 18447 1295
17565 16466 1295
4106 18919 737
101 9761 1295
5241 13610 1189
2947 15150 938
13469 9656 651
14561 15213 563
4805 18297 1138
18055 790 1295
6348 12350 78
10214 10168 1295
5974 17329 421
2505 2701 905
1338 8538 643
10111 14437 389
19686 12869 464
14121 364 905
16616 9775 340
5562 5514 1295
8732 12295 563
15585 3968 1072
19807 15616 1183
14539 19419 1105
13273 12173 563
15057 6388 905
17729 10256 464
11986 1053 1279
882 12200 931
18102 6640 1008
15156 16010 1295
17246 7189 1295
8651 11925 931
13165 13051 623
18559 2468 931
3560 11809 1279
80 7800 1295
6694 5297 1182
6947 1139 710
7050 2148 1295
19430 6003 905
12024 9894 371
3688 18167 1295
19409 14628 905
4283 11144 931
4620 1143 340
14087 2068 677
9217 11925 931
2810 17261 839
3600 12891 421
8075 11925 931
6194 16415 1295
17914 9942 905
5049 4238 563
11760 11211 905
17668 11975 556
4220 18809 268
2502 10473 1295
16974 13798 1273
17773 17019 340
6391 6966 1295
8301 11034 931
19398 1307 1295
11037 19424 1295
11247 12459 710
12487 1241 268
537 1248 858
2227 11034 931
4408 13120 961
17295 17851 959
14426 1053 1135
4409 11569 931
2429 15127 87
6021 9593 1072
13998 6423 1183
3411 13446 912
13950 19093 1295
8526 5620 563
18877 13425 905
1875 14103 839
19153 15540 1295
14450 17802 268
1300 12550 421
15848 9222 931
9034 16494 905
19705 11763 421
6854 6136 340
11917 16753 563
6349 16380 931
7045 17261 839
9125 7299 737
3464 15271 421
10900 14468 452
2176 8163 931
11291 19392 905
5538 15197 563
7038 18426 905
11145 12210 590
8024 10288 905
9775 12685 340
10476 12934 1295
5051 11477 931
16513 19175 1295
18738 3204 1189
16149 3842 421
8008 3846 909
473 17667 1135
16718 10103 268
7253 15019 340
5888 14826 97
9923 3198 905
1302 17012 905
5624 2181 421
14525 14163 340
10431 1568 1273
8227 13456 268
14424 9739 737
11156 9427 563
3980 19186 1138
5615 14546 1072
3148 18070 905
6457 4261 1098
9813 9677 1183
17849 11144 931
10275 7597 1122
78 8471 563
6022 2679 623
18410 174 737
3338 6711 737
17541 10810 389
8311 575 737
2218 150 962
12537 4607 563
14970 9626 421
188 16303 931
2149 16731 905
17009 15303 709
1572 790 1295
7676 18677 905
13413 13270 421
18246 13893 300
18312 9185 1072
6192 12082 931
6560 8705 1138
467 12377 905
14706 5071 1138
10792 10507 1273
3034 11310 931
361 16998 268
3466 6940 503
584 12960 340
17561 1150 623
19775 8960 1182
18580 16380 931
11950 13032 421
9195 11034 931
14653 5610 1295
4469 6619 905
15110 16380 931
16604 9222 1105
17554 14539 931
16628 16380 931
5388 10507 710
6017 9079 268
13420 4585 291
19675 4178 421
630 11310 931
4498 4919 1028
11737 2602 503
8825 7311 340
15490 8486 1138
10877 8670 965
17908 5152 931
9397 9503 931
17879 8310 421
13341 13419 556
15057 13540 905
17458 2468 931
5013 14532 912
10624 6256 905
14361 12264 421
10804 3757 563
18684 2013 1273
16454 1785 1133
16455 19236 931
1798 2198 839
13865 16735 931
16157 7336 87
16681 12276 421
5634 18594 839
4202 15122 762
5356 4441 421
19714 4207 563
1945 16380 931
0 1415 763
15292 19309 905
8963 3442 1135
16777 10507 1273
8802 10809 503
12617 12446 931
7976 12532 1138
5449 5572 268
9003 9677 1183
15099 10265 905
690 18978 1182
1968 3652 905
9932 19093 1183
15026 7053 931
19401 11034 931
14947 17161 1144
3501 14588 1182
683 3031 1295
9137 6391 1295
14590 15180 421
6485 3191 563
5028 4187 905
10965 1343 395
7315 9743 268
7057 5720 395
4448 66 1295
5532 11026 496
314 4421 931
19690 11034 931
17165 730 340
5307 9104 1295
10490 9483 1233
415 2468 1237
11509 5150 931
6236 1103 1279
5027 13456 758
19292 10183 905
4352 9743 1086
1480 18665 421
15343 7260 905
5284 12619 340
18657 1665 1294
3451 6714 858
3651 14588 1182
11978 10728 268
12116 17678 762
5113 4400 762
237 7005 1183
537 10953 1295
6540 898 905
1065 11144 931
3853 4168 1183
6848 6782 1295
17822 2530 1295
9295 16276 858
6475 796 421
6439 11144 931
1814 9771 1183
10080 11925 931
11549 1070 421
1163 9038 291
950 3414 905
18830 18567 1186
5281 17201 858
18736 12511 1122
3584 8978 556
17778 9560 421
18506 4449 1072
5103 12418 209
17938 13608 1180
19067 14524 563
4207 8689 556
7020 4755 1295
16564 3451 905
18353 11969 931
17240 3984 421
6218 13339 1008
12326 15302 284
14444 12596 1180
12684 2314 563
17183 12999 421
11291 5303 905
8322 18055 905
18678 11042 905
9316 4585 87
6870 3381 464
18094 12712 421
1639 2137 737
17817 1241 268
12268 17820 421
16394 11499 219
14654 18413 432
10207 7058 762
5238 12873 905
8732 6355 563
8821 14789 1072
5759 2983 268
19579 3378 931
16750 8346 87
14013 17650 737
17809 14742 931
1873 2468 931
1176 16380 931
8326 5 1098
18351 8988 905
9513 19193 1295
7981 18728 195
1300 18957 421
14589 9453 268
7090 14439 556
18232 18608 905
14244 9739 737
8133 19527 845
9030 1400 375
5369 5527 563
10391 12346 1135
5531 13096 395
7648 17186 1295
5714 9295 1295
7875 4836 905
14096 13923 931
11987 12678 563
14895 2607 762
8953 1380 1028
369 5150 931
547 8310 421
14482 8120 1138
80 17275 1295
5337 18132 421
19627 4075 737
7877 11639 1295
14767 1785 1133
13434 14219 563
6052 8526 556
7646 13133 97
5730 10782 556
10540 15540 1295
11854 15978 399
14723 13063 1189
2504 5150 931
1368 11925 931
10750 12082 931
16890 2777 1183
7692 11310 931
6973 8192 1072
14748 17030 1180
2477 1500 340
15469 11144 931
6584 3956 1138
14557 14699 962
7555 9018 1180
6746 11557 569
10933 6365 1072
9079 10810 389
11552 15127 87
463 2617 268
9934 13700 556
829 19132 839
16420 9886 268
11117 8705 1138
11325 5858 569
2105 15795 268
18045 9897 421
18845 7525 563
8763 11395 62
17713 6870 710
2639 16380 931
771 2116 938
9296 19105 737
13958 7516 648
3023 17203 340
506 11704 905
4211 5722 421
3119 17688 421
10428 14465 1180
18051 5150 931
7372 858 1183
2338 5119 268
10102 15369 268
6619 4267 1295
9498 18689 1295
4379 10436 421
19166 17154 905
4853 2257 1144
9813 11291 1295
11068 13573 421
5769 11310 931
3800 11144 931
5717 8791 1230
8537 2005 421
8191 932 340
18604 2273 839
14937 15492 87
10756 300 905
13489 5731 762
12460 11310 931
1473 15457 268
7973 5284 1138
13982 4093 417
3604 11892 1295
2953 3036 1072
803 15150 938
7276 5150 931
14701 17277 905
13752 18581 762
9620 8323 1279
7877 13569 1295
5745 7429 1295
3172 7267 1098
3107 10112 1295
11105 16013 268
7750 915 563
2817 4719 421
13308 16380 931
18668 14163 340
583 5832 858
6619 7472 268
516 6739 1295
17062 18937 1295
1051 3808 931
6981 14849 1139
7543 4588 1279
17047 12925 1295
9560 17636 931
2998 16094 737
4949 2184 1295
10961 3456 409
13050 11560 1295
10906 10694 737
18164 8787 563
15088 11034 931
18150 6013 300
14340 18933 563
13652 10847 1180
11029 6266 245
17201 6128 1183
2096 15141 931
16265 141 1295
9897 3808 931
7661 7751 1295
324 9473 931
4182 13310 563
9221 11659 421
7371 4085 233
14348 18632 1180
9504 16380 931
2105 6927 268
611 13259 1164
3685 3018 421
12527 7472 268
18237 18410 737
7907 11310 931
4899 11995 1295
12230 1428 905
10798 13487 209
2958 16593 340
11256 12082 931
11276 18074 737
12226 5006 563
13066 4822 556
10727 3943 1295
2115 4624 268
10312 911 417
3008 13070 421
3310 12240 905
13537 9294 291
15786 12572 503
2201 16449 340
8248 9792 839
13096 19641 395
6355 8689 563
13467 366 421
12237 9001 225
17100 17118 1135
6464 19162 569
14844 16523 1189
7123 16735 931
763 11925 931
5620 15197 556
15774 10662 563
906 2755 737
6100 16380 931
18009 16735 931
17116 19654 737
930 537 905
11300 15542 563
4174 10738 762
16420 11650 1189
5365 953 395
18797 4984 1182
1755 17764 1295
16633 4698 268
7315 4726 905
8191 3139 340
16651 15141 931
930 7437 858
3817 15724 395
18179 12868 905
12984 4316 1098
9532 2026 1098
13243 14876 1098
17695 17261 1144
11151 11573 1279
17063 4882 268
15583 14784 268
14964 15147 421
4641 13654 421
12873 18646 1295
11846 16303 931
11119 14329 1295
15197 18688 563
1302 9444 1295
5976 3044 1233
9982 18550 1103
3231 11017 849
16946 6312 973
11796 7172 421
16619 15483 965
5709 13923 931
3139 17671 340
18246 8567 300
8552 16380 931
3802 1056 905
18918 11925 931
82 11573 1279
13774 2037 905
5038 18563 905
15381 11034 931
848 16481 737
7622 9742 905
11819 4469 905
3204 2920 347
11410 19344 1237
14539 16755 1105
15614 9750 563
6238 7336 87
4383 17627 268
3656 6129 62
16743 16380 931
14654 10804 432
6150 1443 268
7327 13116 905
5953 15714 421
13429 8123 1183
9189 8967 1072
13031 14521 905
10721 8163 931
6146 12483 268
13095 12096 839
4221 7531 395
18279 3425 1072
13801 13913 421
18631 8243 87
11408 10700 1182
15366 4085 884
19786 15842 563
7019 16384 1295
4748 16380 931
13371 7326 931
4120 4334 931
15569 12550 421
9222 17039 1178
4172 17201 1295
14839 14103 175
14297 7800 905
8841 1146 1138
6573 9468 421
12468 17678 762
6402 16160 905
14582 13923 1105
12790 11144 1105
12443 18791 839
19805 8255 1273
12923 1932 1182
17937 15276 737
4757 12727 905
537 6675 1183
16310 14885 1072
10694 3663 737
4263 9332 563
10145 18266 762
476 3982 962
5925 8596 905
6387 11034 931
14218 12681 762
1835 17412 1138
17271 2149 1295
15022 19100 1180
15614 7090 563
19424 7661 551
12762 6432 340
6205 12495 421
19259 8442 399
17186 981 905
3678 1227 421
358 7965 1182
15440 18232 905
820 12685 340
17254 11144 931
15714 5953 421
432 4226 762
10787 2870 905
19299 11034 931
1646 15736 1072
6247 1948 1135
11935 10200 1295
7657 16380 931
9917 12697 709
14839 14438 421
1227 1896 931
5113 837 762
7973 14318 1138
4070 16837 1189
5619 13746 710
2870 11969 931
16309 16380 931
83 19236 931
5220 14588 1182
16922 10951 1183
11280 16801 1072
13618 13591 421
5199 764 762
2187 4920 905
11665 5524 1295
13341 389 563
12058 8818 1295
14132 9508 1189
7433 19414 1138
8905 5083 563
1868 13991 421
10862 12350 909
11388 11310 931
11125 18923 1144
4836 19140 905
5914 6123 762
250 574 1295
12777 5427 464
7354 8827 590
2125 12483 268
13575 9627 268
9742 7801 1295
2115 6798 1295
6902 13045 905
11437 11264 834
8047 18908 931
10900 11377 452
14774 5538 432
2860 9493 856
16185 2999 421
19305 5091 421
12617 13370 421
3197 2186 1072
2064 12082 931
3641 11569 931
7982 16380 931
9104 5307 905
3835 19437 563
6582 16735 931
12058 6747 1295
9688 5067 905
9503 11144 1105
16692 11925 931
15816 10740 905
8216 20 421
13711 12023 1180
7615 12824 1072
13197 3833 965
17655 580 1122
10779 14972 1180
9876 7463 905
2371 4488 1183
13600 15587 421
10390 5513 268
13700 6485 563
606 6431 268
17074 11639 1295
7596 10075 1295
529 309 1183
17972 5150 931
4939 11569 931
14258 11419 421
2042 4035 421
6812 18803 1295
18808 8528 1233
6635 4752 905
8757 8163 931
600 15877 1295
14955 5393 931
10745 10288 1180
14564 2290 1183
13620 11144 931
1473 12702 268
5323 18909 1182
13551 2026 1098
633 1250 839
12377 467 1295
16632 3023 340
9722 6431 268
10932 13125 87
1632 916 509
8241 2549 905
6639 14910 268
12418 249 905
7306 3855 421
7205 9473 931
13766 979 268
16212 14938 1138
14606 13456 758
608 18862 1295
17112 13259 1164
10782 18200 1295
5141 12822 1083
1143 10962 340
15588 18967 1072
7090 11987 556
3219 18371 340
11600 13341 556
193 1587 758
2475 16380 931
18584 9756 737
1866 3982 962
19756 4691 1138
17767 18908 931
16992 6694 1182
16712 6755 1295
13824 11034 931
7075 14085 399
587 2607 762
14159 11693 1138
16806 15440 858
7958 11144 931
6970 5558 1138
6269 3378 314
3697 18185 421
18497 18909 1182
19105 14114 737
7523 18227 421
3908 13469 1182
8015 13329 1182
14702 5150 931
16538 18678 905
9799 5150 931
3500 15079 1295
5620 5411 563
7767 9179 1230
4077 3622 421
6828 1036 905
8988 10826 905
18159 1236 839
12085 7877 1295
11872 19063 556
2544 4624 268
12028 15409 834
16884 6514 590
14363 15714 421
14721 9964 677
17138 14699 962
19039 4166 1072
10730 1674 175
15431 6541 905
9907 14363 421
8848 14588 1182
64 7801 905
11897 9948 482
17249 3808 931
19146 16874 737
15618 2468 931
4014 10916 421
766 5364 1295
18320 3896 1295
2108 13073 1295
2802 1211 268
7959 250 905
6911 6355 563
9313 17255 268
290 2468 931
12706 11144 931
6414 11144 931
9449 3277 1295
4549 18234 1144
4540 14773 808
16134 14277 931
5486 17910 1098
18432 10590 1183
9907 19236 931
8145 11367 931
18452 13270 421
6653 2607 762
7024 2468 1105
18330 12042 1072
12876 11507 709
8464 2272 1189
8212 17193 1295
1417 4029 340
1049 11310 931
2489 1966 912
19264 13341 563
11258 318 340
14182 2502 1180
15407 9222 931
6111 2027 509
13418 12016 938
14872 18809 503
10123 11925 931
12725 12957 563
12456 9130 1183
17013 16380 931
15621 10979 1072
12755 9503 931
11240 5945 1183
4418 16176 268
14444 11489 1180
13028 2198 839
4609 8867 762
16891 11704 1295
5182 19779 1183
8181 12459 710
4241 9878 905
9111 12161 1295
19131 18468 650
9737 19193 905
2370 2118 1295
13340 16890 1295
2767 11144 931
10792 1083 1273
9807 4769 1072
7611 16149 421
15299 18791 839
16720 7156 1295
5151 3161 209
18778 18778 421
1237 4833 1183
18733 14588 1182
16962 898 905
409 15271 421
2811 18909 1182
9551 1965 496
19706 15952 421
13800 19277 556
15981 16146 905
15263 15493 905
6903 6903 889
2969 3740 671
4162 7521 721
11560 8339 1295
9547 11358 1072
14364 8467 905
2291 3103 1295
1841 12115 1138
415 11034 1237
1120 15978 399
12434 15566 1180
976 17589 1182
1352 820 340
16516 16232 340
5917 8960 1182
5051 14480 938
15282 5647 905
7661 2701 1295
14707 14973 268
11042 18678 1295
16849 9628 340
7824 3653 268
10930 11034 931
252 12755 421
3295 17634 87
9600 15762 1072
9117 10134 909
17795 12717 1295
16331 9743 268
1912 16830 1295
4301 12488 905
13023 2081 421
17867 3378 931
15237 11925 931
14136 7053 931
9589 3052 905
6219 5750 1072
1649 764 762
17074 16906 858
7555 10254 1180
18847 11144 931
16254 1549 839
4433 7801 1183
8849 13387 1295
5996 8779 56
5714 970 1295
980 3603 1144
18415 16444 87
2040 13956 1138
4427 11925 931
16770 14398 1182
12441 16931 340
14114 11607 737
13033 7326 931
11364 9126 340
5961 3523 905
17520 13125 87
6639 8814 1295
14616 15592 146
11333 3573 1189
2931 12459 399
10031 4093 762
969 5513 268
695 7118 421
4492 1015 1105
8367 16380 931
15163 18149 905
5249 17430 340
8794 9503 931
15799 16118 905
4207 19806 556
14638 4950 1230
11682 1053 268
17311 6914 1230
373 15163 1295
8427 300 1295
2459 5071 1138
494 18183 536
11843 18111 737
7723 2385 1182
14219 13700 563
3968 15585 1072
782 18628 245
17018 9705 905
14090 43 421
9808 12181 1295
16699 11062 536
2499 13923 931
13316 10842 1273
3896 372 1295
13731 13506 1144
603 19620 1144
16832 10979 1072
1143 11993 340
1282 4159 556
229 16053 839
11011 12792 856
17627 13923 931
19292 3885 1295
13763 7436 268
16293 8617 340
898 4257 905
2822 17678 762
5552 1122 340
15256 17039 931
6939 11955 1295
19589 3966 737
14653 7834 268
6552 10963 1295
11339 6898 421
11495 18575 1101
8606 9823 1072
8053 16303 931
6918 17678 762
11728 17412 1138
14301 4040 563
3549 18280 395
7085 4144 1138
7119 18809 268
9196 6752 496
9698 15562 421
18893 13125 623
2778 5737 986
12033 9001 962
13464 17358 1072
9415 858 503
14902 16831 623
12725 12386 839
5634 14742 931
15477 16476 1183
11760 16380 931
174 8827 590
1769 12845 648
12617 18908 931
798 13798 1273
8472 12286 931
18543 17751 421
1746 1036 1295
16300 8321 737
12136 11925 931
3000 7088 421
18037 12557 1138
15068 2679 623
4361 15150 938
18450 5301 709
10637 537 858
18687 8407 340
4549 9656 651
6022 6052 563
6552 9627 268
603 5322 1182
19243 4404 905
16675 5021 1072
5002 8654 421
19628 11709 1186
7365 16380 931
3331 1519 1183
7491 866 1138
3203 13 590
1084 1449 1295
654 16849 340
17683 4569 1295
12006 10300 395
168 3102 737
11417 11125 762
19233 11562 421
3396 2116 938
6 5144 421
3141 998 395
1943 1844 340
18843 18423 87
19238 65 563
17286 16590 268
6330 8506 340
14365 9876 1295
10384 17678 762
14363 10418 421
11446 5731 762
297 8422 905
7361 16773 1230
13215 2445 1098
8645 13456 758
10834 17587 737
11917 5137 931
10766 5761 421
7432 9034 905
10634 12226 432
6547 5741 395
18312 9361 1072
1682 14930 1295
13569 5486 905
16561 12511 1122
11054 5685 905
3820 16489 464
4822 18845 563
13434 9770 563
13435 3699 1138
5002 2889 421
4494 6914 1230
649 9743 758
11959 15222 300
7858 19642 1135
19035 19236 931
1448 15203 1273
14921 11144 931
9391 4262 762
5137 19344 1105
5685 10418 421
3355 19591 452
13901 16735 931
17568 13426 1183
2204 4995 524
1349 18753 856
