13447	6750
15859	1944
15168	8346
6373	18381
6164	13669
3136	8997
13815	9274
1566	700
17614	7437
6219	12006
13923	5725
13545	19294
14782	9134
5858	3961
6387	3915
8226	18389
1404	14097
2679	11181
3169	18517
6812	1070
17693	7575
10759	1859
8270	7364
11272	18318
18954	9636
3969	16339
16206	6182
11189	4918
9739	7474
18361	10836
10653	4384
5256	15071
11584	6168
1806	18810
5197	12871
16901	1650
17067	11218
5824	12869
769	9238
14470	5520
6760	4131
14630	9846
1344	15314
13288	5205
8955	1817
13219	113
2973	9195
3340	3149
994	8657
3000	2787
7160	167
3558	13962
8758	1767
6278	13702
9710	7561
4115	12343
11929	12211
14141	3797
5768	15397
12284	12672
17098	17152
17048	17574
10187	16263
11851	6677
695	16784
12575	4783
13980	4606
11194	10146
15995	2846
15198	9587
17288	8872
8002	6536
9355	6124
1199	6300
12326	17001
4270	13110
5805	16345
7058	11897
16755	1645
16949	6691
10579	155
14350	6335
18411	4434
8072	17794
8959	1135
865	15997
7007	2617
16891	2747
3450	7981
2065	16756
12917	18829
7763	5565
728	14101
17271	1841
3278	8960
4141	11866
17464	6456
1371	989
7502	18201
12663	8519
14329	7033
9154	11503
9230	634
18523	11001
4121	596
16827	18267
19222	12878
2423	12234
14369	19242
9349	710
14792	7175
12758	1172
8680	7570
18122	5415
11239	12247
14609	9217
16028	17471
19242	682
4220	18682
9384	15400
16462	7107
13476	9545
19255	3087
18619	13561
18034	10917
2323	18359
11823	17258
4401	12639
14330	9712
3106	1361
10825	14273
5251	9536
16397	4622
13329	6273
12498	1237
8916	12434
1166	12523
10254	3013
13351	51
14830	10365
12742	10969
6483	1952
18351	15588
10857	17318
10095	15552
13029	3451
8368	2657
11460	7571
7719	14649
14142	6156
14677	18413
18702	7081
8910	4487
17689	18444
17961	7820
14838	5823
4943	1535
1474	4463
11139	10256
6350	12581
3601	8573
17318	19122
10426	18002
14302	4259
18588	15987
1211	618
494	11116
10424	6571
12512	7675
3295	6992
5976	15023
2569	10692
16741	6737
2607	12059
11375	2778
18268	17025
499	6235
9257	9618
13443	9406
15522	8263
2838	5469
17515	12818
2634	13958
15957	5305
3930	8129
9136	18129
15888	1643
16471	1167
3495	1414
3489	18658
6617	5308
70	674
6461	9932
17254	7516
8620	5590
8994	7257
9207	4447
2496	14758
17903	2482
58	11904
1804	16509
10024	16281
16043	14336
13132	1996
11582	4776
10061	13391
13373	17804
14441	10874
14550	12384
2212	18585
16757	16868
16877	15639
3338	5933
16423	19032
11183	16259
18849	16015
12300	19250
6253	17629
777	9451
19085	2250
17819	7915
18371	7605
1597	18737
17197	18156
10227	796
4354	11403
118	2357
7976	6784
14971	14180
15896	17376
11420	5206
1484	971
6945	10284
9138	15795
19347	13402
17742	12420
9014	2327
13540	744
15847	6057
15558	3447
11268	5032
4415	4366
5979	6046
9722	16880
10412	7130
10801	10976
4555	4949
2147	1162
5517	18974
1929	15502
15853	13995
18503	13694
11354	5327
14134	8488
689	16403
12071	15012
1411	2447
2573	14556
927	12652
7851	16167
1898	11971
9243	3536
4297	6762
2975	2712
18606	14510
16604	17987
9688	11011
14611	7340
5069	10588
10632	600
6343	15779
3096	19239
8775	16782
6717	13429
6341	5917
1057	7334
13589	12749
1332	15443
12366	1203
570	18843
9984	3249
263	7564
9529	15148
6823	10428
6929	11970
18918	3459
13704	15700
3600	11743
8742	14917
10463	1734
5766	14843
5736	15618
2971	9779
18149	1494
1640	15358
4541	1639
964	4903
6087	2632
3405	10178
4212	10286
15717	16235
1761	3116
12452	7102
18247	4477
18776	1034
929	169
12907	11961
15371	15374
12591	17921
15622	5614
4246	2614
6081	7736
1927	116
12105	18258
11689	9457
15716	5104
6596	525
9527	12939
13071	786
16526	10968
342	458
2371	3406
7712	966
2705	4837
7137	1009
3804	16081
10619	3750
10276	108
7797	1164
3628	6813
4775	18891
14624	11870
18067	14650
3050	499
15929	1268
3943	15654
7545	4202
15146	9482
15848	9666
15661	7745
14679	7240
3579	12166
7956	7205
15216	11394
12150	15099
682	16769
10947	18322
855	8053
8169	7559
772	14023
10127	18846
9239	15882
11895	1552
14462	4437
8843	8866
16322	13288
10393	3873
2558	16969
2889	8465
1390	1566
18622	16876
10540	3975
4553	3589
7798	18218
13038	8709
3496	6615
3786	12073
19330	14616
7037	9036
7611	11210
11045	13286
479	1585
19196	4987
8100	9059
15096	3017
12637	17580
1497	6595
18478	13394
11574	18025
11116	11112
2129	4305
4071	6404
15539	13522
387	9336
17350	15528
12769	270
16183	19414
2732	18646
18178	1863
15120	16001
18963	4045
19164	13724
6475	6452
2009	7964
5032	13021
18365	10316
3451	10478
8773	3906
10885	3701
11229	3769
8108	11486
10152	95
5334	3856
17035	2815
11200	7593
19365	3475
15109	468
2937	15236
6170	7060
482	2873
8582	722
15691	11119
11296	10317
17937	18348
6599	14727
12578	10123
10155	5155
3631	12035
15479	98
3228	6919
2740	4245
7423	3367
12014	14710
2857	19419
7398	17393
18000	8157
14800	444
4022	16541
11529	9121
13163	14045
9755	17624
17195	3201
18717	9343
15585	12362
10772	16812
2530	8508
9543	13921
5194	9937
17701	14064
5905	1621
5230	8659
3707	5667
4964	13691
15173	16563
15346	19196
18748	1105
1449	18349
5951	2861
1641	1783
19020	5919
15869	13122
10738	7271
9816	11219
6019	18853
9839	13579
15773	1680
5849	5380
14647	1492
5017	18172
10524	4317
12370	15788
11940	6480
11142	2589
18513	6909
15309	10854
12837	8435
5779	17141
18817	14447
12635	13710
11008	16171
483	18407
18910	15837
17962	278
5198	9427
4000	18228
10809	8145
9707	112
3859	3237
967	7493
1672	7654
6260	16005
14146	4056
7760	8180
17366	6774
1365	18765
12644	13787
11091	9408
15543	18412
3948	14068
16515	15294
6216	18285
4761	14718
9610	2500
9920	16425
15609	4288
17681	5955
18505	16946
9981	2253
4642	15906
9588	11637
16929	14621
10582	11441
11756	12840
11439	5283
17433	18017
1066	18769
2602	11532
18261	8395
12834	735
17185	6941
10477	16169
3063	14591
3719	18764
18907	15435
18042	17711
5284	12858
6576	12119
1680	13316
16817	1533
14517	10758
124	12399
6372	17078
13028	2786
1257	11327
2111	2520
377	16531
18313	12551
10110	10137
18687	4860
3603	4383
6068	10600
13831	2872
14715	4801
3124	1340
17370	5134
15232	19327
16328	8781
12083	8407
10148	5813
7746	10059
14918	4194
7703	1686
6135	189
9034	4690
17759	7636
7226	13212
318	4396
16072	14918
18517	5182
7755	10351
3815	17929
3412	17796
3396	13319
15635	10196
19317	6963
12306	3436
14844	15138
3080	14410
1187	11160
10271	711
819	13364
14216	14791
1281	12548
4686	15673
15285	18358
11579	14768
3304	1743
13639	8376
18200	15787
18383	2695
13097	16825
18425	5603
4439	16073
17021	12253
1908	5731
8611	15200
15486	8278
18634	1774
12774	9625
1164	14421
8911	10556
18548	6447
8453	13679
8272	10965
17876	12980
6510	8422
1821	13659
3884	3497
18610	919
9811	13419
13752	6802
14588	11044
14894	16999
18760	13239
8625	9882
4992	14328
2027	3027
8405	156
1833	18574
5361	13287
14047	10458
16359	6286
10704	1983
10787	14195
4228	16672
403	9368
5025	8668
16875	11729
8024	8797
10402	1189
14808	4520
8123	3192
11162	11963
10709	8647
16775	15900
16814	14100
1789	3264
4316	372
15450	11276
7232	12571
8088	13451
6626	13820
9898	2904
12137	13393
12622	9282
7129	1158
7625	6645
14195	10566
14829	12923
4840	7235
2184	16705
16160	19112
17827	7881
17709	1832
5123	9302
14974	9527
4102	9166
15851	14488
16843	6157
10990	321
16260	12107
2199	6905
11961	337
3214	13310
4025	9034
7675	3925
14780	11690
16947	14480
17672	11677
6805	5179
9764	17297
17860	136
8627	9640
5055	4334
5121	16095
11687	3073
17766	18531
9758	4886
7082	6132
18529	17716
16267	4213
12297	3663
19357	1256
1595	3510
6094	17324
2850	8233
2605	17561
15854	6180
7313	8257
5833	17932
11803	387
4690	1872
11093	2198
4717	4036
714	6044
8185	15395
9474	12276
3829	7514
9356	8342
7009	4688
3690	14206
6473	12936
8	19158
16727	8932
3279	6773
7238	14903
8128	9575
16763	13863
733	17642
15536	8750
15933	9908
5949	16335
6227	16564
13068	7427
7896	17478
19387	19343
8835	7387
12225	6039
14180	15045
15318	1823
9869	4972
9599	6643
13292	1283
6731	4227
4049	11089
1419	8084
2035	1455
16241	8993
784	5554
657	6688
14241	668
5405	18203
4558	1688
9286	18496
11819	6065
10639	8307
11673	19211
11056	9474
8659	19177
2357	12041
6478	5710
11623	7746
15761	16079
10750	14848
1517	10035
11497	12654
3810	17003
12789	3219
205	15270
2458	292
373	15318
8431	11187
93	2479
2429	8853
2274	6047
4733	12991
6232	4022
13651	2771
2448	2499
3640	3257
16249	7769
6247	3267
9563	19041
1423	10273
4884	12082
8781	11220
18390	10715
12779	8827
3949	12630
4556	5963
18297	2633
8003	17074
5533	12693
5180	1474
17798	393
2279	17558
3385	7434
9986	16644
14767	16786
17561	15883
13445	4370
6332	5227
15722	17295
6917	17024
16353	5998
7236	9566
530	17779
4199	4676
10153	7007
5024	624
13802	6903
18272	3739
10468	12947
17009	236
17104	5512
5689	14881
16681	7285
4010	17565
16291	5889
15973	2105
17135	756
11464	8612
11622	1835
8038	1762
7187	18161
9880	17105
18108	3346
8837	14635
10578	14778
6736	10639
720	18823
13972	13985
2066	9683
6098	546
17754	17918
16995	2395
5538	8738
11960	14453
16112	8029
4430	16633
17529	19392
5927	16221
17900	14571
4655	8185
3591	13544
13157	4329
18320	10492
1704	8251
6964	12366
10123	8078
15391	5396
2643	12256
18624	7186
838	7128
15085	18205
19047	3922
6383	13087
1946	15077
12924	17194
19125	2002
4508	15296
3449	15112
17837	13811
17279	5266
2924	5322
11693	4790
15632	6462
7677	17977
1136	15538
18289	10085
6006	12394
12446	6412
15326	7062
11636	543
686	6684
6226	11552
15637	3150
15992	13817
18269	19526
10796	240
1282	11689
8760	4221
5570	4294
7196	1962
10545	8218
4181	9601
10723	963
8044	10179
12919	776
8112	14057
17481	9465
13765	16689
13846	11098
4175	18550
2814	428
3335	563
7748	12781
9135	14392
16496	412
17013	7668
17103	2036
16848	5116
3002	1960
9482	4382
13976	5653
18406	9767
13396	13734
6221	5157
4423	18553
8377	848
9733	12716
16568	12823
3821	12183
8182	11143
11199	18569
19090	15322
6632	11295
8451	9926
18515	14477
7988	18666
14240	19100
1303	9633
5601	18263
874	3834
13139	10053
8450	5817
466	16617
9009	12984
12633	13220
1461	4962
16574	12591
17023	6646
19281	4828
9300	16478
3525	11460
9901	13010
11032	16473
8982	19205
15674	14539
5463	13053
16341	8291
9809	7911
13611	6601
18037	12559
8434	5776
15690	10426
3584	10437
6064	4446
6444	9831
11287	16301
17641	17201
8408	17049
1258	799
3696	6701
2665	4938
3918	2285
14252	16207
11881	939
3190	3214
10666	9079
12624	16264
12630	4410
7125	3710
11226	9055
13829	3409
8700	19251
913	14018
17129	15814
4818	13751
9303	15669
2110	7431
14103	1888
8735	1198
4040	11662
4061	17330
11010	9365
7616	4189
692	5913
18192	3502
16197	10142
1964	8472
11856	6045
190	18537
4380	18504
7283	3289
16855	5456
4363	11934
17562	11296
4490	9405
6930	7439
5498	6202
17942	13216
726	17433
15389	7219
9066	221
6415	8434
8411	7480
6631	14222
14235	12675
7829	16467
14538	10728
3555	1390
14723	11764
19183	11251
6846	18865
6978	12685
14376	12680
15618	2134
17454	17846
15140	2731
12133	5083
18078	12906
14293	4891
14574	170
10392	175
8441	15952
5375	2220
8023	15471
15889	8175
3419	2392
10084	6494
6898	4444
2155	15928
19063	6738
9921	18533
8807	263
19079	8153
6326	14565
6809	16839
15402	13236
17329	10045
10138	13814
18026	5099
8985	16368
3543	9854
18152	14777
1681	7125
835	13022
15409	9753
2893	2608
11890	11809
6937	17453
786	3677
13728	5442
14914	8782
11858	15824
13747	15647
3654	17717
16031	9249
7867	2777
3646	15030
18804	3359
3448	9076
16417	3199
14364	11317
10469	4552
12677	2922
962	3470
18322	1343
12442	8570
14951	5495
4915	12350
15320	10372
10817	5123
12031	9504
469	16463
14437	14749
18339	1224
18704	13200
11644	11292
12541	12185
3129	14992
16000	17893
4172	13070
11117	11553
15885	13093
13952	15947
11567	12568
14519	476
12645	1862
3514	16132
17901	12296
5466	9093
10961	1461
9329	15396
10312	14585
15588	5956
9041	1001
18290	2907
8957	18038
18786	18739
6525	11226
14057	13467
5743	4719
11934	359
702	11195
8574	6450
19256	3985
11134	14323
12499	3042
12082	5390
14933	984
15430	19045
3587	13627
12599	12457
1591	733
12878	17954
4442	13056
11043	19244
1808	14836
18388	8009
10580	10631
17779	900
753	48
11597	4678
11944	12667
16738	257
3149	18529
12006	3527
340	18738
5381	6988
6012	17927
3885	11999
16340	14604
11368	6502
7330	11908
12790	3326
13185	10346
490	8864
9472	2352
105	2155
8076	1588
11507	9506
10517	11102
12545	6288
13532	9962
16951	8485
14931	801
12968	2487
16207	13328
3634	13519
10702	15661
13395	101
14258	8250
8282	10457
7222	5160
3769	9411
14061	16622
11021	11861
15417	12828
17859	408
5881	12120
344	14374
8576	15605
16061	15675
11794	7970
3320	7317
18750	14117
15563	4116
5130	13762
959	13920
16588	2844
13347	5838
1242	15212
5867	9706
3122	2378
4285	8087
7963	9104
15437	4197
11896	14540
8597	16944
15557	4070
12508	14957
14621	3959
14208	4709
7336	3687
2727	5649
15178	18821
1124	5510
12046	157
8589	12212
17828	15911
13492	3376
9683	9056
3012	1478
15432	14625
7321	3352
2559	9396
16494	15484
12129	16010
1094	3684
4030	11816
15359	10690
891	12736
11927	3196
5972	8470
14132	14132
3755	18544
3081	6455
13315	17083
2947	16260
2479	2189
12389	12242
3261	2376
19306	18275
9153	13528
4051	9613
11062	14452
17663	10668
9326	2629
16897	6473
10798	5583
2243	7117
9680	15888
15452	8808
1570	13837
1267	238
18214	16036
18992	9277
223	15066
9777	14689
8496	12390
5423	7031
8348	16082
2620	8948
4525	18438
11917	8340
8289	17838
16887	5966
19337	3421
15141	6237
18405	417
3048	14545
16941	10613
7969	12916
145	10961
16503	2867
16675	2752
18362	6718
18556	10061
7239	9555
18118	8021
846	8628
869	7685
1108	9862
15732	3713
15	17683
7933	12514
4752	2171
2765	19223
17511	8731
17821	14886
16042	18918
3462	3151
13884	11639
11520	12967
7800	17222
7641	10719
14996	3023
10821	9196
8644	10725
7148	2689
796	3801
14	9529
12649	18957
18782	11137
12169	13893
5788	8605
15586	1333
6355	7421
16603	1593
15981	14525
14633	18898
16762	13953
1700	12619
12845	12613
8630	7690
6906	2626
598	18054
8227	5832
2446	15853
3664	427
2795	1912
19147	18826
9709	15272
15603	10702
3538	5573
3498	16759
16635	10141
14022	2404
13777	870
9059	11021
8929	8986
8001	1902
16517	17792
3352	5806
12039	19335
11969	14996
13200	18462
14430	12842
11436	16554
15428	18449
359	9770
6075	7517
10549	550
4778	12454
18611	7335
18410	13844
12874	5465
18833	12596
6762	5627
10351	343
19133	13783
3065	9176
4238	4925
6072	18214
19362	15632
13035	322
5845	10521
9461	1528
12090	2988
4284	6856
16355	5301
17452	1011
13822	11708
1737	8232
13837	15195
16616	1825
11596	132
8237	1857
11007	9371
7877	19477
6106	6560
8811	10857
17628	13494
14360	11189
15175	3118
10115	17278
10329	16830
17833	12561
3437	14736
9298	16206
12069	7304
8885	6947
11306	18103
12143	7938
1829	326
16573	9550
7270	15970
197	18253
119	11202
569	11818
2736	19407
13689	4830
13998	11452
15861	18335
624	9257
15270	4159
15340	6318
6979	16331
4162	18832
19175	176
525	11499
8375	18212
12157	13813
3658	12148
4116	17732
7455	4956
3370	16661
3247	2604
2456	9981
18955	18572
17414	6820
4273	8162
7307	8390
3248	1260
6641	16808
9810	19485
8738	10922
2317	16505
10159	14384
17509	14321
13936	10597
3722	13102
8472	17660
1630	16805
15116	7667
546	5541
15274	5862
4398	6000
4466	14145
1175	18595
1028	17853
12033	19385
14893	3132
18223	2256
15866	11735
18052	8088
7315	16834
3441	5184
10878	8025
17560	16454
7948	2663
3507	15863
3502	967
9408	17495
1942	1561
16625	4877
7133	3672
10421	7597
1132	14307
1424	16388
5061	389
19338	18495
13874	2912
10970	4418
14465	15331
17739	15790
11598	9214
17623	9664
4451	12743
14943	18828
9951	11650
12471	15203
78	19471
7176	5323
12883	2113
943	4278
2982	1865
14877	4585
19016	19219
17343	2999
5279	6400
12895	2792
11845	11169
5503	15545
3891	8757
6159	3545
18146	2502
3508	6191
16258	3746
16268	14942
17002	5089
7695	4230
10938	14215
4471	11719
15766	9273
18165	763
17932	3509
2350	690
18213	19472
4339	4206
517	17785
862	18745
11098	10823
11337	938
5898	7273
5711	19456
6214	13454
1105	9549
1287	17260
17495	12328
10963	17827
12740	13346
2817	12322
11909	2537
5914	12063
3671	1486
19199	13812
2493	16600
3346	2962
3404	14448
6301	19149
9665	8828
2537	16018
14129	19123
12725	19468
7904	5470
14294	10410
12393	5854
13442	4258
14194	8415
3906	726
13926	19380
18537	9900
17052	4369
6822	14082
18384	12285
4411	1232
17447	4124
17774	8186
11274	2059
17290	17824
13522	10042
10940	4697
10563	46
9907	12770
15782	10228
14656	19116
14785	13435
3479	10710
5323	100
18243	11886
18070	10614
10258	16140
12585	4784
7370	11768
16581	15599
1983	10701
4908	12316
9345	5215
8469	1111
1021	15043
16250	12314
7672	11877
18785	8770
12237	18362
8860	9199
2418	5069
12386	16299
14122	5257
6347	17503
11217	8584
14636	12485
15720	5058
2626	19140
18038	17059
7052	17079
5008	4467
9742	14624
2843	2027
7003	5378
7624	11833
654	16980
13469	16939
9065	14230
16412	6360
10441	8011
13627	7738
2499	8007
9614	9350
17068	3324
11218	8744
7913	3541
18824	19312
2694	17926
12351	5189
15620	1564
2275	19241
8809	3383
11221	19390
3674	14332
555	2
16844	8553
16270	19549
224	3762
12982	11372
3989	1916
13886	16254
17182	1531
6699	3463
15009	9980
6124	6104
8309	7909
9431	301
11746	11315
788	1529
17201	3808
7936	4495
16125	8888
9823	17137
11395	9123
9159	16200
14272	19555
888	3874
3283	9049
12492	1118
4959	7717
16486	14719
3252	9432
11030	14889
13617	7697
9591	16893
17725	3207
10362	4068
1459	2266
10764	5739
4603	13335
13440	9218
17443	14098
8074	8446
18684	3507
4028	13604
6378	16441
9060	9667
4773	2240
15367	18698
13477	14796
8058	5988
4435	16492
16961	18107
17625	7030
6209	16163
11708	17142
12929	2952
16021	19011
10002	16514
10347	15811
5341	14729
13151	588
18015	9538
15763	8821
15786	13671
756	9241
18022	12312
13209	13255
12148	12721
1601	14667
4678	19048
16793	6632
12916	10218
957	7100
14991	14645
4631	13061
9354	18564
7161	1263
16283	5527
2213	4468
16749	9435
5096	3120
2227	9890
15719	17470
10158	18095
13500	14179
13213	14954
17074	16888
16126	10749
18360	6323
15594	4504
5578	2412
4257	19353
7280	2259
15534	2646
17326	16417
15358	18254
18829	5597
1240	14041
9558	10491
8853	14866
6645	19279
13585	17652
9857	17668
16210	991
694	5562
12331	7795
8839	5324
3683	18294
9836	5924
5651	10448
1038	5333
9991	17593
10914	10862
2478	16706
13070	17111
8217	3884
8127	18150
56	7353
1839	14846
9045	10459
11990	16287
17640	12924
5352	873
12352	5546
3439	11479
11496	15085
13796	14055
12202	11606
378	7700
7869	15586
13437	2630
8116	7777
7682	11762
14328	16046
15090	15456
5681	2277
11197	17548
5882	3877
4526	3753
14871	10092
11764	6399
8821	5291
9969	12988
7901	15323
6202	7883
17314	1352
14549	96
13481	3233
9434	19178
5139	10606
16374	13685
11088	626
3475	5879
7237	7929
11723	12147
18445	348
8149	11623
4492	3449
16933	2456
18179	18570
15820	569
2146	11287
3317	6403
5932	15996
13767	7583
10313	17282
6513	12670
14533	18485
7986	16726
1354	3105
10094	18439
11265	11565
7651	12993
18162	11703
11785	9948
6524	12506
16192	18833
8782	7083
10645	17568
915	2690
6998	17316
9226	8425
5815	4303
2271	11356
19007	8735
270	17509
18840	12143
9956	7601
2533	1855
12154	14065
4963	2939
8819	11874
6575	17979
13901	4633
19302	7968
13444	18709
4147	830
17275	18255
4958	15560
6897	19330
445	4399
16898	11490
100	6313
6902	15290
10233	15475
14449	16297
15129	11742
16818	10573
18164	8464
7557	9369
284	9697
5769	17375
16812	10456
17787	5216
15718	5516
17719	4803
1456	1943
13368	13350
15953	17997
2029	3932
13488	19078
6495	390
8968	10869
7112	910
1238	11985
4007	6597
15822	19491
6620	11754
2280	16653
2416	17296
1229	14140
9854	5975
6951	4113
3175	14623
328	19497
6720	2637
3710	18311
14821	11751
16826	6027
14322	5741
2114	2213
9518	2788
1009	13183
7588	6069
16180	19288
10071	6622
13971	13280
12269	5901
8498	12521
615	13651
17813	18451
7818	1814
5077	858
11369	2310
1781	2375
4041	4581
8263	4643
16651	3624
9012	15276
50	9602
11652	7714
17337	6890
18016	2802
16802	13337
11394	14309
15215	3296
5938	6572
1843	18306
10470	18388
16467	11431
2460	12404
12544	17829
16115	7838
16254	2227
6642	3181
16813	15735
1033	14261
5693	17496
8624	9659
14998	2949
18806	12025
8696	11465
6768	1819
5258	15740
972	13782
7950	8430
8114	15174
16841	14471
3435	16159
238	1610
11546	4816
10166	7173
13146	11071
18859	5661
3017	15295
9166	1958
16007	10759
3074	14103
17406	5185
11545	6829
4383	18170
11448	2997
8905	7709
16008	14963
7815	1288
9865	18686
12417	1988
2746	17670
12606	13241
16792	1113
2669	8518
5105	7986
6558	1505
2382	4170
16623	11539
1020	13164
5359	10783
13148	14641
6723	16294
7138	17052
3796	13232
19314	1377
1295	18621
2744	8506
2130	7779
9657	9139
19236	6215
9704	1388
14190	13489
4124	17253
2034	14696
782	13123
13857	8905
368	16447
13482	18272
23	4780
13653	2892
18232	12785
8215	6037
13934	17458
13165	10761
14552	10220
15076	7688
11873	8383
14233	9458
4515	8623
17192	18583
4047	18549
18458	14388
5954	15344
3305	1257
13708	7251
3139	4440
8064	99
18565	7612
18975	10840
15460	9114
9391	11164
17601	4081
5593	5976
13509	12821
3297	8418
3382	11817
2269	3973
17931	2716
12168	17969
1270	13385
9643	4285
3699	13854
3760	3273
15569	1689
17010	16913
4074	8343
16154	12603
7535	17217
4227	8498
11688	2152
16646	18873
12107	11304
10385	15211
12316	18133
12753	11245
6724	15273
18550	4203
3861	7282
9798	11965
3588	74
18875	2182
18348	6086
10358	15073
19089	4223
3375	5024
12806	9011
17543	11895
10378	7535
9507	6036
5687	4248
15499	15643
13657	3796
6229	3437
1744	6524
9096	13847
3735	4082
7879	17909
5915	3024
2647	4586
3878	1373
12454	16929
10219	6521
2073	6041
17167	12268
19068	2440
15470	7669
10813	9766
15445	16532
9321	5275
6418	18983
15108	5937
7645	1013
16821	6847
7034	11887
8757	5687
6056	13954
15920	5926
14488	8355
2142	13192
8418	13834
8161	11046
3001	2509
187	9949
5540	3602
1129	5001
15126	1258
11011	15123
15836	14694
3673	16592
4519	19569
14281	16841
16364	4052
1718	12674
6454	494
17717	19317
7571	12020
115	16935
1064	14987
14168	2108
5952	9912
11948	17223
350	9814
5605	13105
7846	12803
5724	13303
18305	1652
4945	6265
17427	14403
40	4892
3761	18996
18645	14327
18129	19132
5763	18680
18569	17037
902	10486
14276	15921
2977	16125
16466	8075
4625	12326
17178	14844
5785	216
16718	1369
11572	2559
19044	7067
17524	23
7484	12992
15780	14466
4011	19275
6927	364
3846	355
12256	6439
10603	6451
17382	4222
11390	11630
9231	10326
12870	3870
6920	9027
1527	10681
1812	15805
4024	9557
4428	4042
2575	15862
8834	4336
5956	4687
7752	6241
15964	13134
17604	77
11610	13633
704	11994
13772	10635
46	8222
17627	14243
14545	4665
132	3664
12098	8092
16751	4854
11772	17361
7897	3820
222	11846
13967	4905
2240	11301
1205	9845
17890	14083
18762	9958
415	936
3637	14504
16030	3168
2892	17946
4026	15317
3337	14400
1458	9180
13338	11472
8304	7471
9106	16686
9757	19035
14397	16774
13385	14339
14500	16811
15214	10743
11245	5802
12977	9352
11364	5473
8787	1717
18364	5043
14642	3048
8966	60
4550	13042
1316	19411
10975	14845
17338	3492
12388	9615
16565	10941
4629	13318
15813	14945
16531	10548
10993	8051
2521	8481
1997	9518
18778	16668
11100	12765
7620	8777
17669	2078
6499	11332
18120	11167
3695	12382
2848	344
5364	2268
12509	19464
10272	4387
6725	16426
16391	12966
7461	7691
14494	15614
13005	1437
6139	3706
260	15473
12254	18937
17214	12779
5367	3341
6588	13457
11188	14108
5610	9367
12597	6415
10446	16857
10349	14732
7894	7158
971	1029
13145	1804
15510	13274
2666	8931
6939	5508
9299	12723
11933	6238
10410	9117
1575	17161
409	19095
11270	17252
2713	14678
18535	16847
12850	6927
7844	3443
7592	13545
2329	1901
17501	16161
13510	14715
12258	18257
17516	2011
1757	12028
13279	227
5300	4243
13927	4502
10500	3723
7975	7930
158	13731
8791	12172
12971	13974
12991	11480
12066	15418
15201	8072
12171	8237
4232	14472
7793	7584
12598	10785
13113	2918
8396	2150
19265	11636
18211	10559
5554	14784
15303	14695
2684	16007
935	890
3916	2550
2064	18547
2013	16406
15264	7263
11187	14411
13436	12443
12196	16745
12507	13470
956	201
1709	426
1058	11960
236	14999
17913	14286
8928	6627
1201	3333
17539	2835
13737	12074
11344	17236
6511	12766
15841	2184
14553	16618
5026	4516
12245	5692
5745	19466
11236	17099
12833	3158
2454	10309
5612	4648
11527	13441
15491	3883
18674	17628
5846	6294
5551	7522
16804	8548
10458	16907
7828	15992
19261	4148
17420	19170
5050	10303
2331	1314
18657	13790
18176	12532
18603	1460
15207	17325
413	11940
2112	6373
8590	15238
9597	11291
7921	16004
11798	14581
4989	13360
5920	8950
13345	9680
8766	567
8325	18210
17556	17801
16498	5035
11381	18790
19141	9300
6258	1124
8243	10241
10211	13422
3319	1602
1482	2666
6299	16313
9463	12309
6055	16129
2137	294
3926	19490
2483	12595
4612	10943
2332	6836
11692	9940
19209	19222
4004	1966
73	9345
9483	12288
13274	16734
1367	18617
14694	9485
564	17274
9240	6449
2715	17488
13502	705
3235	9835
15026	440
7076	6674
5196	13411
1913	15793
6452	4321
8803	7607
12967	16266
7453	17397
8173	17915
16481	15157
1209	9063
8833	7739
12004	10041
6947	4983
3692	1907
11137	13658
6972	5224
583	18653
15857	6633
8640	12182
7452	11216
1357	11922
2866	2790
15251	9088
13965	18372
2486	1797
15132	146
2321	10630
7561	18220
11204	10784
11198	10252
18539	1675
9292	4739
18245	4683
2055	10016
17917	2620
16645	7521
11324	678
16334	10660
5941	7201
12249	18130
7254	16703
13172	16236
6397	11126
10379	7497
6876	5538
2399	19322
11042	57
5695	15507
17289	17404
10132	9869
5449	7189
2354	2588
6236	1850
1689	2707
8654	1798
5854	14016
16700	8786
11470	13075
5556	10311
4530	17585
11455	89
5690	19003
6956	6352
3572	1132
14645	8258
6747	19308
6041	8201
18418	17019
2678	1188
12253	8349
1213	3357
12051	18078
12021	16361
15733	4013
14973	16346
2545	15321
5654	15096
9457	14505
8763	14254
3903	3498
15098	10021
8327	5242
2105	1471
15721	4130
6178	18360
3680	2927
4850	17910
6427	13456
11808	3599
8533	10730
9122	4664
16542	14764
8936	2452
1077	11683
18109	11343
13150	15057
10543	18540
6562	7687
7952	16613
17211	17219
11022	10886
10641	11353
12604	18488
10519	9991
5212	4812
6560	8865
4370	2951
12715	4191
15578	17933
1856	1875
832	9051
10375	15414
14791	7649
19321	10249
10019	14009
16495	16157
18380	11474
17082	8236
10172	17705
3253	7799
17606	18881
3282	2103
17115	16865
11575	4849
3152	10517
6182	15220
2077	17676
8373	6721
10291	6136
4746	7502
18538	5424
5464	13443
17128	13580
13034	11949
17259	9872
1662	7150
16479	11702
6456	16104
15511	19369
17536	11447
18675	6410
16789	946
14560	9203
10046	5493
13191	16387
19176	3777
15845	18933
110	9138
1225	784
15383	11091
14972	4501
1849	1536
7024	8886
12902	11945
12517	16160
16816	8670
9802	16333
12023	3654
6363	265
7698	1948
15934	16188
18682	15865
14515	11757
16380	16783
11092	2971
18867	15434
9116	12332
4931	12273
3222	16594
9555	3163
9424	7052
14339	6962
15190	4448
15038	102
19127	385
16224	15608
17675	1376
8871	10617
8535	5778
15765	1166
4846	13725
9609	9312
7158	2574
17840	2906
17842	14278
14014	18328
7517	5732
2152	8719
8795	8990
15447	2088
18358	2720
18253	17382
7332	14638
10034	6401
18703	5616
2644	10841
3016	11085
1656	386
17390	3266
216	2886
12749	14728
1956	6715
6274	12290
18352	7543
10997	17836
5871	14237
7004	17681
3734	18051
5550	6257
13072	4731
1402	3283
11440	945
15028	1622
18639	16733
12495	12676
3830	8476
1137	16041
17038	12416
3165	11413
276	18185
5395	5410
15560	19430
4579	14027
13877	16452
477	18976
16314	28
8299	5699
16917	12540
17091	10937
10317	7768
5679	13872
2307	13000
15351	14615
2718	17133
3311	1587
11535	2366
2606	13247
6453	2092
6773	12960
10180	17936
17796	2114
444	7807
3102	14967
6353	14721
19275	1898
1748	4524
5904	14829
15708	19409
11248	16843
2411	5090
2395	14470
6968	12815
9403	10771
11172	16131
9525	19504
18012	13753
12813	6425
15768	10855
15187	4377
10188	7109
15704	17845
9815	2215
5232	11183
10861	13357
16305	6019
17770	10799
14442	4814
14274	10081
14936	862
10786	14627
16401	13485
1919	3660
4995	18216
3650	11903
3246	8702
1971	1062
2380	17207
4957	747
11260	11402
10777	6192
2905	3052
6829	13925
16514	3338
7368	4870
18695	8363
5292	13947
16034	10667
1547	15541
13905	6081
2095	10169
3607	10080
5028	18980
10687	151
5960	13757
916	3231
14499	7479
808	4582
14069	1669
17416	13229
12484	4802
15433	7254
2511	10843
8636	15868
9373	822
14668	17924
9379	814
17861	3936
17353	5408
16862	15829
4394	6548
12191	14213
6192	17786
9046	4764
16217	14569
5529	8353
776	2774
16080	9372
13899	10060
15877	18941
16447	18906
4651	16186
10511	9483
15378	9152
5668	10621
1415	19323
802	15537
9102	9517
4368	14875
2451	17799
9812	9401
18669	9971
5312	5166
9489	13418
14806	8776
11210	12706
8856	12989
19053	9579
7929	18767
660	8123
8647	16860
13679	6527
12626	3485
10316	138
5394	18302
14970	7120
13269	10102
14325	10099
6901	16274
19207	5868
5332	10455
17278	17890
3351	16121
2310	8639
127	17157
3032	16458
6277	4661
9712	10999
17710	14345
9705	14224
1510	3469
10988	10440
3655	15027
2738	4102
3624	6769
18396	4993
398	15285
6817	18498
18035	11858
16597	10247
9547	1238
1210	12071
14867	17752
14377	8688
17088	4512
3849	5097
14865	300
5631	9523
5910	8366
16255	12732
2510	18128
17146	18387
3071	16449
3303	6853
7849	12697
5177	2446
1468	790
14334	15627
14425	15792
3205	1441
2118	2158
2919	4556
9578	7111
15373	2998
7553	17567
5943	4735
14700	9370
7722	9950
13622	8455
18926	17455
19178	19157
13919	6145
13147	15463
7340	545
12932	9062
6548	18600
10727	17942
11600	4060
3511	5811
5816	12117
7814	17698
19385	11129
9428	6650
2032	4361
2187	7615
12426	1845
5940	3623
2829	1909
12093	17015
9302	12181
6053	7545
2376	4386
13053	15251
12946	12970
9124	5895
9900	11822
16837	5245
9808	19422
6603	10362
12690	18085
15785	17480
13800	6768
17225	5962
17221	6116
17367	13611
4720	3863
16801	7658
1560	2143
10967	6350
1104	3761
512	7345
7266	14628
2236	949
15638	6968
2636	12161
13355	7704
8555	4530
13973	7496
10684	3015
10282	16168
14154	4528
12088	19166
8000	3285
2637	8540
14731	13078
4196	8840
12027	17036
2925	1140
5827	17805
6425	1423
10198	9879
5371	8339
19094	3432
9947	13298
14507	19455
14260	9069
6549	10115
2043	16061
17228	7284
11358	1623
3440	9898
3433	2566
14580	13766
9055	15393
16683	16066
17130	8983
18331	11142
6679	14044
17063	5313
14758	4548
16152	1445
1606	4151
1499	17018
17612	13013
15436	10564
3938	14373
5978	19165
13646	2454
9324	10022
12956	12451
2008	12102
9713	8419
4104	17464
476	7987
15004	18781
19279	12219
8430	688
6759	621
3127	11595
15561	4393
3855	6339
724	2428
13533	2111
9560	1543
9736	6437
15821	5632
2304	6886
16489	17425
12995	3360
6036	13521
14599	5780
803	2372
16544	14312
4611	2476
2597	14276
1507	14830
14381	16127
8158	11473
18266	3846
10215	16707
14783	4046
18137	18192
12817	2994
1931	11074
10242	16736
4258	3676
17726	4315
16438	18990
5059	18748
6660	10065
13512	264
2469	3220
18106	3705
5699	3351
7940	10127
17987	6283
14080	4428
8511	7823
4122	9970
14102	3458
3758	1580
2792	17557
13746	3104
5078	3852
11992	2282
3309	6140
5680	10528
13650	5477
14243	4884
2950	4086
5409	15310
2956	6744
2030	18714
6193	17276
6107	3298
17277	5214
6052	8588
15644	3134
18432	12999
17141	4852
13724	11883
6811	1664
8716	5121
1778	11504
938	9255
15058	13760
19171	15047
2121	251
8008	10482
15555	5671
4892	3966
12195	3896
7817	10194
8207	14659
18294	7632
8718	14750
2997	2768
12944	5217
15679	16494
3950	14682
7442	9524
6095	4777
139	697
474	18144
8692	10318
16198	271
6311	8000
4797	13877
14283	3001
13638	17998
13178	3363
66	13573
6285	11962
4378	8963
4046	16547
8457	498
11386	661
17110	11238
9584	19365
10937	13555
9148	4600
5042	1407
16753	1142
17272	15680
7857	2582
17330	7648
9107	16530
14157	14313
9162	33
3427	1737
14228	1824
11462	5581
18477	13428
5056	2704
9997	8543
14170	9726
18208	19068
10179	6871
19045	5294
5174	985
4650	5176
16222	4741
3415	4862
8454	5045
10439	7600
5408	10689
5082	12355
10171	3524
3517	9029
10860	16869
2050	11262
8857	4432
1224	6921
1118	4500
11548	5022
12735	4158
18237	19428
13131	2284
15879	5017
6464	17362
1711	424
876	2910
2834	9162
17301	9111
12451	14223
7623	14991
14862	1480
16689	14028
9528	9252
1206	4650
16174	11989
2209	4262
4299	2565
7606	15912
6468	13237
4353	9101
9201	7743
15396	1465
3174	12329
18940	766
7983	6759
7407	2871
18613	6673
13951	18071
11054	5436
14269	11206
5347	15498
9413	18849
13949	9686
10893	6855
16246	558
15072	4865
12596	17363
12207	17757
6552	4760
12854	17264
6254	16102
17386	8925
9033	9061
11976	620
6027	1458
4372	18476
4286	18136
6702	606
14382	7040
7466	10155
6961	10553
11509	13387
4676	2039
568	5914
15271	5700
15612	19424
14952	1280
18770	13894
649	16265
7644	13653
18998	15244
17217	12297
6458	14497
1629	8292
4866	11022
9068	2597
10780	2034
13337	18353
9889	797
16272	4898
16796	14871
4698	4529
11718	13165
17297	836
7934	12428
6792	8105
14248	16222
9021	12689
11591	16902
16895	893
3831	12112
12104	3908
16766	6006
2299	13199
6794	2585
11504	681
14184	232
11087	12337
6569	8169
647	10010
2988	11436
17513	13379
16740	4977
14527	11524
858	16435
15159	10203
12323	83
1380	17976
2873	3636
2141	17662
7163	7170
5558	9266
848	5559
10882	11242
16027	93
14616	3986
8251	8121
6799	473
10895	6881
16987	14252
17782	11571
8359	10763
10910	2557
6031	1487
17829	13331
13384	14804
12460	3737
1521	9941
15570	9095
2687	6607
12752	9425
4782	5830
9277	4363
6356	17767
17331	4767
11079	13825
11739	5761
10689	5764
8543	11336
7787	7385
18105	12340
6827	13129
6842	5309
11876	14275
6534	2849
13428	3277
9088	7641
1308	19560
14930	1122
10167	14955
1299	16763
2612	14093
10074	8661
16918	3031
15599	4143
17480	11668
17108	12708
4405	3535
6400	8228
11972	10396
15097	17493
9435	18283
11262	14910
3571	5853
10804	16328
16136	3765
893	18757
15136	19364
2632	2067
883	13063
12062	10929
3135	1178
19277	18987
5062	19367
10189	12910
14333	591
6880	14704
7147	5859
6231	3700
984	1432
9511	10522
12572	6375
12434	12154
2226	4476
1526	12108
14387	15213
11700	14670
3243	10039
15831	13833
16251	1327
8894	4473
2642	12876
2311	7212
6795	13674
4660	16383
2348	13870
5415	6014
15647	11624
12844	17502
488	1784
15487	10653
14074	12597
6672	19403
18278	14232
17960	15804
1692	1318
4906	4015
10751	10341
18692	19172
17468	3034
4027	17202
15682	5717
13565	11669
2373	14717
13198	9848
15935	10859
16425	16682
2725	437
9447	17902
5167	5147
4313	10083
9585	14352
8995	17350
7529	10379
6522	9923
19288	4547
8122	7274
3339	8083
2739	5598
1649	777
10210	15306
12884	10779
13773	5617
5176	3544
4577	10090
14501	5389
14752	10754
6625	10813
6282	10612
12736	17351
1528	4772
1722	16145
2996	2733
18381	8502
1530	6926
10045	11075
17027	16681
9750	15932
13591	14052
11967	871
5283	5381
14701	8173
2969	14740
8468	10219
4215	3734
15617	11625
17983	7680
6279	1793
17824	3529
18368	220
16318	7410
12614	13517
13412	12802
1186	952
13255	14279
11123	1548
19043	15398
3729	15366
16999	9330
8176	11915
3015	15761
11070	11072
13448	8887
3474	2775
17873	13603
8438	1002
15082	988
15909	3787
10455	15327
14191	15719
7277	10700
19354	3940
143	15423
6873	30
10734	10285
8651	5951
3876	8561
6580	3980
6451	4566
5393	5290
5118	10329
13775	10537
162	17922
366	8094
16124	5391
1616	1637
1099	5584
15681	17905
18350	5273
13319	13002
11910	14753
10888	17212
4475	1550
14964	3853
5701	11100
13342	10647
10039	7178
6442	14468
2719	7785
11765	4715
2485	9741
11850	16931
8789	7876
16349	16546
9194	12467
5683	6724
3200	17871
2234	1634
16256	18001
10749	13994
7781	14118
2796	19457
8895	7174
15673	11082
4628	13409
12348	14288
17058	897
4231	8511
13524	18706
14266	13478
5278	7827
2581	9005
9039	12643
7385	8359
9531	516
17150	421
11710	7413
1729	6224
2265	13174
7771	10441
401	13881
2831	1248
13535	3275
1893	19514
16101	19561
11836	12271
10523	15269
1972	7742
1766	19144
15932	14929
9943	17449
11638	6155
10278	6929
18949	13217
9049	513
5111	8645
8363	11986
15856	1302
3750	15818
7516	13993
17707	19051
19346	17777
7827	282
11103	16975
15662	14769
11583	14425
14380	18487
15842	18650
1648	11335
3946	12357
51	19201
17744	13901
4362	9847
10327	17825
9976	16276
14124	18901
5649	5794
8495	18860
16716	3683
19107	4038
13010	1083
15162	4416
9383	73
3898	9447
15735	9792
918	9461
665	15053
349	9720
7428	13775
4663	13353
8471	18141
10053	3859
15478	84
12634	18741
11918	1682
13501	2122
556	13322
4610	217
18519	18989
10105	7397
5513	6539
4691	10112
6650	110
13921	14106
14978	4629
6324	13045
2853	17667
8316	5865
2419	6333
17678	15514
10165	1685
17885	10481
12114	7959
9521	7155
1383	5297
6293	12083
14576	11871
4366	9525
2564	11884
182	1337
14724	15467
14118	3997
3589	11194
16037	18506
4163	6378
8563	10891
5527	2964
656	8110
8585	15915
4229	8114
12350	12762
17692	7244
4406	1726
17578	17605
16938	4128
14526	6254
12292	760
15994	715
7578	16965
14072	18032
3669	929
4015	14376
587	18875
15629	9617
15427	18899
14037	19200
16175	12196
181	6151
5666	11529
2855	10246
4345	6154
7738	8115
10512	17515
14016	91
14175	4813
8273	6555
11359	15116
19309	11002
15174	13299
5322	19036
992	11175
400	17281
111	18466
17659	5449
12113	13281
12294	9611
1406	17661
969	13213
2005	4281
4994	3287
10613	11446
3312	5481
4213	5503
14067	13208
8166	3317
14417	19534
7305	2764
2574	7871
18343	13223
978	3901
8051	4740
11468	16510
9044	9505
16957	734
16532	12368
17087	8427
5582	14834
13027	11048
4105	15479
15837	19402
5823	18609
9416	10875
14546	7966
16641	12724
7700	12981
13811	846
17324	10390
28	627
11830	4095
18795	15961
13625	2611
13794	3680
13665	18693
4521	4212
12827	9870
8547	7694
4934	18982
1863	17128
14126	4971
10372	2095
1345	1873
5133	5288
2759	11224
5195	9119
2459	4319
2667	19091
10696	18926
9414	14271
13954	16371
7221	3310
4185	2680
10706	3468
7089	9125
2390	17666
13438	17277
16354	2660
12170	12123
15243	8127
16743	15201
9773	6022
3293	1143
2921	7837
15739	1123
8949	7719
17270	3913
9734	9477
5036	7113
9265	11992
2539	11055
3079	3854
1911	10314
16633	13499
7810	1439
16509	172
6116	104
8999	255
10598	15821
2729	11661
17684	8830
8613	12565
9593	503
14855	18985
12216	8686
9042	9265
12440	19138
780	8266
8011	4164
11077	13172
5080	6717
3406	892
16973	5270
562	8631
8945	8212
17137	14060
1337	1684
11071	2464
13779	7794
9822	10195
10033	7162
17899	12757
3577	5707
3689	9760
18314	14191
15348	16521
2906	17770
946	16652
16908	17309
6615	5589
4137	15890
19213	11370
5780	8432
16878	13606
17470	11586
10805	4349
18771	7574
405	5954
5894	12806
9101	12566
5440	3161
9539	16545
3240	14282
9523	15189
3219	13480
13673	8630
15604	16789
5555	17022
9105	17031
8725	16824
5369	14158
4696	11454
14440	18516
6647	13539
14247	12942
12786	14443
7733	12712
11340	1459
9586	15274
16242	14580
12638	5592
7835	14285
8151	6933
7110	16611
13331	10563
4021	1084
3630	396
9789	12713
3599	14241
1751	8475
6336	4721
2810	19453
12975	595
10581	14049
6594	1984
5585	2655
6446	10879
9684	12649
16446	15943
12771	9492
14055	4841
7982	601
11240	7595
6703	6696
12204	11568
12212	133
16135	612
13900	6337
17956	10200
17175	16439
12282	6074
18426	16966
12656	17156
14236	19544
7562	16507
12193	11225
12345	17500
1179	14907
13042	773
17986	6160
8330	7885
12013	6245
4247	5834
12194	16560
11660	11193
17467	12375
5602	12776
1289	886
5794	4469
10260	14139
16094	2834
2222	10235
7119	2265
4242	19059
18427	2455
18455	9853
451	2007
10370	9599
3343	11745
5741	10098
347	9548
18841	5221
861	9188
13497	8246
16116	13306
6228	12325
10927	7995
15923	7961
9635	13498
15538	17329
16866	9530
11923	4878
447	7841
4567	18622
8662	1106
14529	18762
17581	17069
4500	15403
10096	18223
6424	1357
2926	17076
18385	7215
18024	1537
8080	8082
3426	1063
2447	14263
15760	12151
9114	11785
7833	13320
13267	8834
839	16446
2683	6713
1924	16100
10661	15525
18743	1748
18324	9785
11277	9015
15640	11127
14743	15408
11494	5735
8140	4684
17992	17373
15497	8693
2023	13911
8111	12951
19031	13613
18978	15523
19156	6279
5204	16873
10331	12952
11621	10446
7409	14227
18217	13383
9993	2225
7485	11247
4804	14170
1256	17532
10535	18928
10782	10880
8866	19415
13494	13033
18230	3817
5231	18673
16605	6055
10363	5746
7646	2345
16348	15990
2420	5819
6133	7296
7626	12439
18848	11034
14060	17621
12823	13325
11514	7484
549	10312
12579	10073
14286	13127
13140	9293
6636	15628
17674	13788
17706	10909
5474	3605
17449	9275
4736	10292
15368	5726
3168	2457
6402	12065
12364	4880
15255	10980
8034	17636
14773	7026
9228	9311
17975	12213
922	11399
9290	15120
16262	15784
5983	15379
4827	17410
9933	9735
5084	12484
14479	3020
4545	4372
619	17632
10101	6796
15544	11355
19374	8586
7296	16220
15044	2170
14064	164
18769	9577
13709	18009
17079	15283
3633	15713
17233	7836
11289	18979
6025	1213
198	4053
19030	3029
16783	2393
2168	3294
17086	15633
9741	147
3400	602
18920	12177
7806	6662
7268	1511
7593	68
11780	3822
12001	16926
17762	741
13226	16755
12646	12742
13791	8602
7845	3771
19299	17396
826	8341
7777	14004
12886	8469
17655	16365
11885	15808
15312	5377
2248	519
8845	6525
7872	9704
11411	9025
14106	7963
12429	12473
12618	1919
15868	12501
6318	9227
4916	18956
11322	2984
18487	15108
3999	380
16950	6778
11599	17957
13272	13019
6948	6558
7399	8758
9760	19284
14447	5164
17934	9761
15516	14015
18877	10136
7297	2057
9069	17604
10966	16402
1254	13769
18490	4486
7841	8396
2601	4527
18805	16029
5020	70
11041	12961
13326	3638
4440	10034
3116	16232
5136	14919
18082	18259
9423	4657
2004	17158
3491	6174
1935	12746
5796	15856
16725	8311
6455	5317
9421	6995
6284	17812
6976	13716
7261	5340
8087	19313
10932	18820
6329	2782
16981	5232
658	17920
10570	18274
1726	1879
8557	11018
14335	2957
3567	19417
7157	18844
19254	2605
16928	10498
9669	15984
8014	7587
18621	11610
616	3981
6989	18878
8096	5212
739	4598
17508	17651
4412	19513
13860	3678
1838	15070
1973	1057
18095	7692
33	12207
2649	11451
7425	9892
12466	683
2856	4626
12641	18467
13341	10063
14116	14739
13127	15683
7108	1507
16551	19508
10873	15026
4719	7630
6215	4756
8577	4724
553	9630
1384	8711
11143	4635
8817	2776
7233	975
2661	10838
13943	13975
857	2618
2503	2389
14128	7160
10964	10062
18304	5704
4151	3312
9732	10500
14323	9925
7783	15049
9846	12783
3934	19139
16329	13006
3806	16306
1475	11888
14337	18314
5163	4008
9735	4355
11806	16781
13731	5490
15484	6518
15695	18106
7223	15369
9022	12610
212	2279
6394	18700
3216	7234
11766	11845
3893	3974
12379	12193
1369	9259
13968	17832
4241	3847
10655	8154
2313	15097
5031	18920
11577	4846
251	6114
17034	11358
6305	13309
2922	14821
1202	16192
1989	11308
13848	211
14547	18734
9347	12995
7706	9815
6934	11502
8771	12718
15118	19334
10301	14250
12766	15025
18973	7299
17475	12909
12382	17027
18453	18689
7225	13855
13769	9798
8586	12555
3715	11981
6136	17084
14666	1453
4591	15129
15819	15177
4421	2129
19264	10583
8321	17601
750	11967
12653	1913
12502	490
10433	14003
10710	6814
5430	1547
1483	11197
2204	13601
9251	2025
17161	10518
5928	5197
16408	18584
996	7105
1479	5049
12334	10802
14202	2701
2747	14071
18132	340
14692	15789
19114	5669
14433	12653
15615	9183
19039	16932
9565	1779
15811	19108
2659	5791
18474	9048
3366	10805
10822	13655
6333	675
17089	7503
1306	9725
17120	18062
9776	17210
10067	3009
12518	10956
11228	11975
4385	16822
8218	16597
16797	5140
480	1951
1000	6406
11482	10082
16776	17911
3332	17290
814	3721
17989	12344
4321	4357
2150	7498
5220	5866
9281	17082
11377	18944
7073	14440
8850	2426
12328	18888
13047	1915
11269	18431
7713	7590
7012	17026
2397	354
12043	8039
15200	2601
4322	19413
146	2741
15301	13704
11135	1176
5411	4597
2847	7758
2722	9303
19177	8678
1305	18577
3170	12188
2224	11131
19055	10471
11347	4255
4203	4071
8035	17193
6166	2833
3824	14272
14478	14155
19158	13589
17286	4899
14993	4553
1985	9421
16805	335
2560	9481
673	7650
12648	18632
14355	5434
10604	16193
15265	16539
17208	15205
6640	17482
7615	14116
7584	9489
18718	11740
8175	14046
434	12579
17380	5247
8487	5236
10414	9052
4679	7796
9495	2085
19372	6780
18518	11168
19235	15411
7716	8323
16686	14763
7121	5154
9057	15826
2326	13718
1600	6344
3195	13983
47	824
18103	8199
15669	16970
15292	7613
3287	17313
5541	16773
1153	10699
5999	12612
16117	4927
14850	782
6565	11043
11925	3743
6220	8882
17790	7372
13056	8381
15712	12925
14597	12448
11166	12295
18552	2515
2522	11819
6757	4163
741	7068
4060	5558
386	315
253	9754
18295	16818
13882	6148
11398	2399
331	17468
12005	9073
11	11418
9641	14026
3881	11294
11724	16372
1933	15859
433	7905
4847	3530
12161	14606
6083	16690
4855	308
432	1417
5306	10679
8115	17591
4310	6785
13940	8436
16823	2497
7320	5759
2426	11786
9513	9395
8601	17135
18372	2347
1549	14522
10207	14114
18895	1363
3500	5054
8224	6186
17340	2744
11063	6956
6700	14229
6020	2615
18168	7344
11932	3616
1008	7213
6223	15909
2297	8385
17661	5959
8810	15194
19293	17944
5383	13184
7949	2335
18072	1703
3131	14990
19260	11371
15357	10505
6049	11419
12219	7673
14120	6497
11532	4831
355	14409
16464	5957
6810	9851
3270	7846
723	7255
14046	2866
11438	17903
14482	11019
6423	12064
18044	7343
19303	5021
12773	12903
5068	11929
18837	15907
4469	17830
8990	11147
5376	19429
13058	5406
1740	3043
14066	12481
5181	3693
10539	2631
18642	7873
2133	14700
13933	8155
14082	11847
3044	17560
5047	6594
8524	18131
12074	12769
3705	8077
2178	1609
16104	16118
5874	3559
8006	9391
11094	8008
14312	10367
10623	17847
8818	18221
3697	16752
15898	1586
8358	10324
6177	1400
10206	2230
11563	192
9090	5004
19311	1502
11046	1447
13314	11303
8806	16134
8961	17039
11336	11318
9063	2719
12339	5965
7075	15933
2169	3575
4910	18373
3453	17048
3526	15881
2097	18697
13004	14611
11534	15084
18428	16290
8235	12223
14535	15248
3684	18299
15793	2295
463	16062
11705	4006
19161	5769
12077	8778
14565	2711
5705	15242
14842	10530
19088	17730
14531	13637
3463	15421
3026	3828
12748	4952
9307	12412
12445	13179
11356	13706
14872	13427
9372	4541
17537	3600
17493	16802
13210	19540
6518	8170
18527	10058
4564	10064
10488	1932
14230	3155
3947	10902
7756	472
1968	3758
2126	16700
13309	3137
11469	2567
4112	13001
14578	13257
18204	5602
11698	11629
2177	5265
1214	16660
14077	4010
13636	5435
9130	6083
5165	637
14577	5644
18768	15102
15047	6424
9902	10506
17771	3
890	9276
5675	635
8667	8314
10834	2863
13473	4573
15204	19113
17204	4180
19064	16628
19106	12359
264	1277
18784	7376
13595	13168
4328	15682
2894	8326
11483	17064
14296	15343
16669	7482
11125	15350
9581	6887
2836	7035
7790	2647
7017	12860
8903	15930
11471	3318
10386	6934
12359	3076
6584	12882
19267	9081
12885	10673
16550	1234
6950	2082
13713	3274
3701	10727
13956	6126
3099	8183
7051	19249
17239	14105
14319	5446
15796	10214
10163	18295
12537	19070
13873	198
1701	3866
14570	7682
17891	11178
17620	17312
16299	184
7209	388
4153	13282
640	6040
6837	2973
16795	6568
11211	12150
16475	17123
14011	10546
18731	12656
15440	19190
136	5563
7542	9514
7366	3156
1428	9743
1950	9412
5767	1433
2161	6865
11592	10953
5384	13374
5793	8743
6600	4235
10843	9593
2835	2593
17397	4904
16993	3153
14985	10650
3325	16730
8508	7505
15945	13465
13491	17160
10346	8725
8376	9452
14383	13438
14819	18668
16593	19094
1279	4824
3746	3685
6908	9441
12012	10757
18057	1431
3783	4411
15566	2763
6240	8473
11554	17473
6143	12870
15167	7229
17542	14305
13369	18966
7168	4270
16537	17625
2028	16480
18818	1179
14096	5564
3590	17000
396	15969
9140	1945
5227	3568
7837	10884
8710	18124
8501	6862
14772	18303
16647	10797
5115	17859
7216	16864
11595	4736
19269	13347
8739	12215
14634	4682
7040	17394
8337	14002
13568	6505
3595	6496
10680	9547
6245	14262
7345	18711
17322	12699
3158	8095
1953	2830
11241	15913
5700	4427
11388	15449
15590	2955
589	7252
12726	14446
11374	18614
14151	2415
1416	12780
17769	4686
12846	14703
6807	11842
11280	5441
18905	18945
9358	1450
5156	12298
16707	1655
11855	19348
17489	619
10671	14176
19013	9270
8874	10199
5186	18269
14468	4182
5446	12943
10226	8842
872	10958
789	16399
2219	914
14153	16766
7448	7947
5124	8994
1784	3532
5844	9146
3318	13108
7434	1468
410	8313
7202	6246
10630	18712
18526	15062
161	1382
17460	1852
7491	8912
16179	10871
8869	14944
7887	16367
16032	7892
1719	1950
12953	16572
5508	9269
5107	11096
6608	1749
602	17947
1084	4035
17685	6733
2948	908
16215	10380
6543	5354
11286	1227
19122	16960
7583	2180
4278	6937
11027	8640
15377	17706
13648	718
114	2024
12079	5911
12369	7360
12620	15119
15907	10474
54	12069
17179	3025
17665	4385
18520	8089
18970	15477
800	8048
3667	8899
16159	4205
18946	16738
6887	3396
4889	2803
1578	17302
18171	5387
10283	5362
3939	639
1531	9880
558	9998
1500	13226
2387	14913
15022	4172
16386	14253
16033	17336
10371	14879
13022	4098
13424	6977
7054	2431
17880	7009
15667	6295
9886	16569
12693	10683
4977	11781
13013	19204
8898	1519
3030	53
291	12114
9246	16892
221	13170
8518	7760
13493	7887
19087	15986
14671	11749
6430	7076
7083	1541
7189	13044
5366	16250
7685	6915
6165	16798
18340	3123
3212	812
1979	15373
11869	4610
14207	15481
17142	10693
6181	13857
15600	3215
9506	8512
7520	2548
15532	1101
3132	9234
18835	15259
9150	1917
4190	5483
7115	8428
812	5484
8689	14225
6145	17067
2989	719
14793	3241
18580	7338
11114	12558
7295	17103
4452	8680
2907	7604
15457	6123
3651	15974
7375	4
9896	15660
3164	1014
7959	5109
10949	542
9097	2035
6593	10420
5562	11423
18335	18137
5862	7371
6474	4003
13177	17889
8752	10615
19377	8248
15671	5850
1939	1464
10089	7359
10509	4457
1161	14234
3914	14943
5065	9569
5275	4210
15316	3813
3231	306
18575	16948
1034	7306
18887	9232
16226	18671
6330	17279
15547	2086
18157	7550
16429	2684
11870	1389
8612	16217
15574	4991
8828	3240
10557	3129
10654	179
12070	14474
18772	9509
5577	8221
11362	17489
11017	14501
3230	15153
14853	573
18256	7441
1518	11952
4654	7720
9385	7530
16141	9086
3497	8373
12934	4266
13102	18568
7470	356
3687	2760
4901	1946
8861	4231
16004	18111
8962	10644
4140	16797
19280	16749
6766	7867
11825	78
7377	10893
18298	7276
4078	18602
4534	17125
10839	11889
7159	9373
10629	17817
18897	10071
15166	1463
7388	5426
9540	10641
10959	12015
988	7200
17003	11279
15145	6085
9615	15885
15892	17813
11315	10531
9711	16137
15990	4146
12836	11653
961	40
8522	5262
19250	13410
2153	7230
17882	3487
18201	13883
7769	8850
16097	13084
9276	19550
16803	17972
14221	4326
13669	17441
10695	17469
15485	18825
518	6727
14562	8208
7488	3067
12384	770
310	5026
8238	15235
15027	17427
16924	10919
19150	16725
15086	5596
19251	4401
811	10238
2547	15312
11988	7957
2874	10164
9622	239
17928	13476
3972	10009
