13992	12821
13751	8239
11765	8243
15461	15241
2786	50
8638	10703
13640	5598
18500	8087
566	1266
19201	2648
12525	18345
9271	7205
5794	7408
19137	11072
10607	1014
17503	9105
7435	4169
14918	3469
10469	6028
16937	10537
5997	17708
12130	13559
10864	18028
1921	6111
4179	3387
2981	693
820	10856
19130	16628
15230	3817
13793	6202
5448	16917
992	8647
8229	10586
429	15456
4240	10521
6001	953
18275	13004
16081	16057
1101	16168
10427	13382
13565	16981
18789	14469
8454	11809
15623	11641
3301	866
13983	18918
2172	10960
7930	7739
10498	2754
5083	8802
5402	17
11729	10394
9518	8256
5244	15041
525	10948
1600	17145
9052	17291
4683	16650
3073	16758
12882	5099
18155	9136
13190	7722
8651	2657
10918	5263
12488	7095
4294	6697
13257	9707
12951	18209
16454	8819
13210	11892
7310	13097
4490	16569
9928	12531
12461	6460
16629	5961
2418	5805
5880	5043
19271	18466
16484	14857
6856	16928
12614	10106
4473	5564
6331	14436
15568	13274
4181	15712
10194	523
6156	9034
17328	4547
2314	19142
6430	18284
14599	3693
17050	2617
15286	5328
15004	15189
5877	15211
9676	11808
9639	16483
7237	13713
10885	13946
442	6964
1019	1155
16278	4653
12967	12690
3699	7303
14078	18114
2478	18250
1343	7626
4227	8548
6627	1795
16149	13249
2281	939
2296	11256
12442	3883
14011	12868
18268	12416
5531	17337
3453	1819
14273	5612
15606	10299
13795	17772
4507	8328
11340	3427
8153	430
9749	11574
4563	6400
14680	11410
10386	5070
16682	7266
15182	14889
11807	15110
18889	12184
4834	12091
3590	2977
18708	17999
11707	18708
5159	9088
8927	11379
2450	3315
8831	3702
2438	15602
14386	4487
14581	2454
16160	17032
9720	1056
12917	3510
11738	16692
2640	8847
7222	1595
3136	570
784	571
4337	12014
926	16070
7909	9500
8282	12367
5366	13273
9487	1938
16499	1986
2720	17954
721	4845
8738	14717
18175	10097
5810	16705
5351	4910
5575	10510
1503	17746
17726	15784
2516	15825
15516	6227
18454	2879
7139	1916
4619	2408
6217	15836
17790	2597
17193	10251
2890	1479
17957	1321
1453	2738
12082	13644
17290	19139
5286	10314
10088	7975
11088	17132
14030	14609
9490	281
13823	14863
9423	13161
14951	19137
13655	10460
14172	18982
8602	8946
18583	3491
7613	4464
11776	8797
18572	3220
18759	15947
14712	3779
19191	4586
4161	14527
4883	13439
10714	11889
11358	8455
9468	13431
7532	11222
1454	15206
6383	9061
163	8241
17769	12733
16253	13512
8710	1363
15595	13131
6720	5640
4231	18890
8780	11752
16178	6425
13034	7428
8606	8497
10663	16819
17350	10886
3702	15318
7280	4967
1552	2499
15959	8700
15527	11571
6380	11919
3805	5270
88	4106
5598	17998
5352	2361
14391	9180
12969	1552
13733	17366
13351	15100
5362	10037
1713	400
8128	8500
8260	15932
13972	4860
5529	18940
6563	19468
13597	12600
6637	3917
4856	16721
10640	12260
10616	18346
1796	15652
9253	16708
222	14764
5154	16739
5565	12128
10942	9634
10852	4139
17119	10854
6874	1
9684	16859
13531	14208
13037	13290
10927	4258
7111	9708
19127	11990
6406	7457
11758	8388
4241	19168
2588	19374
4520	1937
9428	14674
11502	10809
8886	6274
8851	7209
11531	2208
19234	15263
9450	17176
7108	6779
2311	9678
4140	17531
4917	12371
2812	8113
6027	3689
17066	16269
4590	17165
11583	226
8269	5838
16654	11052
1818	3007
8332	8551
12997	17125
18306	9487
16639	8979
12764	12310
14042	16340
9813	5589
8382	14159
12162	7698
16020	17411
4795	1689
10972	18348
11890	9485
6114	19039
17593	13031
5987	12829
3862	8919
6010	23
14678	16695
6694	3683
7499	8875
8523	1152
13453	5493
10274	15597
17451	12434
16838	8522
10920	15533
5721	5502
1313	552
19103	18801
14163	3937
7287	12628
9013	19411
11526	8750
1765	433
13271	1855
9934	12912
10761	776
7923	13832
490	11597
1941	3489
12396	3126
16018	14077
14794	9734
16614	15904
13690	18164
1052	8073
2631	10615
1443	418
18861	15502
399	17066
11873	14115
10676	9458
3252	13221
8174	10723
10909	15578
15752	16007
3751	3333
5492	12975
9329	16656
2180	18726
18673	13136
13039	19175
1530	9754
19084	2203
14930	15884
1992	6533
5225	7507
8995	1256
5827	15832
19117	5570
18675	9148
920	13821
19386	14416
371	1913
16889	18057
17353	19278
11131	8250
769	8365
4691	17760
19141	8955
4178	6056
7725	731
9254	13893
2917	13739
7679	572
18369	16494
4733	11537
13276	522
14060	14162
4876	7038
8386	4900
5250	2109
18008	9865
16490	12907
8090	11584
2254	15309
790	13591
9750	11587
10159	14274
16015	4954
12227	12407
16993	10354
327	10826
17707	5577
7766	14502
11097	404
9838	1611
3921	11955
3690	18469
7854	18640
8809	1779
10419	11093
1641	16753
2496	5623
9591	13057
4497	16069
4888	15955
5219	2697
5743	10128
18577	2201
253	2926
7570	11215
4095	13802
8506	18198
10368	12901
15916	15412
9194	2391
12759	4692
3869	13397
1030	8885
4276	1908
10672	7833
7075	2423
3740	18138
17015	18698
19086	16103
3819	7244
13049	19375
12175	16613
19175	5199
11674	16906
12267	10197
7060	2882
19169	6833
8615	7242
342	14736
2106	9095
8148	4
13238	14961
18068	7757
9434	10248
7352	7794
2350	12498
13069	6746
3719	13348
13848	6992
7688	2913
15858	13449
15842	125
8037	4218
7058	14404
14453	2244
13231	3506
2681	12056
12295	14607
19072	18882
18024	6012
16036	4600
6899	15615
3536	10513
17495	6195
19281	3758
7449	399
14342	5386
17729	16632
10581	2524
873	2775
7030	6415
2466	3173
11073	14800
10899	9989
3845	16722
568	6486
5461	13864
6597	11275
16359	18569
16183	10020
19145	5405
11851	13001
15953	6211
18671	10166
13861	18812
1312	14663
12902	14733
8972	18898
14262	14791
79	11065
12350	8074
3842	12323
18191	17575
4846	10871
716	14908
18901	17892
18727	3300
7943	4150
4860	14473
10685	8524
11321	3066
1831	15293
7871	12843
6909	16264
6931	13356
8547	4936
5445	13719
9949	18869
8431	14679
18058	2046
1218	16592
9805	9522
15565	10269
10876	5907
10828	6704
5391	10379
14722	11968
7418	7326
15852	12644
14842	18193
9340	12254
13412	12658
10824	12105
5959	7957
5617	3115
14201	16250
9711	4855
5036	6231
4324	2100
2399	17398
12783	12994
14417	3124
5571	10417
2959	15222
3105	14206
4885	8142
314	8768
7430	15553
797	7728
3205	7729
7866	12701
18939	4278
10506	6205
4058	12808
556	12631
18771	10323
13564	19423
9601	11221
8590	8215
18150	18267
16360	18194
4078	13547
8244	13483
10791	14765
12903	7854
4184	3822
5247	5393
18208	1225
18668	5761
1387	11562
7860	14121
6315	8222
10003	7293
5866	10556
15308	5658
11760	14106
6112	18306
8982	1677
6454	14444
7836	7152
14277	558
959	1803
2596	4410
14153	12572
9954	19551
10212	4370
15735	19328
14130	6729
18970	7019
18858	9374
16352	14801
8231	17875
6930	19354
16600	4034
10040	1822
19003	215
3826	13870
539	6832
511	10188
7597	13649
10807	4420
10437	13278
9945	408
14330	3535
16255	13000
15192	19307
4199	146
16603	18853
18562	4206
10730	7429
1042	16093
966	6752
13952	10163
4755	10821
8848	15550
7908	3085
17980	6979
3558	6546
8847	6180
3018	18246
15574	9825
8293	19087
6177	11057
12897	9617
18288	18777
9458	18007
17584	1950
12879	19313
11415	7706
6404	2869
3137	16567
463	12753
12971	15016
12440	946
13668	3812
4501	15906
7443	673
14463	10129
11844	12830
13033	8083
15199	12275
8272	7673
5090	3045
14809	4712
1551	9931
1651	7135
17285	19554
15815	13474
19229	11616
10285	14452
10326	18025
18093	5308
9044	9468
10758	6496
12884	8815
1951	18706
457	11266
7987	8907
11541	577
6252	2011
8345	6754
3548	2583
9579	11977
3587	3850
10082	9384
13743	12340
15806	17963
13832	6167
3052	2406
6708	2785
2906	3375
1554	17109
10779	17141
17001	10211
14484	79
1761	7022
175	10893
12303	7087
13502	13447
869	8492
11505	18264
5962	16924
15092	13186
18140	10759
8361	11715
19332	17001
9812	8172
4912	2363
1737	11270
14452	14496
3256	17811
6851	13390
6494	14689
10382	13659
3177	8002
8563	10945
5099	4580
17897	9818
7225	18814
9347	10924
10124	12464
15707	5030
17799	14429
1533	75
4759	2458
6179	10890
543	5490
13296	11414
4618	9735
6541	18516
1107	6179
5569	8185
6007	16584
256	14163
949	5559
6805	17620
7079	13753
17297	1033
6997	17157
18046	11254
1479	15914
2846	3195
3525	12484
7047	2224
10269	16396
9746	11392
18618	7179
13937	19007
8248	2188
17445	4837
5726	12379
2673	9162
10987	454
9910	5252
1289	3520
17422	16271
6073	12193
14288	6449
11514	11146
6635	17173
3528	6338
14299	17557
12028	6005
7349	8619
18465	7653
17142	19480
10527	3628
6160	8052
1405	17591
119	11434
10732	13730
14750	9560
9199	7289
15114	593
6429	5483
5545	12626
14048	4698
14268	17492
6723	9982
13143	19118
2345	5079
17962	6023
16001	6251
3082	969
12544	17399
10193	10720
4907	4124
17089	14376
3107	17876
9965	727
18125	8287
15246	7322
10262	1058
12865	3186
3310	18965
17507	832
11552	18830
11907	15239
15229	3440
18818	18035
2462	10913
19122	11790
18289	19163
7920	12473
4533	13491
8906	11500
2713	12717
16964	19544
5127	14418
2857	15107
2340	15078
15711	5174
8810	2146
16751	9867
14420	17056
2757	40
1686	12632
18111	18002
9603	10025
17117	7708
13604	8627
5477	8981
12513	16925
16089	4392
4256	7516
12395	15575
18672	6443
7627	1904
8239	8254
8476	14812
4495	7563
6390	17365
3000	14
17758	9232
10806	12950
13839	11717
15788	2723
8783	18280
2042	4850
13815	2479
17364	2846
8111	4536
11654	3544
11356	7818
14888	14841
9186	690
15493	2050
10350	5659
5347	14629
8588	9651
13490	3901
1758	1788
8937	1310
9630	529
10020	10878
1556	14377
10709	13666
4748	1483
12121	15734
9721	18828
2955	13609
5995	18717
8890	15083
16952	12648
2272	15438
4211	14728
13126	18969
18835	4425
10674	840
18912	17305
15424	7465
3430	12308
18643	6107
13182	1941
12296	856
1238	9696
9338	14837
18697	4486
12831	18401
10718	14557
4146	6797
12731	7036
2195	7336
10248	8004
10293	2087
4651	18166
1979	10423
6067	18980
18018	17432
1470	2373
17878	6324
8788	19013
8381	3183
8671	10760
4195	17986
17243	14256
4375	16439
3155	17435
19155	12280
11048	18611
10317	7534
11928	3342
1135	6083
12351	14485
3577	7565
2202	8687
11486	19520
967	4988
393	14385
14832	1445
6154	6058
13840	10795
10235	951
8395	2673
9956	12112
8086	11722
17881	16486
12755	17854
4585	14123
18556	14179
6521	6877
6231	9645
15518	19304
8965	1605
1667	11381
11441	3948
14593	10216
6213	1747
17644	2521
6991	5114
1133	13237
1541	1352
1279	9832
9849	17266
17569	17696
555	13463
12592	4622
10966	9043
4992	17894
13669	9297
811	16544
631	3474
13128	6070
1178	2398
7085	14504
18335	15870
16660	4247
2261	13138
6046	17250
6006	439
6875	10117
11149	14300
6105	4739
17266	5599
7690	16779
17234	8971
10870	11958
14298	4130
1253	18823
6593	627
11152	11904
1222	13299
16437	5198
7113	1741
15186	4444
5539	7216
18992	16718
6032	15614
2728	11082
7195	17960
17756	14816
3182	3549
570	4261
3722	14489
14253	6084
9480	8697
4307	9192
4764	12176
3534	5905
1925	2735
5806	13620
10994	13629
10959	13665
15830	7752
16050	16965
4623	12050
13777	849
10988	17846
6407	10722
533	207
14666	2103
4925	16238
12428	8739
8407	2526
14945	3438
10447	15998
3429	8109
4272	3074
2699	17205
2677	4243
14818	1423
13247	3436
8702	14223
12597	15974
1207	15261
6303	3933
7659	17988
10682	9204
5188	298
5041	14047
15237	9971
3279	16091
1096	14157
11334	1154
17746	4157
2108	13756
14908	4503
5992	18612
9762	8066
5096	13188
2460	862
5917	18456
12948	8914
7888	8834
7033	15358
7157	18053
2630	6816
14872	12218
7539	2887
7782	4318
81	14795
13868	11326
15213	14262
1595	19420
15422	7711
1017	11160
7741	5638
8396	6804
5305	7773
3879	11153
4825	589
1240	13154
7159	18480
16983	11992
11436	11137
2457	12441
1349	11772
3080	6156
13108	4070
15408	15892
15626	17332
2987	15272
15970	14505
2580	16209
1549	3629
6922	7439
17611	2929
1330	13587
9268	2853
6189	10820
9814	14508
14146	7086
15863	10060
10603	19199
15109	19146
8923	19295
16350	12940
3937	16281
3860	3598
7258	452
12941	14023
7103	16409
18650	9824
11977	5124
16341	3128
626	11272
14723	10927
1002	18131
18649	16120
12293	2138
2282	11531
7843	13419
1	2371
3062	7586
13179	55
14348	17368
1857	19043
17489	13681
1559	2055
1146	9264
11642	10736
16339	5804
6149	11023
16590	7007
9920	3951
2148	16818
9994	16787
7831	17964
2063	4918
18398	752
10526	5143
14002	15367
4080	1088
8416	18618
10243	8453
7617	7827
10626	2768
395	2110
3400	5506
1459	4817
12020	14054
12568	12849
11563	1239
15289	7899
16835	8456
16060	3004
17737	17342
9182	2857
13314	11708
15016	13156
17091	5384
9865	1012
7884	1404
2142	8930
17172	16254
3121	7980
8672	9558
6423	4047
18623	4898
15175	15802
14858	14145
6703	5445
13154	4685
6381	16580
11562	17335
287	7863
12248	6837
12873	1338
14144	5769
11047	2740
12202	380
11361	781
5753	960
10797	13480
18187	7540
6320	5637
8146	13234
406	4475
17414	18396
6395	13269
4024	16406
10028	3418
11988	11144
9967	4720
10950	17147
15723	10588
6316	3367
8830	1600
10238	15714
10611	9726
11855	16137
13817	13683
4970	2654
5437	17427
3050	15801
12286	3218
7391	1325
9367	18481
348	12102
16924	12530
17926	15384
13900	12863
18009	9917
17016	18167
698	16521
17667	5254
7442	16225
3909	17464
3650	4986
814	11890
18530	9015
1185	5309
6999	13633
6847	4458
6288	19267
3031	13680
17305	8151
1659	10891
15033	19271
2672	8745
3448	1944
15346	16043
12243	14271
800	18155
17312	8579
3418	19496
10490	1537
11647	15298
5162	4017
3131	6382
10793	16118
5797	5352
9569	8433
18333	14807
19055	8734
16457	7892
592	13806
9322	11917
12087	11898
6797	9510
13503	18039
14513	17223
3471	18309
8058	1977
14089	4534
17420	11770
9856	18582
5322	331
5416	2613
11085	19251
3756	1525
7386	14066
2881	4554
7876	459
19198	14893
16967	3626
12200	13764
10278	9846
8503	12855
8713	10865
514	13737
488	13920
8253	16265
9189	2974
13619	1906
15927	10397
2041	2460
2321	19513
14485	153
2277	11310
3435	2767
18767	13769
10036	18041
1994	5547
1919	12053
5499	16309
4508	932
3674	4826
4288	8939
5978	1737
5567	16495
3015	17376
15377	4639
17335	16037
8494	15893
9097	2200
6706	1905
17701	376
3141	11867
3431	15102
3008	19379
4602	2065
14860	18308
12115	15871
3562	10649
15239	6603
11181	8385
2710	1054
15835	16743
5053	4934
118	8339
3502	17113
9077	18864
8876	8683
7992	10604
16503	14289
4099	5214
12373	13909
7906	7112
8181	957
9784	11682
3588	17441
15982	13140
13961	11032
5513	3965
18837	2757
2719	12104
5050	16694
3081	3929
13700	4086
6424	435
10815	5783
17462	8268
4806	6018
3923	8528
14294	12189
19303	18534
5914	12848
4661	1057
15728	9844
2266	1622
4697	19465
5944	13460
15943	15648
4360	17421
3201	19438
18256	1015
11314	14068
2360	18202
5383	13143
4681	14622
17768	3042
16883	19432
12571	11974
11553	16106
2414	583
9176	13468
6865	3251
5872	16658
14109	17567
4147	10341
8209	9396
230	13324
11649	4036
4689	5486
3258	16479
17287	19534
7080	9701
4686	13240
16317	4277
15691	3764
6442	6435
16770	19190
11847	15567
18270	17096
16175	3331
17757	1144
2196	16059
15015	620
17185	17793
18019	15359
15023	14930
16238	17809
1781	18676
16486	3416
15851	6361
16909	13780
9759	16559
17982	10531
5647	12267
2721	3471
14523	4063
8658	15414
14983	11084
2192	9481
6066	10053
7245	9246
16539	18972
15882	4524
9726	9572
4391	2249
2405	6963
7260	15521
13125	3364
4466	1227
5850	16675
15939	2737
11816	5411
6134	10201
6008	4088
3656	9498
7820	11996
4591	13338
16720	10376
10821	14202
16564	12667
11775	9514
8019	15186
18118	3778
9923	5609
734	19126
2961	8963
7109	13631
2828	8515
6995	14874
3003	6104
17418	14860
8925	18986
16165	14433
14635	16607
11803	13361
18083	8019
12164	8639
10650	13223
421	1119
10352	13815
15850	1357
17343	16939
18794	5052
3619	11605
5025	10965
16385	6354
15783	13980
7448	8613
17947	18780
5161	53
15467	8977
6063	9064
12760	18249
2034	18504
3236	16182
13138	12336
6143	6314
6147	5644
17550	14983
8855	11027
4409	12655
3355	9066
1023	18052
5716	2904
17358	11218
8296	7283
3564	13529
17105	10204
12036	9499
9761	8557
17255	12001
3501	1674
16193	14105
18517	14579
15216	7600
10177	4310
6803	9882
16936	4583
2552	14588
12112	11323
19226	8549
5284	17055
9889	17320
621	8459
13954	19545
17035	17700
12330	7974
6819	10455
2033	9613
17564	17333
16534	11385
1033	1482
19278	11998
6757	13997
2396	3347
1406	12663
677	4273
11343	11675
15462	2876
7771	10933
19162	10253
4719	13901
8126	1970
4688	18001
15628	7373
5983	1590
3204	12799
4654	159
9390	15398
13255	2710
11586	2125
5491	5126
18863	14184
19063	5925
17628	2901
14797	3009
5895	13409
18826	1031
16622	2828
1458	16832
15597	5852
10631	4970
5240	177
2162	4331
14699	10828
6501	11802
6392	2832
6330	19155
953	12414
16336	8760
17634	12598
6800	18897
13520	14390
917	5507
12913	6862
14774	3719
13968	10635
12629	9823
16127	8226
9326	8604
895	12750
10822	13380
17765	6914
15829	9220
19097	9194
12664	18076
2495	6380
15651	14265
18040	12899
8946	4550
3483	13410
8592	19081
1730	16029
843	1005
18680	7231
7193	11287
16510	15791
12599	10140
19184	8592
3808	6516
18097	5320
12822	15063
14016	11011
12165	19000
9535	7185
6965	12682
6843	17496
14814	8749
8280	6792
12364	8698
65	5401
6460	4267
3897	7886
18321	8744
16781	10485
13892	6917
6845	16547
16247	18866
4192	17270
1517	13192
7472	6369
861	7617
18926	12972
