3000
4436	1710
2329	5804
14218	1445
10647	3647
14108	12812
2060	4123
6467	1366
16948	9703
5807	12544
9971	65
12978	15001
10219	16355
9378	10066
853	437
16072	13249
9987	11959
11163	2953
19363	10320
589	9869
13443	14270
1287	4299
2630	13890
3436	12538
7600	6569
320	5694
9542	7760
7436	1484
12361	10476
2147	8621
1096	16949
6330	14112
573	13446
8051	8177
6631	13830
6911	4812
9010	344
16784	3484
172	755
16909	7108
16482	18595
14256	18156
9446	13555
12124	9777
7958	7113
6517	6689
6327	15130
11155	13912
10523	6644
3619	12303
14654	6602
10383	1993
2458	1303
7815	15256
15135	6141
7334	3788
13635	17906
2086	14557
10781	17377
1501	10907
14433	2054
3176	17980
910	259
15228	11573
2113	15845
16138	18742
8936	1899
12675	606
15891	8453
11218	11351
5765	9991
6515	2576
12043	13787
5338	727
9443	4270
7032	12578
2243	11091
5241	16370
3394	354
12206	10179
4064	14858
17660	18899
15133	6082
14162	15936
18715	12198
4747	7476
9367	2305
12694	3944
57	125
16046	15569
15215	11790
15088	19043
15520	15158
15386	17190
5420	18143
7072	9979
16449	598
18683	14758
2257	7058
108	11433
13474	10047
2173	1515
1906	14589
13243	7027
4483	14397
17686	4671
18021	401
2613	4571
10267	1977
17623	18570
1145	11925
3499	17869
18614	496
15977	15160
1616	9791
15553	19495
11837	6395
12812	9297
15631	17198
5820	1974
519	4398
4916	51
16085	17107
8306	14749
16574	1524
9780	15092
3187	6812
8711	9361
12394	15809
11809	19477
11227	2916
3427	17307
6637	6854
10067	19393
14960	14777
2464	8654
6283	18126
1074	16392
10343	5726
3441	4370
18794	4251
16575	10342
16973	9271
1485	19179
5191	12560
8148	6647
11150	7891
328	10728
310	9546
73	7267
7533	6149
2581	9506
13815	16073
10404	9385
8107	6117
18336	10822
2801	5867
4405	7611
16653	11184
2594	11041
11174	9127
7107	12353
7342	7850
17915	18843
4460	5073
2076	5464
4030	10444
4919	2176
5151	10995
4699	2369
13260	9841
13530	5991
2208	3797
7246	14279
16114	9758
14240	6393
10436	2211
8857	13236
11273	15286
15408	19139
10798	14901
762	144
18855	13181
1526	12883
5289	5327
3524	12444
3142	17981
15870	13935
14811	7051
12232	7121
7951	11253
16455	18416
9238	10947
14849	14989
4613	14835
15551	13930
2166	4870
7275	8007
7484	18487
561	5405
3166	11116
1839	2501
4814	6901
16343	10703
17802	16535
18348	2855
19279	8558
8803	1044
8581	1225
9105	8786
11256	15887
16364	13845
1051	3240
4067	3643
7519	8533
11871	315
9333	17049
16729	15968
17852	8578
15931	7064
12243	7359
7033	505
4330	13950
3038	16851
19108	4537
14101	12134
13847	11214
7283	17890
6505	16023
4408	14767
15418	2406
19027	10427
19003	9261
1333	8586
1308	18663
16917	16375
16060	12673
11457	10135
3691	8291
5595	1742
7639	16114
12233	813
6531	13248
8165	1792
6957	17811
12390	6263
16587	16397
2850	18541
16180	7493
3352	8037
17500	4081
6978	4919
7037	4327
8495	7438
11772	7904
2504	1626
13083	9153
11658	3311
5994	13240
17982	6271
3669	11987
9869	11823
8717	1522
13937	9302
866	8407
15669	7183
3773	13034
5975	591
11798	5256
4672	1238
1044	15376
10311	18477
10314	4601
16383	5845
11588	10568
16939	1266
18590	9548
13197	14933
5440	4995
58	9702
2401	11048
13394	12221
5685	7015
9523	18367
16652	17640
6180	3600
9178	10878
16294	16582
2476	1257
8821	3747
1963	1501
10898	16209
14121	14215
8208	10088
11280	2017
9587	547
4906	19490
2209	1941
12999	8544
233	10628
11540	3789
8156	2483
2492	1745
3650	10956
18309	1861
4033	11027
6627	15401
17593	19450
2512	10077
2554	2783
15444	16635
674	19509
668	16130
16683	11336
17848	8930
4923	4140
16329	18459
19161	19467
1672	6978
15380	14818
8967	8588
18338	10209
1652	8107
18225	10903
16102	9304
5550	11998
6492	8086
3093	4413
8702	5597
15773	12851
11885	4872
17833	13401
7398	13393
5280	15241
5851	18860
2003	12308
15564	10630
12714	7210
5332	6306
1228	12369
1883	10491
9291	7588
2138	13986
12733	17468
18359	17784
14383	13144
14427	5982
3379	8476
7089	14870
6790	16800
14749	4418
19061	6652
13288	12355
13541	10561
566	19511
14972	2317
15015	3239
9767	336
6654	7182
6326	14806
9916	12894
11478	12981
2961	11786
16783	8916
8273	16650
785	7793
8638	1814
1931	17183
16465	16064
14738	6187
16044	837
1592	602
7565	13052
14234	4707
10407	2769
6816	4889
19223	2543
17246	15333
11490	13389
6878	9162
14990	14772
2597	5744
10427	16691
1268	14662
13551	4079
13364	1657
9303	12498
4863	2067
16070	11028
3881	7326
12344	372
4094	12375
7109	9912
1181	10487
7096	19025
19225	1766
2179	11305
6534	4775
16571	6437
9070	7412
19121	10259
5439	442
9989	6621
10962	10567
12551	16379
15814	13415
5159	13984
3852	17743
7812	620
18699	11762
16304	10940
4299	10926
15152	16575
8426	7057
2215	7624
8064	11217
4527	9411
10163	12265
13596	2745
8294	2688
9992	12003
9806	19527
13548	17484
4388	317
7085	5857
6251	13086
9648	7738
5422	2034
5986	19570
18476	7387
9239	1697
2813	1749
269	14403
6602	7261
16860	11610
5334	13927
11681	7648
12064	3398
1495	15718
15423	13272
9517	9336
15970	3343
18179	2538
17197	18480
14341	89
9198	9320
19332	1924
16159	6988
4347	14971
2357	16348
1693	12743
2511	3468
14419	13106
6374	8296
7191	1014
3983	15931
19015	1008
16840	8401
18981	12368
11040	10607
34	457
745	10133
6904	16277
4853	9444
16819	7940
6187	7953
8843	13588
12401	756
16417	9727
18529	9616
17462	6717
16972	17605
3450	4498
1658	137
9339	5813
9448	4178
7522	3025
4057	1711
8553	2088
11505	15764
15871	13068
3488	16117
12443	6081
17352	3671
18482	10294
7654	19331
1127	7685
18919	10321
6523	17918
11222	10758
3954	18666
4213	205
14832	8768
19246	2603
4409	1725
5950	17334
11958	12315
1266	17621
14353	4562
7629	10070
19354	12957
9619	16953
3374	501
15926	6154
774	17930
15615	8484
14386	2870
10815	17460
1722	1567
3794	6898
18182	13167
369	818
4729	12090
7855	18947
9289	18344
16979	3053
3675	6011
619	7282
16390	10606
1860	18914
17379	15211
7774	15147
14809	15912
18645	10204
5784	7526
14335	448
728	14684
13404	12503
3767	4350
10210	15295
6783	10090
14868	10986
10191	8
2741	13121
5593	4552
4973	13923
4415	7021
1301	1065
1734	255
14668	1834
874	9563
6990	12857
8612	4574
3828	1057
3255	2203
3451	15914
3286	6499
17765	36
11947	16356
9280	926
10422	9923
2363	13581
1364	8280
12938	18454
13889	13536
13213	2467
7133	8397
1968	10408
3483	8512
17106	2785
4828	9173
17313	14965
12871	14743
1617	8156
8121	17220
18927	8666
9412	18627
13030	3090
10582	983
9555	10001
14813	19552
12673	7811
6575	3531
2828	5664
11539	4070
2043	16518
1192	4547
16648	2496
8059	12650
8655	1572
4925	19111
18835	17840
10204	18684
9068	12387
11762	6258
7185	11198
13076	1094
9112	2302
16738	17998
10060	15076
9551	17243
9175	17632
15201	5212
2827	19262
864	1672
18749	16263
17952	13642
9611	6286
4340	14661
3504	4127
8398	2287
3216	6391
1884	17452
13130	2494
4266	17860
14241	746
9930	5451
4845	16340
13439	9438
7244	15006
5564	13625
8403	14716
162	7560
1783	18267
10357	7170
17207	4448
321	6783
4751	2881
6886	17389
15006	3466
11413	229
9773	2529
13057	7640
13487	15768
17445	13299
16469	11001
7346	6107
12744	10038
12041	9203
15044	13659
1692	14740
13913	3936
13674	16104
6159	5971
881	11923
14424	12862
3944	15781
15251	9692
682	3334
6452	18511
8591	17189
7482	7465
18214	9006
19084	17847
339	19483
4657	3731
11541	16193
8139	6565
7646	6793
4864	10856
9392	18811
14279	18445
6484	13385
8601	3662
9637	1705
6166	18639
3690	6967
16080	3784
17055	18965
13085	16322
513	17705
10038	8003
14685	10026
15754	5491
3512	11723
1859	17082
18091	12768
16903	4480
6877	6544
3740	15791
15527	13799
5705	10992
10111	2228
17582	18149
14966	15978
2059	13514
18977	11492
8367	16058
7918	1108
12649	15169
197	3512
6798	14841
17273	11744
9071	18135
564	13247
6855	5349
14498	14394
12213	7322
9286	4970
14199	4765
11928	19433
19333	7826
7637	12380
10028	11668
12894	1724
9870	7780
8749	13495
5040	9074
12069	2382
11717	3109
6541	3958
17533	8393
10564	12675
13996	17816
19128	9600
13008	1038
5216	12697
9735	9696
959	5558
10948	1963
18297	17121
4297	8471
17234	11754
15308	9581
16050	5007
5783	10751
14189	8756
14096	5400
14553	18256
15860	2259
13370	17628
3901	385
12259	654
14948	8648
18888	1938
3322	58
17750	15679
16265	10383
9267	14975
14755	17079
7598	12985
6861	74
19200	12436
6427	15218
12209	8500
7825	4472
2050	14429
19205	627
9089	13835
17272	16538
8415	9067
2427	18812
15797	13231
11451	14852
5232	14619
82	2144
18487	15312
2805	1005
2471	7025
13715	2426
12366	11845
6593	8644
14931	9984
10509	12721
2408	3110
12219	7080
13285	6483
5938	14651
4056	16791
16634	40
11831	4831
15575	14982
4934	9185
3715	6169
17447	12624
10555	12604
3961	9251
6588	3576
8042	932
10794	12318
14955	13262
1882	2859
5470	9857
5816	1843
10588	14247
8017	166
5617	17239
621	10784
5247	6613
294	12309
19340	7554
7905	7384
8731	6555
4175	4728
7126	617
12628	19512
8336	824
5156	2553
16282	18569
8323	5887
4715	13
13212	13360
16139	11594
600	2497
14247	18680
4892	10671
6770	7156
6462	17406
9268	2422
191	3489
13221	4453
13396	7389
2324	8097
14359	2449
11931	6026
18042	3283
3632	6497
7556	17503
7973	18359
11521	479
17168	10111
2241	1012
8096	4525
273	1105
11887	19188
16894	12264
17557	19081
11876	666
5888	12334
1179	12107
9864	18389
16223	13129
3270	14523
9442	15537
8852	13326
15132	12762
15769	13717
1583	15080
1966	903
5762	15893
5980	17646
3252	18237
14889	17125
15761	10651
8486	15626
18317	11415
11905	3043
13816	13987
3960	486
5909	17812
2505	5930
12426	15078
12647	18010
3439	17576
8890	6948
17048	4020
13904	18332
9709	16821
8608	14746
13695	16165
11050	12664
2735	13783
3158	13339
9704	5383
3739	13834
10681	6204
10908	18070
4429	3838
14672	7089
13977	8496
12635	17388
17340	17311
10692	10092
351	12974
18675	14211
16340	2009
16520	17492
14922	1768
7848	4874
10117	7235
18886	12278
2167	4811
9719	2392
11245	17347
16527	2926
1235	15399
6934	8794
17937	12039
5558	14499
18946	726
16301	14769
17115	9796
1552	7726
6748	10305
11756	3568
10312	18950
5943	18957
6409	48
10321	15490
15609	8047
12000	9603
1622	14535
349	13354
3819	3642
777	7642
7167	12076
8530	8091
3030	9620
17759	9566
14949	8328
3751	2683
9287	1443
13185	9335
15599	16939
2424	2394
13081	6758
11899	3906
16006	7785
17756	3856
3133	15480
18056	13528
14692	16663
15385	13895
7135	6250
3178	140
9903	5635
15593	9106
15985	3245
18841	866
2262	8798
18250	3566
490	13287
7031	3206
12311	8614
8326	9028
10130	12639
10983	1002
19102	10000
15405	16632
14583	16640
12589	9377
7934	15203
9727	17102
14276	12013
9947	16059
11545	16992
7906	14035
10987	15681
3659	1128
5690	6347
929	14576
6406	17770
3586	8819
18246	5358
6727	12426
9965	2590
13656	16467
2883	4321
11675	16371
18305	12459
8467	4061
8113	5156
9860	17292
2415	2319
10086	1698
2856	17178
13163	7451
12942	1276
3941	8981
3309	15390
9787	832
8385	563
18511	15272
13263	3770
8838	2265
9304	4990
7713	15970
7831	1675
10348	17383
6767	943
3738	13313
17655	11627
17782	4312
14236	18478
7716	19356
439	1933
16320	3713
2160	6853
5466	3002
16096	14804
8896	9816
153	2976
4829	14737
1597	468
15869	14629
6056	19405
6206	17747
1727	1058
7410	18548
5293	681
11746	16287
18708	450
211	16268
15373	11079
16509	4174
8770	9108
10362	493
6065	10650
6232	8239
18796	8625
13448	14263
10066	942
16201	4032
13518	2694
5976	5437
8342	1151
12358	8199
7146	621
18449	17741
10802	18783
2387	11019
13333	6750
3227	3885
576	19444
38	11186
13654	3488
16872	17053
5479	250
6125	2718
14207	7617
18442	18943
5926	11927
12808	2741
4353	18210
7779	3957
10542	9413
13689	17926
12123	13579
12780	14435
11371	18250
5650	19381
7864	2978
18502	1869
974	15167
2745	11563
6696	15663
14893	8812
12639	10811
19083	9760
2645	10162
7933	396
15153	11085
13966	6953
1504	3496
4943	1902
12982	7122
3370	8388
10295	13753
721	3472
13896	14006
3672	9555
9901	11017
14203	14203
6958	1157
6443	4412
5498	14054
11185	17780
848	9306
6084	6137
12779	10031
7510	13286
18658	17287
11839	11439
10194	3432
4212	1678
11610	2166
7354	14968
12869	12913
13015	826
13158	9248
18517	6849
10589	10865
7144	18096
9229	12493
15641	14643
14501	9515
4539	3126
2001	16830
7329	5697
7548	2580
18685	18963
19183	12659
1598	18355
11874	4106
13675	12644
9453	9243
6227	9161
8092	862
18445	10674
3640	9316
10881	6157
6866	5584
480	12326
1554	12787
18429	19471
3904	11993
14900	15409
16649	7407
10297	14113
10679	9916
18360	3362
4428	3588
7116	1113
14148	3125
16728	17895
8138	13656
15178	13375
3236	6051
14719	6091
6848	12718
9909	4215
484	1275
5720	11329
17862	9748
19255	855
1426	15857
7401	7983
7768	271
858	15536
1626	16581
6479	14515
18213	2338
15396	18039
11070	70
14980	283
19362	11438
5272	700
380	8115
14724	1582
10896	10555
3121	11548
8810	5702
15161	46
5404	11066
3953	13700
13071	19543
17602	12866
8535	4600
11783	11039
10213	16296
3802	4036
17618	8203
9993	17466
5067	5977
17310	5885
506	3565
4836	17892
1208	15962
12689	4513
18639	12361
217	18412
18591	17363
7016	3840
5531	4155
10901	9282
19381	5627
18063	16831
5421	1599
7391	18224
18716	6210
5562	11362
15448	16446
4959	7506
15997	1446
4769	13764
3976	17306
18840	4984
17559	15777
7091	6964
13790	14262
3250	6042
12089	16382
8982	17861
303	17940
6208	10960
11980	7844
3626	8072
12118	1776
9199	12424
4091	14573
2354	14814
1469	847
18036	11712
15804	2899
3117	17448
7046	13418
12738	18138
3372	13908
231	14750
16029	2131
3033	7752
11863	4133
661	2078
14624	15788
9647	656
2038	19332
3456	17970
18600	3651
17878	339
2392	18645
14340	18117
5406	8409
3858	4665
5946	5955
2097	3395
360	899
1668	7404
16982	17136
5182	7922
3977	7580
17662	17591
13906	11258
6286	7769
12925	3217
17573	15419
15966	16369
16726	4394
3742	3375
5987	4446
2098	1846
4543	18564
8093	15486
19236	1542
5325	18479
18587	16170
4597	16447
7323	1060
10310	17839
19065	7031
258	13816
17838	2093
8827	8166
6585	12091
3097	1394
479	2775
8802	10052
15878	11814
13378	16099
18993	346
1544	6221
12056	17501
81	7336
12715	9050
12459	17402
17280	5132
7943	5967
7858	7101
6728	1181
12073	17294
9902	18866
10561	6672
9867	11187
1057	11386
2178	14667
19226	11055
4763	18446
15083	3216
3997	12649
3164	1660
1568	11211
9534	14682
9349	7928
13024	18865
8845	11308
2236	8040
1842	19442
14086	13191
14844	6687
13979	9661
16489	3912
16054	7538
15507	9643
11088	19312
627	15639
7086	13226
10859	14599
8419	6171
4417	1676
10484	8902
16910	15071
8939	11896
11003	10424
6438	12641
776	17258
9492	18823
11500	13210
4448	6764
7132	14997
2862	14291
2789	6406
10906	18829
16603	6469
9639	1318
10142	11954
9271	11588
475	3351
9714	15202
2373	4195
4171	9562
16504	3839
117	17551
13721	5698
3749	17554
3800	3790
12168	13250
17853	12881
6754	14908
17690	11853
11148	13030
4526	5601
6337	9138
1259	10959
13568	17487
13450	3697
14739	10933
6305	17976
9447	9926
18314	2057
9994	13548
13074	8923
11897	1917
4268	10376
16606	9089
11812	87
4088	15154
11320	11170
16660	5883
7489	2797
5598	9889
10380	15381
12853	12873
6362	15359
16104	13119
6952	6215
4546	8740
14883	5547
6310	11822
3629	8215
9812	8603
12630	6522
1372	10552
8197	10225
1563	13919
19370	872
4006	7418
13385	8241
524	1421
9889	18628
6275	15463
4581	10155
16989	14755
420	19413
3931	14159
17947	13208
2765	4422
10079	2238
7979	11961
18335	13941
13037	16623
12372	8336
2663	18030
12337	17622
14393	14376
14215	8645
7459	1252
5317	15260
15295	3892
4048	15727
15456	5506
9091	5973
13595	19185
16064	7029
5064	7951
17177	1177
13153	18188
293	3951
5932	16512
14414	4861
5572	15375
7375	19060
8603	17950
15756	3895
4061	12893
15678	18987
18195	17570
18890	2066
5799	13108
5184	7681
8466	9827
4979	3913
9969	14927
18830	17068
6198	6848
13086	15584
13119	1759
16356	6246
16107	14344
10565	13192
1874	3741
5129	19283
786	17494
946	17613
4463	3736
19071	16398
4797	6176
611	18933
13064	9497
1834	15153
13697	18091
6058	6542
18551	12473
14219	3250
5699	9229
15568	7799
11032	13459
7689	7703
8137	9972
5070	10163
11056	12266
6171	2492
6670	18335
409	15689
11212	13846
8566	11263
6163	6765
1023	14302
3894	4261
16249	1673
6460	10941
9348	4896
6496	9298
1116	16148
5312	290
18377	4806
13331	5515
12726	2460
18076	11046
14804	5163
4886	15899
6110	9639
14603	3083
61	15458
3928	8889
8545	17161
13493	8182
14493	222
3670	9560
15166	8349
5169	15881
17493	12407
13048	1201
9733	5550
15093	5420
14518	668
8776	6844
227	6222
3389	4649
18199	17469
4674	13692
15521	23
11872	4369
16986	6164
509	3578
14327	17333
11676	4773
2496	2416
18968	14583
2018	11638
16577	3465
11628	221
17170	4473
6642	14309
10709	13584
14919	4246
2102	12619
18450	11010
13968	7857
18883	17952
14289	9458
224	10946
4365	5830
8513	5234
12309	10819
538	2098
2278	11470
9361	17260
7049	12054
6685	304
15146	19109
15442	1772
7607	13439
18249	17321
12418	5426
16367	16391
6766	9550
17576	15468
6550	6110
7475	17257
13934	16325
15391	11299
13271	18800
7647	14064
4345	3981
1445	13760
16095	13587
19189	3822
7287	18767
373	18552
14996	13573
6445	14798
19377	2366
9604	2816
9458	11301
6864	1995
5351	2750
7204	8831
16775	1444
11869	17531
16496	15245
3234	8169
11386	15929
14491	13959
8247	268
16677	5067
10444	14347
11636	12277
15049	16760
13779	739
17153	8722
4843	6045
18599	9844
803	9391
770	916
19048	1881
9320	4682
4602	18940
14523	2676
7560	3066
11692	9723
9941	1435
9125	10065
11565	7520
3972	5133
10331	10102
16533	16985
9480	5652
14394	1406
14232	3050
968	5223
10330	11007
15959	4193
522	12105
12710	16323
2048	6834
4860	18131
13315	4356
17543	12333
14680	17394
6357	13556
16672	7124
8515	6630
10849	4330
17865	11268
13301	12684
4608	10025
11575	18371
8146	231
3378	13455
4976	14730
2956	3625
12560	14522
14921	14544
115	18688
235	18506
19188	9582
1276	2989
4276	6493
8614	18329
15103	325
13751	6942
16568	12413
7783	16854
4324	416
15367	15131
1912	4407
12107	774
12475	9859
18581	10611
8376	18727
12097	6914
6560	8547
6512	18517
2713	7494
10453	17670
12640	6606
13951	12340
3323	17877
12458	10415
13731	18690
4080	6148
4994	16572
18617	17156
5045	13785
11355	9112
2576	19525
489	3777
7220	15690
17612	17988
9262	12852
5284	17470
7327	15555
10545	8278
16708	19503
2524	5527
5764	5023
4537	15803
1318	14131
9434	914
594	41
6708	17006
14734	1131
18698	1884
14055	11685
9466	15242
3021	16086
7889	12527
7295	15846
3367	10872
4189	3992
19017	7377
7044	16017
17991	6121
17223	2544
14717	7806
10892	17794
6856	1222
17457	1208
8750	13183
11662	16109
11674	5020
10328	8636
13298	13644
1921	19484
10729	1666
14358	14521
4192	15440
16254	11465
4732	14195
1441	16958
5988	418
161	13493
18386	15782
6511	14091
7805	8862
4300	8381
10503	15488
1170	1076
8074	15543
2718	4660
18420	15923
9069	19486
19334	7499
13928	3732
8763	16729
6347	8861
17121	18170
12267	8941
12750	1403
16375	8231
9351	11623
17164	6607
17812	10398
9614	2542
15949	16899
12634	18195
2959	9734
10579	16664
10900	3093
605	17209
2126	9414
13709	19026
14260	17803
10021	16449
17079	11127
16908	15714
16919	9107
15546	12099
1032	1459
2559	1903
5393	10743
625	11946
1461	7216
13719	10875
10716	15611
18115	9357
15734	3268
3053	7383
5529	8960
1177	7271
3627	9257
2010	4005
18832	14438
7705	16021
12581	13819
2710	5710
10018	6
6713	19446
2369	5398
18872	14132
18869	10550
6029	1934
12650	4434
3712	18677
2012	13005
2146	6550
12669	5624
2681	15606
13885	16601
3668	9798
17901	9534
19344	12339
7221	13635
4782	1093
2711	12256
3199	14675
1665	9273
5901	13047
2252	14591
15282	7415
8168	13928
6293	6881
15155	3298
16696	14680
8699	15756
14435	11960
3702	12173
11344	1173
2304	3540
5603	11693
16721	8342
1990	7654
18012	7340
15026	17530
2462	8718
3204	5774
7670	13399
17132	7139
10773	10717
15005	18591
9085	16035
17714	9389
16628	2985
13361	16331
2584	2981
9417	19476
4660	16620
9769	17832
8175	12795
11576	648
15896	18575
16841	12541
7845	10710
6162	5605
16892	988
18458	5251
1522	10752
5051	18509
4012	19314
17231	12474
10914	15925
6388	15004
12427	1980
1984	14424
8660	8180
12481	2794
18970	14483
17622	8495
14257	7991
16426	784
12166	15351
999	13244
7028	4012
6824	12358
9455	9636
10984	16885
17134	18531
4473	15474
8034	19253
10860	9188
8589	5544
17157	16563
1638	17139
10386	14021
12966	6625
12325	6681
4424	9833
18342	2756
13149	13432
2441	11948
9513	14610
2313	1556
757	6934
16650	18013
1135	5093
5996	10950
11823	9595
7509	15725
2949	3699
6745	4702
8719	2246
18066	15722
9123	9713
539	5571
12353	14278
12534	4888
14638	16865
3426	797
1610	9722
13965	18357
1784	9919
9842	5626
2432	14588
17103	12016
5822	17595
1750	13725
12902	1495
7968	1652
7770	10584
18969	6997
426	12545
16800	12640
5532	19068
3096	10534
12767	2476
9327	8467
15099	6985
12731	790
4869	13682
5625	15908
2258	3518
8783	8154
1757	11560
12912	111
19180	7115
18589	5365
3884	19443
641	13506
14747	2386
13749	6649
3325	353
3124	9019
8499	18513
15165	1267
7552	18612
9145	16271
12854	1782
8627	18984
11340	17310
5326	18948
12910	10123
8356	6850
17192	9021
12449	10472
14602	7724
122	4581
2860	8746
2611	9324
11384	583
10354	9147
6632	14686
1512	6238
15205	3474
2934	4455
4800	6636
4961	4136
12629	4531
14073	12766
18203	1999
399	8332
4270	18390
17939	17463
1821	10338
13237	12562
8261	7537
3294	16106
5983	8243
7498	13985
5252	5557
13018	1338
4191	17449
530	15038
10687	3583
11637	9576
11328	18932
14047	14656
15770	3715
7036	10739
14709	3321
16835	8857
3069	2818
2491	213
1240	2134
4477	14428
1118	10150
14711	19088
12217	10114
12348	18409
14368	18082
40	13095
13869	16763
15689	15274
6278	18384
14525	5667
8402	2358
1885	16075
6340	18008
852	12926
13413	2938
19273	6332
9749	17478
15249	3421
13001	16461
12841	11369
7999	1662
313	11069
5656	11584
18534	14809
2451	5780
12072	15493
4700	13134
14288	17051
5646	16966
66	13722
8133	11498
9921	18130
9113	10166
1353	13532
10670	17171
13215	12238
14761	9903
14286	11332
2096	1470
7347	17145
16503	14478
6258	17990
15919	7366
7362	18221
6322	15145
12718	1315
8922	12669
988	2159
7718	5285
8439	9310
8218	15688
482	15187
18688	9474
1098	3561
2186	6168
6349	6874
4662	18936
18415	10377
4398	12447
2994	11054
7288	12401
4834	15597
7324	11708
15693	18142
5209	12524
5969	9604
274	14696
16776	17702
16942	4740
15001	7836
223	12680
1487	5882
6774	10633
14242	14934
4185	2334
12198	1259
13857	950
11778	15851
7155	8171
364	4540
1229	4304
15219	17630
5773	5387
579	3254
12433	7871
527	16589
17528	14555
9169	2728
10049	11235
17078	13146
18711	4940
18467	17726
15791	6526
6414	14954
11429	3200
18858	16500
18499	912
18465	4203
19276	5147
18672	14995
9537	13228
15753	17614
9627	13271
5745	5299
8103	19047
7353	17745
5855	1112
11217	14163
6936	15471
17554	194
18812	17115
9802	4565
12194	149
508	5449
15681	19480
9388	18560
14357	10382
7495	8696
6164	10987
11422	1320
2782	1301
437	12956
6890	11608
14614	12354
14915	3745
16307	10824
16537	11756
6430	10022
18284	4596
11986	19333
16572	17974
9299	6256
4001	3524
9420	13048
854	13896
835	1712
5224	18695
15969	4566
11316	9937
19064	7987
12672	9808
19238	5425
12242	2846
9107	498
10878	7464
4727	3406
15908	19124
11391	12147
5602	12397
17239	17174
18553	16698
2880	4534
1451	10197
16618	11406
9449	9473
7193	12487
13393	9691
19327	11174
481	679
8054	10138
2740	6766
10623	3493
18748	9332
8769	5874
4438	9608
4950	9610
5157	12146
18564	223
3728	13549
9722	11105
18152	15590
3603	9520
11152	11957
1681	17427
5629	6336
3023	5457
17252	6345
15424	16905
9394	9755
7860	12511
5486	11902
11740	9778
16052	3026
11830	18792
5090	4391
8431	1549
3422	19403
6052	1518
14200	6592
9315	9845
16030	7270
8461	18052
18707	11266
3987	2932
8934	2413
19028	541
13419	17169
5899	12220
6435	7184
11842	18527
19135	11648
16874	10132
14113	19387
12969	2592
4282	13489
14262	9543
4018	15560
8877	7628
80	10493
18403	11606
7156	9721
18987	567
11511	13087
9150	6029
17545	2613
4846	7331
13925	7400
14349	4026
18975	19373
18954	18920
18557	15944
11560	16330
10118	5759
18089	7127
9353	14335
17325	8630
16886	10618
9908	9804
18583	18846
12898	1368
2452	16557
3859	3111
6071	9366
4019	3453
5240	6506
11337	6614
13822	16552
17887	8780
12625	16979
11438	16383
4267	16484
3796	9268
17427	18464
14120	605
17584	5572
2385	8764
4764	14838
3531	16399
3346	2531
16897	19456
19231	1272
10714	4461
3086	713
17159	16814
13195	1004
8532	13981
19156	14318
12355	17182
12313	16699
19283	10223
7603	1853
10909	1449
5204	18015
995	2616
5677	14128
1694	17724
16657	17147
1193	10514
8547	13948
1910	10500
12863	14228
13430	17025
16610	10781
18744	12882
5125	190
1736	6883
10800	9044
14066	8354
18508	3271
3530	14083
3192	1379
8730	8148
5509	2168
16098	5666
19144	16198
7451	17217
5661	18193
76	17672
16338	17438
9789	3782
13983	12098
10157	8442
10536	12197
15611	2425
12109	2328
13362	8936
11471	16593
190	15398
2469	19106
18824	11394
2485	8104
12105	17264
2911	6560
17384	13302
8604	17152
3276	17983
9043	12984
13447	4610
13973	1719
12021	63
24	12260
12416	4529
10747	4247
5971	15932
19042	5078
6287	10508
6498	16301
14782	8051
1376	14707
790	10471
6840	6448
10140	11481
3878	17166
13222	15647
19192	16777
7264	17806
17896	6605
8760	11879
3867	13769
10431	6975
1873	16737
14522	10296
14344	937
11645	5556
18261	121
8937	15973
10524	11051
8424	3424
12541	6515
16055	17165
6998	10498
5542	3040
12188	11590
1717	9129
13842	5190
13481	4464
9001	18245
8700	18398
15080	1709
1438	14923
1392	1033
9862	14296
17870	16493
3160	4444
2517	2517
19233	10440
16495	11408
4495	16727
3162	16344
7997	5459
16998	7078
2201	4409
18343	4333
599	7273
2855	10830
8437	15219
1524	18211
4411	17922
16335	2780
19365	1453
7667	7036
8179	3859
13049	10535
4440	17679
9646	9469
3723	13697
3924	15794
19215	174
15179	14306
14473	17541
1436	316
2646	17682
9939	5709
19310	1
6577	5238
11306	13778
3468	3827
16156	16413
19328	9813
16622	6738
8434	14300
13604	10356
3583	18634
7811	8400
12045	16539
14134	6667
18478	1741
18008	2578
17318	509
14170	9832
13558	1779
11577	13978
16376	1083
15556	3815
1897	5011
14297	19383
18496	8089
13818	3835
10754	10544
4334	8221
15642	18598
10253	10095
10852	7338
7535	10042
3510	9259
3525	7636
10046	5191
1976	7638
9741	11873
17888	8387
14942	5263
3469	3735
10078	19330
7564	9407
10836	17350
7872	16308
13327	14990
18430	1952
2199	12404
15029	16270
8690	8556
17406	13842
6628	821
6360	11304
655	5129
8560	7417
7576	11395
13403	14554
639	13900
16212	3817
11584	10658
12677	7373
18248	16359
8617	11050
12851	5112
2151	2972
6684	18626
15130	11561
13227	14632
6425	15731
10780	1646
8891	14457
14530	11452
13490	14219
3776	10767
3131	14305
8262	6445
15679	9983
7937	5662
5804	19335
1347	16754
4199	13970
4632	14839
13611	3354
15331	766
7322	123
10123	6769
11526	7380
19047	3255
10693	951
9659	10269
7136	11129
1979	2684
13312	11810
8808	19481
7648	17881
2228	15917
5083	5740
19256	990
10741	12944
8352	13789
11317	4474
7318	6771
8887	11753
9633	17932
7532	3433
6906	13854
13706	8028
11656	15564
16541	5043
18426	6118
18644	17207
16456	8814
17114	16245
17205	13823
17998	11307
8311	8236
991	5267
17143	5019
6088	14218
12705	8004
14487	6333
5949	4179
13165	9990
16447	16138
7416	19032
1955	16139
18022	7606
18407	9260
9546	14077
4264	13739
11925	9825
4434	5559
18910	13002
12114	5737
11840	4866
12349	18926
2848	4622
4677	5960
13982	3360
12865	6269
11421	3804
5373	16026
19219	12563
19317	14152
1363	3492
11818	6126
4840	8561
14726	7461
8299	14932
15333	2464
8645	8602
9014	18095
1686	5583
13526	14104
11829	6093
14825	6240
16837	10831
4603	18803
19020	14618
16602	14673
10212	16976
5665	4154
180	14065
17522	2749
16328	2482
4996	8877
17397	6888
7148	2092
17560	488
14283	1761
2826	8379
10711	18536
8649	3729
10779	11156
7450	1078
18005	11970
11294	2960
17092	13132
17505	884
1017	15204
2	1811
15835	17774
16088	14382
13374	14987
12900	19542
18843	4064
3651	16774
542	9313
11042	9331
11806	8618
13614	14539
140	8216
14914	17245
9731	17818
1747	2207
2308	7177
14934	9622
2538	16422
16966	9947
10177	16667
11807	14114
1721	6974
2101	14752
11027	15540
12255	6161
10952	14577
18904	3834
13564	15562
3707	8892
17611	13535
3699	16960
16117	16738
1953	169
12249	9003
18783	2845
775	9624
17497	4938
2647	12861
2605	11474
4350	15996
6121	6806
9827	11836
7617	10344
9884	11813
15504	5646
10248	17790
5482	13035
15145	7087
9215	9017
1409	1736
15433	4267
2999	13740
7772	11539
1956	9255
16643	392
15847	8911
12732	1947
14537	13207
6503	7251
17093	10176
107	14235
6975	10895
1971	10410
13700	5415
3789	9541
8865	18869
10683	16129
1980	3990
8800	3871
3475	15754
9618	6887
16590	13812
17258	2575
2764	6852
3714	19565
15523	19498
18184	1232
8282	14012
17125	19449
13594	11150
3532	11071
3360	12012
17588	17546
18460	7692
16073	14400
1988	14887
14892	12261
10979	14085
48	10948
13556	5838
17269	16226
10772	17130
18593	9227
15905	12727
6880	11910
3003	3946
8178	6776
6177	4379
12860	15070
2591	8175
6	16147
8190	11233
570	107
18232	415
9763	14467
12586	1097
18640	13632
9032	1961
4441	13666
8028	4211
2129	10101
14548	13857
3779	17368
9493	4986
780	14001
15503	8123
11542	5564
8822	19533
18344	14981
12047	11501
16011	10693
13121	16515
173	6319
12245	160
6892	13233
15848	15834
4565	16887
14524	14582
15237	13323
2404	10008
8652	11859
5874	13027
3681	11578
4623	10564
10482	18385
5318	19285
10043	18340
12244	11973
18629	369
14687	15586
7038	6291
13094	10105
14542	8695
19314	16864
4577	12777
8308	4266
11324	3062
15632	8359
6383	14268
15993	7970
8244	13882
1795	6078
1465	16896
17191	9369
10416	6532
14489	11854
7274	18872
7741	16146
575	1199
14258	4532
10921	16870
6520	2115
15069	8647
13873	11297
7153	13501
4146	5762
16689	9537
12044	4086
17351	10719
19361	507
2203	13297
17516	17701
15	16724
3163	14896
4384	7230
4084	3743
444	7781
11124	6330
16118	5818
16733	14925
17118	5705
8268	14250
9335	5743
2792	6875
5164	17825
15363	13400
14967	19202
4262	16145
1701	2272
14291	4708
9416	15442
8200	3832
1423	13033
6652	4336
1766	16319
14190	5441
17050	9871
13154	2291
18416	2669
10440	16891
11813	12374
14579	14705
7572	3293
5121	9751
11908	15683
1646	13452
13082	9654
8498	7116
5001	10041
3095	12196
9588	13883
3328	10093
12421	18274
15168	12549
551	18264
16377	12139
17245	1628
10432	5391
15597	14217
11442	13368
9363	10519
8561	4543
8502	12714
15715	13585
2864	13820
7210	17642
7422	6909
13290	7980
11776	16334
7047	8302
2965	10011
17148	14950
15508	11102
16431	1859
6596	7222
7507	1042
12645	7276
17129	11991
12004	10944
11376	18897
11213	7555
1647	8446
15398	14069
17537	7049
5201	10279
9255	2947
19125	4214
13893	14271
13432	8763
8954	14166
3927	6949
8249	15510
13459	2051
79	2165
9181	5329
1620	19390
960	18651
14458	5732
923	15014
10229	10669
19069	607
1603	2689
5842	3608
1346	14657
5945	12276
10494	885
2704	15876
6148	4024
17064	5337
13975	17495
10522	14834
128	15674
5974	17060
8406	1140
15923	15382
291	11260
10510	8782
5751	9575
5781	15808
12633	7861
1785	17965
9474	1671
11854	13367
5113	13023
442	1436
13114	11992
17720	15634
5467	5036
3722	19301
7900	17928
16372	4747
9119	12337
3992	10972
5304	13296
7904	2725
5647	3318
14375	5311
17907	14543
5694	18887
7731	15497
14072	1381
7694	9853
11973	11044
1822	3036
17270	9532
13708	11328
13927	17602
4801	17883
14422	5741
5401	8095
16992	8001
3333	9422
7373	11806
5441	2031
12702	11220
5195	16521
250	10337
15980	10879
13380	15837
11913	4943
3299	7937
4037	10400
19124	5794
5514	15879
17413	1085
6611	10036
3153	9678
5091	10243
5686	17010
19239	7885
761	8151
18930	18166
17922	16113
15567	2138
11569	5171
13874	2219
580	159
6942	13586
11244	4920
3029	17498
2216	7308
6922	18982
12074	16274
8659	2323
14308	10664
17386	5397
9945	15526
3461	12235
16336	15636
3731	13058
12472	319
10544	19214
4265	64
11476	6637
8372	15573
6832	4316
10997	9159
17042	14775
5797	15708
2904	2779
4944	4368
15976	10700
4366	9925
17367	18714
10521	15358
15462	2332
15414	17733
8886	8853
3212	7187
6803	9330
8739	3118
572	11883
4778	12662
3602	14050
1682	2023
8558	66
7763	5165
3115	10616
5856	19216
3088	3538
13230	458
32	462
14143	8145
7103	19002
14171	17504
18278	6662
8408	5569
5637	14186
18785	989
2225	4107
16946	7328
15808	7041
11209	5781
12292	7061
15617	16827
12878	9287
3245	44
5588	11110
9677	10629
6290	977
5662	9728
6191	4554
5007	3612
6647	1142
1043	17934
16166	4844
11075	14097
16362	16162
5513	2597
1430	5460
752	16942
10054	16149
14222	6622
13846	2521
2288	9968
8765	7741
4559	18199
6000	9292
16889	16994
2161	2379
14040	3229
6046	11720
18027	2898
2937	16377
5903	10195
15206	11152
13804	17242
8348	7347
10244	7038
12473	2998
5846	7325
12832	17007
4223	18104
19296	14751
15452	1457
13799	10247
17357	8715
1400	82
2693	17137
3846	3176
4673	460
14950	10886
5426	7996
4170	17757
3710	3381
4716	15180
1702	1687
2603	18127
1334	17557
10153	2504
546	6563
14152	5354
12479	8124
13676	17507
18272	14307
18760	11314
16313	2008
2264	2715
3018	2377
2100	9885
3897	11455
5362	18295
15607	10760
969	19197
6889	8055
15250	3310
14886	2281
10010	11982
8732	19009
16111	10841
1224	7346
2596	16381
7066	13288
11711	16188
8676	16211
5047	1333
11981	3510
5187	18002
10719	18795
7878	14745
8863	17659
8472	9016
3505	18031
17399	8534
17672	3285
10412	14374
554	11820
744	2681
1394	9134
2438	13524
6136	18456
10978	12410
192	9540
16855	15702
15987	12408
14146	12945
6169	10744
6412	13780
11064	1783
13806	4931
6747	18027
1579	12660
5741	14816
3330	18841
15629	14353
5905	1034
6948	18157
15971	907
2921	9733
352	16310
18848	3302
17489	15096
7216	17795
10650	9140
18327	8333
1249	10109
14445	13856
15464	11669
1917	11625
6095	6664
18483	11393
241	18641
11796	6281
16145	14831
2988	3616
6691	2829
10641	5162
2463	13329
1991	16670
4305	3684
4229	15726
18780	18110
13622	17302
14581	13757
3588	11901
415	2005
591	2191
