17476	2353
10718	4226
19769	10870
2131	15359
7680	13819
16498	14349
8275	8211
16684	15343
19463	18325
14486	8565
7364	22
4077	19756
12800	10104
15316	10186
12739	12417
10232	13605
2321	12555
18619	17528
5154	1542
11004	6805
16731	4994
3325	12031
6960	9061
3032	7696
2681	4482
8063	18357
867	2884
536	10967
8225	12566
19369	4471
160	7354
5932	7856
14872	4654
15087	8886
11493	15765
19401	15959
9973	14851
13485	17403
5759	5139
1879	6911
16555	12430
5805	2471
5826	775
13871	14914
19518	4245
3411	16282
9892	14951
7432	14252
10969	13252
16317	6277
6984	3955
11421	6146
3385	722
1237	11359
15922	4147
18016	19473
1259	17141
7493	6730
1493	4753
10592	13047
9572	4298
3838	11697
13556	6742
11305	3495
13832	15089
18199	1666
18434	14814
2200	1265
5475	3416
4136	7170
8873	9175
11529	10530
3748	3233
19306	6583
11047	12227
14470	4352
18064	766
7018	16456
10383	11384
9639	4608
11579	6258
12585	14049
18224	7906
6194	1435
14941	11950
5299	7796
6773	1034
14350	8838
19303	9956
6861	45
2912	3257
1782	8194
18668	9354
13250	18669
14252	6681
5460	1051
3594	6948
17039	16598
5285	1902
15012	1406
2305	5929
4079	4015
9720	2331
2372	5705
2672	3279
6641	12973
1465	7441
10136	14640
10962	4004
1302	17473
1194	12188
6652	10
9601	8354
18498	5112
18801	9642
5990	7496
4661	9691
493	6563
17915	6491
11170	17029
6084	8632
8792	198
15406	8489
5402	2398
16337	1895
6199	16752
9022	13269
16931	9597
1849	16252
3914	15205
16404	12630
15938	10160
9874	9970
18571	912
6522	8029
5667	1940
10602	8313
11438	12651
12949	6739
6821	2959
4124	18830
12448	15976
5300	8588
13523	15560
7730	15168
10140	11392
10824	4295
11256	14642
18274	16078
216	15525
14709	6358
13722	15608
14158	12772
19586	2441
18449	7878
878	12156
5240	460
12974	14420
2424	3001
1588	5308
3036	7717
4394	2989
8044	8101
9222	14570
12976	6441
6718	8582
19013	8147
9058	979
5832	8261
8191	11634
12762	2506
13293	12843
9780	14474
1643	18048
18285	2532
4550	17307
6783	1519
9098	13896
15424	828
2511	5626
4017	2164
7214	7442
14121	8461
12439	13570
16227	10743
15642	14717
2330	12734
7791	9174
15378	17303
17331	8419
17985	6379
8075	9151
16897	8268
9086	9019
2000	1321
17525	256
16518	21
13456	12376
7594	8293
17118	1872
18923	16565
14134	7463
14461	8972
5452	14466
9215	1407
854	15363
151	12790
5143	12448
13560	5173
4119	14406
8754	13100
6911	9517
10347	4558
8147	18482
13141	264
11080	8602
7394	19080
1653	4029
13207	7140
2649	9748
13805	19527
7281	8962
767	7786
6221	1127
9144	11367
16171	8821
19494	7050
7519	17477
17278	3019
1800	4854
7009	8839
7754	10454
3792	91
814	17488
1620	6718
4868	13159
13196	2670
11206	15878
19732	13134
11093	18497
9846	54
5943	10128
14763	12983
11153	8002
17840	1919
15163	9064
19614	5917
19792	750
11882	13168
14387	8114
13337	8433
12433	17187
18869	18486
6273	13779
7717	1522
1765	1006
2945	15137
18657	1825
3552	4738
11309	1599
10767	1948
2457	19232
666	10823
10574	19575
19457	9739
9244	16618
12307	11658
7572	3224
5031	18995
19608	2769
5260	11471
15213	14968
15552	10994
4273	6821
4459	15484
3767	17542
2832	18223
12843	15442
3597	15775
309	15407
17772	7529
10223	5718
12175	14488
17679	5204
13109	5756
5102	13808
13539	13786
566	13317
17034	4825
8480	14439
1545	5461
3056	12965
6470	3071
15337	12861
8650	16785
7806	13144
13786	4769
13807	16355
719	2296
3663	10053
2027	18180
18911	7614
8292	18318
13894	14726
3238	3470
14615	13560
16344	17405
917	6938
7254	10588
16516	12184
12855	4619
16565	13989
2422	3979
862	491
9855	14131
13779	13218
13624	14115
4307	19217
19020	18578
9293	244
14531	11627
13613	6837
638	12969
17784	7014
13218	12967
14568	4653
8548	8524
991	5421
15957	5231
16268	9201
11285	75
2626	11525
4907	1274
12812	4389
9226	10765
19714	1192
16530	7085
5054	15200
11538	18679
8457	2125
19433	2751
13983	11443
5343	11105
10093	16774
3188	2470
18360	13873
10608	6709
12308	4687
4314	8188
8003	6833
16646	10286
14368	10638
2655	10237
18522	803
6459	1678
11883	13528
3294	6728
305	5565
3129	2058
7661	12432
11589	3659
7147	14111
17425	12069
4567	2445
13491	4787
5999	6444
18148	14868
679	8673
12262	17635
5563	13223
12737	18805
9726	1018
17451	5743
681	16069
11550	19305
15399	11527
16615	19361
13007	5616
18421	7705
1332	5098
5263	8802
3668	11798
3895	2734
6825	16102
19445	11358
7535	11126
2642	4103
16148	16708
12896	1929
7763	18466
1047	6875
6223	4302
15128	1838
3585	5031
7136	459
3966	13031
19656	15606
11507	19521
5870	4464
2872	7422
9539	4545
9520	13682
19174	8717
3318	11727
14543	5737
6533	6489
2599	12603
15502	561
2886	16250
8885	7615
18062	17463
11110	3036
4286	17865
2745	17082
9478	4976
18051	7758
16661	14952
16758	8075
19029	5520
6616	5132
3037	7949
11162	757
13738	11239
14241	11017
462	4562
10769	10962
8520	12146
498	7855
12059	3326
15631	17097
16001	4115
18053	12868
2474	10741
16871	9638
19145	11613
516	4839
18101	13006
4376	19346
5274	7454
12083	16284
8386	8137
18286	15599
3447	19070
3806	6939
18745	9594
10039	2601
12921	12702
15632	945
19612	12800
9705	12558
18706	19571
13828	18134
18552	582
4331	7576
1907	8280
11727	6427
5060	19200
12616	18873
3797	18353
2827	4252
6885	7325
15844	16068
6234	8408
8390	5094
6364	3928
19211	8721
10135	13613
2323	15974
17082	12525
10159	5009
18289	12582
7217	19608
2358	11188
4516	8397
18382	7222
1955	3712
1024	7289
9822	18241
15228	5957
8935	13834
14690	17143
13365	11688
16438	12502
7978	7283
14480	16517
19613	13079
3899	5026
9385	10051
12721	14047
15135	5244
4249	11461
8932	17377
3	11364
450	14612
10868	19187
2438	12194
6109	10314
6208	13075
3029	17720
4036	12936
11963	6754
4361	3518
7735	7134
3285	14200
12075	17733
12680	1465
13091	2534
9943	2338
14925	19742
3007	8735
11472	18720
6180	12549
17026	17042
16636	11880
16751	6078
17479	11435
16178	11610
740	4390
19474	9424
5354	16921
10796	2147
13851	18390
8691	3277
3454	247
2126	8662
13681	9562
11287	12761
7559	734
11724	5350
4003	12414
10667	660
14000	18606
14931	8206
12612	17402
9054	7439
4657	18228
13631	2598
2908	7343
8335	7100
2370	2794
16333	2620
14359	17673
7315	15550
19100	16055
3712	18886
11496	859
12912	19538
16584	6144
15842	18057
14656	7385
6895	8959
10010	13955
7451	15660
18278	5531
18786	10902
10269	13588
15603	9298
18700	3360
8513	13013
13235	3795
13710	7141
2976	5859
5912	11945
15120	8223
7609	18636
11076	12658
2965	13021
12993	15993
4832	7704
1701	13104
4984	3335
3250	16947
10501	19182
17710	8044
15474	1000
12003	12405
3189	9104
5085	5999
7317	5018
16517	5759
10207	3033
10094	17712
18137	6309
18073	1044
7242	1180
372	18937
10680	15505
4412	2380
14211	4529
13377	14225
18185	4901
18142	2552
8263	2496
7986	8041
1095	15181
7327	9418
11926	12619
2732	16580
11199	2251
7545	19078
12099	15106
17969	11626
3118	16124
6993	15275
9074	11402
5250	2256
16050	11614
17581	5389
3147	1830
18280	15841
13319	6183
5481	17498
7900	16840
18937	547
17265	12719
15793	11964
3802	19574
2888	361
284	19537
1806	309
7244	17739
10866	13731
14224	12126
15777	6918
1617	217
16353	12836
1682	15797
8938	18195
9276	11365
7383	11511
17037	15332
8619	8714
14786	17505
14085	17569
10565	18548
5412	13669
2804	11693
6024	4005
9772	13095
4131	15320
18406	17898
17878	4699
16389	8407
4806	999
18310	13434
19415	9656
10772	10687
10597	12201
1651	16368
14530	8300
10873	11532
9771	8332
18451	16484
18399	14095
10337	800
2433	9686
148	49
8369	11852
14262	10755
6242	9001
17332	12419
7471	16167
18178	7277
2293	8783
18308	2228
10171	10014
17008	2777
13430	17037
18448	13855
19264	19712
13943	8840
9863	11115
1086	7803
4324	19568
2813	6789
6477	8189
5103	11788
16203	12260
2097	6531
19516	12362
821	9034
457	18728
2727	19242
3496	5390
4149	2860
12613	7426
18613	6338
9586	7022
2278	15483
8502	18929
13243	4001
6978	18056
2993	1785
17335	17066
1690	1221
19104	4615
11461	18248
19320	31
6720	4568
10488	6957
14831	3874
15738	17529
3216	12251
5651	7933
16367	17562
3784	4248
13921	14271
11098	3592
3177	11215
4054	2574
14876	16538
13549	11092
15647	9718
15841	5464
13315	118
13639	5711
18577	16408
16807	4814
4811	18087
12807	15563
15028	17988
9873	3564
12959	9214
13621	297
2715	18001
19423	15519
14234	11290
3680	5634
14076	8685
13404	6104
17478	190
6545	3747
15509	6525
13782	15655
17113	15204
2589	10005
15661	16899
1191	3875
2328	2367
1639	18963
9240	13457
8634	6639
19233	8229
1776	12152
13638	1880
17964	10821
3085	11050
16414	4346
15123	3254
2648	17308
4475	9467
6369	18796
16223	2978
7177	16270
1124	9971
17859	5589
5281	653
17370	6934
14493	5424
6185	10664
2616	16334
4903	1746
15888	14849
2280	12694
18538	10166
13017	4547
13253	7391
5541	7912
16852	16150
16059	9514
10487	14894
12602	13535
18047	12157
15685	9127
19593	13236
1618	11391
2225	7214
13449	1166
8069	19214
10245	7722
5364	11584
4989	19773
17086	1295
9674	10716
15625	827
15343	16670
18863	15208
458	826
17521	6189
5184	11143
5406	18177
14856	18818
16857	3984
14246	2373
7473	2495
7501	10397
4858	11671
5246	10562
19576	12177
7814	5730
2034	9282
13678	10805
11085	14832
5336	13440
17187	6314
15521	9040
1725	4894
4978	2842
6929	8455
4632	4766
10937	18387
101	354
5537	12228
15724	2335
8013	13217
13325	15286
6026	1003
10211	5510
10634	14543
8025	5054
2768	4537
6869	14198
10152	2439
8438	15872
18527	11276
11385	3089
16953	14686
15800	13088
8918	948
11642	18013
11283	5998
18581	13447
9948	9786
10757	17293
93	16254
19718	18865
19671	17149
18592	8007
12765	15716
15161	11211
16430	8465
18758	4875
6894	4600
9782	15242
3012	4285
8244	960
7234	3142
4772	5624
14556	7020
7647	19183
5685	8907
161	4725
10240	4049
12104	17127
15403	5826
17933	15227
11684	9936
12373	13183
4786	1410
1778	17638
15142	17044
12013	9339
13986	18750
6465	11837
17817	18582
1117	4594
2103	3190
832	7425
7166	19018
12898	19013
2506	10344
2497	17516
7186	12577
3904	3743
6036	2867
5838	5638
13333	9420
36	11526
18109	7545
700	9948
7793	9048
6306	9479
11552	10878
13364	18900
7917	24
2119	13475
12703	11953
5061	4612
12115	16087
7602	10708
11952	12993
8785	790
6853	13268
944	13376
946	18760
10750	12543
6737	1862
11702	2238
15883	17632
14399	9671
5608	789
3805	57
8216	6853
19133	6302
19137	15666
14385	17107
5482	4135
19364	17629
16386	227
11055	18411
4639	7119
17827	13022
9899	6652
4362	11939
6293	9404
5166	1582
1228	19020
5307	12862
5588	14340
12614	18396
6521	19663
9260	16400
6687	1787
2343	15857
19285	6140
14016	4872
14668	5795
2566	469
17790	17406
2310	18831
16293	14668
3418	5670
13151	2303
19542	2945
13500	2923
12354	8386
17027	13775
2164	12305
15758	1698
11971	15147
6595	10611
357	3094
14748	3881
9110	2211
5270	6680
1823	9755
19666	14877
4593	12092
15119	13029
12266	4745
17903	11279
14077	13147
18500	5955
13674	10767
10038	16304
7295	1499
16115	3449
8549	9355
19428	12487
11349	17748
12289	7215
988	7641
11043	5529
7002	2472
10806	15897
17575	12660
7860	12578
7626	8384
19735	5906
6491	17027
9684	14087
3470	13152
6879	12468
7841	16940
9264	921
1420	5397
1087	17117
15921	9810
3313	9715
15662	9072
16294	6828
6876	7795
18400	8176
11372	11648
16738	15325
19082	10535
1494	4360
17348	14328
10913	7827
12756	1891
14464	4261
7104	18101
3682	9506
17637	14150
13139	17357
2308	7282
13732	229
13198	4317
17258	19050
14072	13706
16442	673
13332	3675
14226	15834
2815	12380
4450	19033
5632	15472
6917	1551
8993	5045
13387	4959
2191	867
3031	19262
5859	123
5924	5953
18307	13983
985	8069
10908	9294
5839	1484
14424	7753
15909	13215
9258	12320
3103	5820
18408	4962
10865	3248
8697	4205
7634	2101
17472	8525
13781	18433
5777	13365
10216	5286
10628	2617
16779	9317
4754	2566
4091	16288
14795	6187
18390	7068
15773	12906
3102	7294
1714	4857
9346	18538
13978	15386
5023	3490
3166	6401
1865	13462
18558	8900
13850	17512
3211	19222
16576	1549
2099	12646
5566	16710
15047	18784
11045	18234
3588	4428
3956	2295
19116	4841
14821	12974
16234	19708
19191	3545
10333	12471
15707	16318
6631	18682
11920	8759
10609	9204
4953	10542
19455	97
17588	1279
4301	18652
3627	17887
6507	11108
18854	15234
1816	16832
14079	612
18567	8140
10426	13335
3200	4242
12458	17310
261	19731
6300	179
6367	8901
1739	1297
10368	5966
91	15933
4962	2339
16940	12759
14997	15530
16197	9626
6355	5979
19008	6242
6088	8175
4342	16169
7484	8764
10315	5805
15891	17526
11948	5
1946	9926
1537	571
11556	15306
13269	13791
3109	10901
3087	17533
8606	10027
7872	16837
7998	18439
11052	3351
4618	15996
5279	17171
8573	16356
10460	15547
6430	420
8768	18640
18563	3631
3614	12752
15669	9529
7694	69
11369	5703
8145	8021
19135	9606
3125	5899
3213	210
16459	8289
10421	10624
9302	4991
4438	19421
7690	15283
17235	17568
4983	9778
12411	7588
4256	1153
8990	2999
1669	12773
9112	19131
10294	17601
9966	11698
14312	7076
949	765
10217	19768
8422	15815
13526	1844
16275	5379
8186	2055
4617	17354
15095	2207
474	18584
15118	16866
611	1912
2001	19541
7651	11261
3246	12345
5099	10850
12340	10473
16870	7443
2505	4932
11297	15671
7671	3688
8728	10362
3008	6380
16950	2960
9482	8504
17233	13488
5353	13184
9735	142
15892	12922
11140	14285
14242	11072
7023	14261
2863	4942
17184	15867
2361	7153
11214	2322
9794	8310
13298	17933
94	15934
19118	5458
4763	18919
6285	12401
6748	1405
7908	19230
5129	10316
16163	4194
3453	15423
4547	1837
3442	7161
17836	18250
5569	11702
1780	16684
16561	10269
7427	11710
11742	5590
6723	15314
8315	17523
7488	12339
7601	4444
6551	9293
9917	17325
11897	8409
1599	11251
12480	7668
11940	4523
18964	706
19315	12009
5835	13173
1534	5185
10330	14325
3548	1626
19734	6493
8624	15992
13575	3491
17669	9744
14478	5116
13607	18240
16335	6895
11041	1105
14147	4702
4613	12002
8557	8292
3546	19074
6650	9835
10445	1511
14961	19438
2887	4442
12676	18306
1021	5093
8753	11454
15527	17430
707	4140
14145	16677
10528	16739
14726	10335
12653	7598
4789	12497
9024	17874
6811	11459
3945	9752
5062	10341
443	380
5513	18131
9041	4930
10121	15788
1761	5264
4704	18391
19449	3951
17457	11695
13705	5739
12908	18336
5995	10117
1603	12710
14582	4975
5744	19693
5430	9147
19590	13348
15740	2437
7113	9206
6684	19576
19477	12840
5796	4480
843	4596
10724	14634
16795	716
13862	6266
16022	15178
1178	14907
8511	16257
10910	10260
11300	8600
10935	149
2109	8217
12950	14404
4706	2692
1673	10970
5649	19359
7349	10063
1815	1037
10961	1784
12590	10786
18876	5343
11506	15400
18430	6717
4942	1735
17685	6037
11236	14006
12457	7110
13809	8531
15366	2550
2373	6269
9887	6462
13282	5218
19066	8736
6073	8105
8476	12781
16273	18311
2327	12718
7775	2264
5945	7331
18896	15620
14153	11624
18799	17600
16690	1554
1273	5655
378	7507
6126	18181
11306	2183
3475	18252
8878	5554
5407	14508
925	8986
14047	15576
4360	12486
1073	7342
19147	13697
777	12287
18725	7923
4673	9766
15073	9660
770	2266
8432	5637
15917	5302
7076	19722
19796	19639
19378	13893
1512	15289
4513	7777
4631	19633
4820	5426
15482	2504
14657	17862
2743	12422
12686	3830
13035	135
8849	12335
5268	7236
7069	10405
10108	14238
13428	13170
5878	13517
14220	6541
19237	18816
3372	16326
16304	16448
14160	10072
14180	9879
13076	19233
7145	4992
10078	3918
1082	17620
9692	5411
6196	5763
11465	7127
1881	14391
9027	9260
6074	18719
16425	526
7247	18703
1576	16906
7719	13196
3221	17780
3395	6175
2187	11537
17076	3859
18492	10904
361	12632
13433	5778
13161	14220
13077	9470
15454	18958
1598	243
11016	16269
8251	10330
6961	1216
9864	6992
12046	2873
9909	624
2522	2198
639	13783
7256	13453
2346	9097
8194	17689
2118	13932
19745	2584
4401	8142
1853	6040
12516	713
1486	10198
3673	19744
924	18707
18088	19406
7016	13859
5715	12533
9753	11266
12507	13058
6538	14062
3710	19343
9265	5604
1840	3404
16602	6431
6932	7810
8268	1335
9600	14829
255	3800
12588	1706
7628	12483
16968	15257
8242	3521
8205	12007
3262	9844
18206	12444
15344	17100
4222	5145
4990	13328
5309	14798
12775	3308
17998	9516
4191	270
17135	3383
539	4996
11877	14416
5531	10785
19143	10426
16295	4290
2108	8380
2415	7122
10509	7179
14873	15555
412	3423
16825	19072
16340	12008
11610	12160
14950	17184
2544	144
10831	17060
11480	12783
11785	5423
3104	14958
17334	15931
13307	15015
12760	11295
12796	2051
439	18890
13911	13132
16986	884
15651	8344
17463	8507
12408	9453
2563	10040
15302	16426
720	9876
3963	13578
519	7184
11126	18298
6715	11784
13603	12238
12162	14358
13088	18341
13680	16205
13760	15291
15649	4916
1790	3315
9154	10995
18963	1388
4919	13656
10408	9641
17638	6085
6244	10328
12429	2261
8235	7396
7968	10633
8430	14672
7847	6985
5828	19689
4994	19194
5105	17278
14264	11550
4921	15046
2130	10907
9101	3907
1535	8329
1766	3524
17739	9170
14438	2857
11699	8947
18066	370
8446	12894
5427	2762
18887	13329
8536	3345
16409	16572
315	13818
8360	6017
6114	18770
6679	2229
18671	7133
260	2248
6933	5384
5725	524
1292	3062
7679	2491
9635	15394
18939	8698
5255	2557
9932	11079
10316	3136
15180	8960
