750
5208 351 538
15940 5688 1334
18162 12819 1632
10197 13839 1122
11900 8791 856
3850 11571 743
9313 5874 1699
13674 7481 1301
17895 1788 1334
12528 11330 1334
17583 10454 1301
10303 4540 534
17402 9873 429
14522 15275 1038
1481 7508 220
7462 11979 1106
6151 3758 804
14145 16823 1667
13807 232 163
11672 1662 1334
10871 16799 1334
19336 5504 1437
6925 8099 1038
4096 10731 1667
12505 4108 1335
6838 5785 1667
10061 16442 1667
15571 10134 1233
19135 16170 1334
13663 11332 1334
349 23 1667
16147 2615 1334
11312 12352 1667
508 13072 341
13565 970 1667
11083 3342 1334
1922 3852 1122
1816 16523 1334
18899 4185 1382
14631 2606 1301
10315 1150 1334
14080 1622 1667
3128 10514 1233
10085 17038 396
3392 3862 1334
14752 13068 1570
1583 10927 1334
17868 9681 1481
2140 12018 568
2826 5393 375
8776 12420 1667
7230 12520 1233
442 10850 1233
15277 13768 743
14180 5800 1667
7642 6821 1433
19361 2857 265
15118 12434 1667
17687 8823 1301
5077 4599 1318
4316 10221 62
15131 10844 1348
9589 5458 1667
12405 13549 1551
6667 7244 1667
15158 6860 1451
2843 8328 19
9574 18503 804
539 8980 1334
19192 16080 62
11408 6411 163
8160 9830 582
1724 11190 1667
14847 16874 582
6285 12200 1142
14016 1581 1407
3207 12822 1433
14696 10589 1373
14110 1621 1667
18613 10897 62
12798 13473 1233
5006 2247 1334
16842 3782 1334
7731 2131 1301
7742 3575 1667
7071 7613 1667
13350 9112 1334
15938 7293 1667
18463 13177 1233
11782 6661 1334
2501 17978 876
1511 10838 689
142 15682 1667
593 710 1644
13031 16897 1667
8306 7450 1667
7860 20 665
11798 11206 1667
9438 16868 1334
16572 16122 1122
842 2550 995
8801 3304 1140
17968 15143 1461
15338 13042 328
142 1533 1334
18069 8415 1001
18793 17411 1667
9654 13114 1122
2811 17282 745
8574 9137 1233
349 2240 1667
3680 18403 1272
18701 16724 788
1781 3156 1667
13577 7819 375
3292 9400 1361
12641 4222 146
13926 9666 664
18959 10363 1233
14843 535 1667
5248 6952 1667
7835 17726 1667
11445 12227 1334
18561 16307 1639
16612 18875 146
12884 15150 1334
17063 10051 1334
2599 6845 1397
16702 9033 1334
13853 11994 396
7802 409 1334
12709 18063 1667
12961 8533 1122
15443 293 1334
2096 4275 1667
2658 12159 1632
16904 7958 598
6992 17560 1065
12188 6710 1301
9333 17135 1233
796 1127 743
13464 9701 222
1890 2694 1334
11123 7020 598
18925 10775 1233
10320 1139 1334
473 15357 804
3659 9387 1038
16409 7152 890
15029 14499 163
12930 13590 1122
14569 16965 804
12188 9486 1334
17788 243 681
3819 2962 1334
18211 18713 1301
14254 9438 1334
18448 2820 404
1170 2167 1462
3686 15909 467
10724 17508 822
8830 8840 647
8221 17917 1667
7972 1445 1415
1166 11792 483
7202 17375 1301
11997 18917 1667
17029 9530 1427
8228 10341 1667
10127 3449 1334
8382 10180 579
7244 12714 1667
8546 8945 1406
14019 15329 1334
13811 55 1334
10767 5062 1301
14231 17228 1334
1145 12428 1667
1293 11327 1334
6661 8954 824
2876 7148 743
2429 2917 1667
17297 15892 435
1278 1804 1301
8920 110 1122
12540 18650 1667
14994 7721 1205
13919 13074 1334
3231 14587 1699
13862 10919 1334
19028 10136 396
9596 10470 1301
1911 14270 125
4307 18091 730
532 3478 927
7672 11596 1231
1420 19261 1667
13637 45 804
15540 1151 1065
7976 322 1373
2029 1030 1221
10347 7989 1180
16046 6771 1065
5967 3369 1667
17590 14206 804
186 7407 1334
4383 1647 1334
3036 8377 743
1963 3223 146
17618 9260 1667
6035 18157 1494
6220 15011 1038
8057 2614 864
11259 16510 1413
240 1240 429
7212 10925 582
11384 1475 1150
14146 10574 388
15026 3684 375
13728 4788 1334
3248 10794 1564
6686 11062 1334
18831 8846 745
12330 17672 1301
19103 9675 647
13068 5496 1030
5814 269 1122
9554 9913 1361
13931 16620 1667
19087 902 1334
18643 17267 396
4247 2185 1667
7608 13936 1334
112 17029 1437
10509 2327 1334
10767 4652 1233
2819 4397 1221
11409 493 1667
9469 9145 1038
5397 7702 1301
18706 8355 1334
1747 18223 267
15897 3416 1602
5558 15462 1334
8336 16221 396
3289 4489 196
6667 7244 1334
19223 18689 1207
13120 3456 1334
16735 17836 1334
11016 4902 294
6165 17180 1334
9856 5409 1667
7835 4908 1140
11004 11004 1064
2374 12903 1266
10574 7869 388
12277 16994 1105
13775 15144 1334
5162 4558 1334
12432 10763 1140
5023 17636 1644
14031 12032 1334
18803 12437 1667
3753 2232 1667
8448 6751 166
14224 17275 855
10123 9371 1301
2481 6087 1667
12990 1333 1270
18994 2896 1667
9760 5752 1038
18995 2483 146
12655 15129 1334
18243 1052 1334
8205 16347 220
16946 8513 435
16011 850 1343
7930 17497 313
5387 1306 682
5602 12284 1667
9901 1804 1334
15815 11073 1427
1982 13351 1334
5235 16469 146
8361 9829 586
10814 14702 393
13031 12447 1334
610 1928 146
9322 15894 1505
2550 4690 1616
15633 17487 1334
14720 7023 1175
7823 10769 1233
13679 12419 1334
13361 11163 1106
4795 12201 1334
1117 8217 1221
12258 5782 1667
2633 12275 86
19072 11137 1233
17118 9487 1667
877 13688 1289
13315 3733 856
6628 17163 1334
15521 3392 1334
2560 15754 1233
18751 13159 1122
5810 1321 1334
5590 5343 1301
10223 16927 1233
11322 3048 429
14900 294 1667
4933 11395 1667
15543 15490 187
7753 7802 1667
9847 14717 864
1185 10022 505
10589 14696 793
7597 2333 1272
9370 3400 1667
18757 17742 1334
13723 19200 819
3853 13888 1334
7647 4190 664
17022 268 35
9510 16957 1667
4411 6777 396
3958 665 548
13963 11261 1291
13679 15033 1667
7257 258 1231
3061 2448 328
5413 15980 1334
9386 10713 1304
812 2658 1465
19238 325 1667
9359 14995 604
15149 18782 1233
16696 6051 1667
8154 16456 1304
6542 17583 1667
4849 15594 1233
18900 17983 1334
7017 15932 1654
1743 9596 1301
5322 10065 1667
8661 6596 1667
4744 1198 586
1465 3953 802
15052 15659 1348
18306 13476 429
15204 12388 1546
4770 3829 1667
18598 16578 1667
418 9709 743
8231 17596 682
5438 7878 1334
16141 13525 429
3427 14156 1667
13283 15138 1632
13966 11523 700
7403 7575 1437
9322 7869 86
7244 3749 1233
3285 13034 1334
23 349 1233
7683 7274 1427
4795 759 1334
8358 15661 1334
2255 3342 1667
7296 4835 1334
4013 15185 1667
11451 11276 294
5249 11969 435
6732 12191 689
3923 3363 1334
358 2638 975
16471 9033 1301
10169 6203 1301
13818 16392 1667
2760 3289 1213
13302 5006 1334
2374 13486 1428
12327 5006 1334
1150 10315 1667
15347 3796 1301
5051 7896 604
2089 5624 582
13332 2494 1667
5614 3749 1233
18889 16774 1035
6771 16046 1205
15368 2083 1233
2797 4538 1301
8047 3625 1334
12187 3894 793
5059 8189 1415
9508 5509 1122
5210 3356 331
14085 18288 1667
13332 13993 1667
2269 18211 1667
15941 1014 1667
11626 7709 396
13573 10939 745
15254 1312 1301
7943 10284 82
14368 18893 1458
18879 9644 1667
12090 11771 521
8878 13396 1334
18760 10095 396
8226 11640 1415
12975 14439 1334
4397 2819 1427
11256 7624 1667
16728 8404 1334
19246 852 1122
8753 12276 1667
2781 17546 1494
17011 6858 1270
7310 17354 803
635 2374 1216
13679 10266 1334
14598 2206 1216
11149 5660 1233
4553 4558 1334
8682 18762 146
5299 2590 1140
11138 10431 1427
2431 3905 401
9118 16221 1122
4154 13910 1667
13262 4934 927
13660 3989 1334
5614 13635 1301
3351 9052 1334
1460 2569 313
14960 9516 1667
7796 6128 146
1511 2148 1634
5460 17921 1334
15613 2181 1233
6259 3632 682
10709 12102 396
9554 558 864
7860 3611 1233
18719 3372 677
1663 2200 1140
4147 19146 1233
1103 8954 1667
6399 6526 1667
3035 3608 1122
10109 7950 1334
1182 954 1667
6289 15219 1667
3698 12267 1667
2475 13930 793
10016 13107 86
18496 159 1301
9708 2801 1334
12750 7052 1233
14109 13940 1122
11495 3451 1667
2198 11052 864
535 14843 1334
18593 11945 1301
12003 17469 1233
5245 12998 1667
13743 9122 1667
15164 1030 1437
13910 13011 1334
8716 6449 146
19090 14284 1667
2896 18994 1334
17599 8549 396
17898 18499 286
17814 14704 831
1454 1330 576
18395 2401 1667
6162 18800 1272
6701 4317 1228
3471 11654 166
14404 13635 1301
5446 18100 294
15889 1767 1122
18150 5242 146
655 11998 1233
15817 12457 1044
1423 9363 1272
12948 18157 1427
14640 16921 295
9701 13464 1407
5621 8176 1667
15287 7436 1667
11016 10611 864
11243 16175 45
13181 18758 1667
18211 14404 1301
18211 2269 1233
11926 5376 879
3098 8795 1373
15829 12747 1044
12762 1354 429
3533 1383 1301
10878 4919 1418
17683 19208 780
4337 6380 1546
2738 801 1038
12352 18598 1667
10078 6119 1334
18579 3893 294
16056 16056 335
16947 18718 396
4911 14286 537
4538 4976 1233
18992 8612 219
9226 4717 1406
10110 12002 1360
13269 1000 220
9677 13338 1301
1776 16787 479
18044 3498 1667
16945 6851 146
1818 6613 267
9049 6177 1667
12526 14716 1334
9660 18041 1334
2044 17000 1038
12258 4203 1334
18589 829 1334
19359 15914 1334
17574 18876 1570
18434 10669 604
16655 18794 293
11274 13479 1334
657 5007 1406
7839 2048 2
19110 17615 1252
18534 14220 1667
9352 10646 187
13506 7815 1272
16305 9238 196
18928 2303 1301
6040 8339 1334
9751 13478 429
16735 16756 1334
14317 3796 1140
8218 462 80
8550 18328 142
7887 522 804
19135 16170 1301
13870 3199 1334
16964 5129 1233
2629 8609 1334
2825 3024 1304
6732 7881 1634
3514 5948 1334
13934 4759 146
1428 10621 537
11922 11922 1658
5388 8994 1634
9009 9010 1667
18192 15677 582
445 355 1334
10781 5104 804
7265 6141 793
18891 16276 1213
9828 9981 1667
9816 13701 1030
9152 11168 1463
8824 8939 1334
3843 16485 1334
3578 18357 282
11312 2121 1334
4011 12928 1667
9879 13730 1150
18173 337 282
17457 5463 1334
4187 19121 1228
8594 13754 1030
8176 11384 1667
2551 13349 1233
2232 16296 1334
7815 2059 1272
12017 12727 1667
539 8980 1233
18340 14519 429
18790 14598 1667
7433 14874 1334
13973 13973 335
18312 1856 1334
9371 10123 1233
7697 3815 294
14325 9445 664
13972 19306 1334
7697 12181 1531
13383 16520 1301
9853 8962 1338
17754 4765 1065
11227 12114 1334
3843 9040 1667
15682 142 1334
18009 6413 1334
18176 418 150
12304 577 1375
4617 1103 403
4476 1325 1334
16288 6124 1334
17297 16528 1433
9089 14689 1334
10203 14300 155
9633 18706 1334
11444 14090 1334
14090 2958 1301
10397 3968 864
15927 5492 1667
577 7909 1361
14036 2360 1233
17341 8947 1233
13248 6872 804
17390 9112 804
6686 17324 1233
9824 15072 429
1593 16184 1334
16466 11173 709
5664 4074 1524
13044 13044 1540
11334 5535 1334
14983 18454 341
14827 16607 804
2627 4311 1406
16947 5301 1122
12304 16939 1531
1998 6483 146
18190 8328 1667
15679 15826 525
1516 17575 220
2768 7397 1667
10223 16927 1301
13287 7216 1667
4129 14710 1334
10618 12501 1433
8953 3285 1334
12183 7321 222
2326 3361 1122
4770 1023 1667
6418 10548 1233
3178 18095 1334
5263 7892 1667
3578 2791 1334
17504 14102 1667
8934 18790 1667
15567 15372 1334
2729 3272 1463
2383 13805 864
7697 9546 1375
8205 4325 220
9495 19197 1334
12963 9847 780
202 18233 1233
17439 99 1667
5207 8301 700
10241 1102 1301
5037 3486 1667
16670 18274 1471
17345 3665 1667
9711 12797 1150
18424 10174 1334
3248 669 1667
7489 14533 804
6343 9231 146
10944 1041 1334
4864 17225 804
17936 18499 286
16785 3955 483
11519 402 331
6613 1818 1221
18136 10314 1301
18932 1097 1026
11764 13922 1334
5608 18406 125
9073 8570 1667
3314 12720 1334
11578 4902 647
14900 11875 1334
9901 10769 1667
6557 6225 743
119 15817 626
15061 4140 1233
9803 2642 1334
9612 4578 1667
14097 12205 1427
4074 15490 1465
19232 4593 1667
16094 16390 1334
12315 13116 1667
7394 3131 1122
10993 3808 1207
16384 18534 1667
17372 11973 1667
19297 19022 1334
632 13079 1334
549 14791 1334
2781 5894 1301
9677 12720 1233
699 2524 48
6614 189 126
3712 9057 1667
18046 3717 1038
2609 11490 1667
486 17086 582
6559 18626 1334
6443 11916 1334
15644 9881 1667
13676 13552 1334
16696 11384 1334
6192 18713 1334
14125 8496 1140
7721 14994 1065
18205 8559 1667
10124 3784 248
6688 11188 1301
8196 18876 1213
30 1392 1270
11903 13754 780
2538 17533 1667
7470 13473 1233
3290 13794 1001
14622 19287 1122
3732 1572 396
11125 2551 1348
14658 11898 1038
11184 3416 1334
8823 10022 1233
11998 2631 1667
2551 13349 1334
2539 3675 804
4031 5411 1334
61 17842 1667
15916 17265 804
4681 11047 1038
4208 10754 1334
9072 18433 146
16591 18895 1334
17977 2282 483
9638 5902 1334
2658 9797 375
16596 7562 1205
