374
10901 2224 1633
4701 6283 1669
13852 4182 952
3386 10821 663
18812 17588 397
2874 1544 1052
9537 16513 1052
8661 6831 1355
3413 12445 1651
15051 1533 442
4108 11629 1389
5582 15176 1484
5760 17120 693
15213 18572 1091
7330 7156 440
8067 18997 397
10131 10131 1091
14232 15219 1052
16480 7902 952
10998 3624 212
8242 16771 1198
2985 13606 720
849 3178 1290
14168 18279 618
16711 7175 1091
3982 7008 131
16906 4676 442
2039 810 364
6480 16969 952
6462 15188 126
14450 9023 1533
10440 16499 1198
19350 5840 952
18315 15750 558
1831 17321 1664
6141 14074 462
12740 6160 1525
6828 10189 1091
19235 9579 618
15047 10839 693
5052 445 1525
13567 12028 442
17038 17926 1206
15081 16068 1198
2386 4001 1117
14360 9693 1633
2103 18062 695
10784 9755 788
19192 19339 397
19368 8540 693
6462 3212 126
8491 10054 867
12235 10381 1389
7090 13553 1052
2014 19034 208
4181 58 695
17458 1621 1052
7909 7909 389
14556 2773 1664
12309 11794 1117
4282 19150 1117
2332 9067 1589
1151 4535 1052
13075 8765 370
10924 3546 1355
19150 13584 1198
10320 9797 1052
2346 2346 618
6264 14104 1664
3713 6090 1651
9984 5443 66
4772 847 666
18947 2947 1198
849 12318 720
13337 8787 1198
15094 16812 952
10056 11814 1362
11069 9724 136
400 2738 1052
637 10527 1389
18315 13040 558
15466 14355 1188
9452 9818 426
11542 6833 784
7489 8596 177
3249 12697 1052
14153 570 114
2559 112 1198
11561 16488 1052
6795 3010 136
13193 352 1531
5885 9420 325
15624 15624 411
13718 14722 1062
11515 1769 1279
2973 17555 1052
10890 3962 1091
2559 743 1198
9314 204 720
15967 5501 693
17221 5459 177
4719 11651 1198
12862 6273 952
5576 15709 98
10155 12981 1567
11116 9367 1300
14873 10134 693
15537 10354 442
785 12309 512
4169 15716 1209
16878 8546 1198
11954 903 952
13446 4689 1062
19283 7563 1355
1232 12821 177
5180 11889 1198
2254 10357 1062
8767 3439 114
3753 15341 597
4858 7088 1484
10062 1946 177
17711 17035 689
3772 16625 131
1831 9491 1664
4918 10859 114
11816 17530 912
14480 18290 605
18992 14639 1198
2693 13633 1091
5596 16178 1062
5300 16631 796
9095 5404 1052
16053 15012 1263
16603 9755 1362
8240 15001 759
7639 13534 212
4762 2753 1052
933 16442 759
8718 6228 803
5747 620 597
17937 18816 462
4764 19117 1432
5761 5432 1052
7544 2041 1198
6475 15412 1065
17690 14903 952
11546 8203 1680
1752 17868 1682
1631 14212 1389
17040 15315 1052
2782 9954 1052
15978 9938 136
16483 4461 1052
4455 2823 788
2693 9038 1091
19113 772 1062
3909 1672 462
15707 8158 788
15213 13633 1091
17812 18193 1052
3197 17741 1198
16480 10287 952
5939 18376 1052
13666 4480 1052
11096 6267 1326
2226 7972 442
2776 19184 633
13462 4317 1198
18708 5602 1052
359 4679 1263
3857 18544 993
18992 18187 1198
18769 14012 136
13847 18053 177
7303 18293 407
13399 18116 1279
1831 6530 1664
1151 14628 1052
16085 611 1198
19353 2812 1525
5285 17381 1091
9859 11306 212
14158 11745 921
7118 1265 993
8258 6 1198
18812 16171 702
14548 7771 996
2693 15882 1091
14505 13688 1198
4669 4979 1160
13836 11286 1680
14482 4655 1198
849 1857 720
3423 18980 136
18200 3143 1198
9314 11593 720
17450 15306 8
13857 9367 462
6550 18560 10
11993 7475 1355
12530 8193 695
2699 14764 817
6807 9137 1108
13743 12341 875
162 11184 550
7523 14036 1531
2407 13029 916
3649 7308 1484
12872 18708 1062
15051 17670 442
16543 16587 952
6769 3812 722
19235 4067 880
12293 10245 1222
15819 10494 1052
2777 7711 1308
15575 1755 1670
10710 11476 952
8061 9407 131
11570 3373 131
222 703 462
2420 3006 875
8236 17377 922
9535 12440 1062
11627 70 243
15496 4012 1052
16965 9286 136
10500 7892 695
6162 2552 605
5076 4516 1362
2254 17541 1062
5793 18778 1130
2504 4736 952
2431 959 1308
17493 14855 440
18049 18980 136
12556 18676 363
1151 11656 1052
15167 14564 952
854 8895 1052
16009 15891 1633
849 5501 720
11660 6252 1052
5043 9143 136
12315 8343 952
18161 2550 127
15765 16281 512
5431 10267 298
755 8824 1052
10973 5738 1484
15562 15776 1676
9648 9210 952
1274 18030 952
3155 11042 1484
1600 17268 1198
19376 3744 952
10703 5069 1670
4629 15240 1062
8489 5300 1525
15679 7409 1198
2331 11091 1567
6264 18715 1676
16009 11080 1633
9770 12561 803
18466 5343 1263
377 9807 695
12309 1033 1117
4169 12234 389
14066 15987 462
9563 1947 136
14366 3757 1052
14926 18655 952
14360 14785 1633
17757 19099 693
16053 16985 1263
8083 9529 952
8260 18027 952
933 15306 759
10455 16688 1052
16271 4653 1015
7468 17083 1389
11904 7010 952
15562 4983 1676
19146 17387 952
11876 12480 1052
15696 3632 462
16763 8457 1091
16355 13260 1279
19368 17588 1254
2421 6268 210
19328 18583 618
1892 17246 720
3136 10045 720
5267 14215 693
10278 1427 1642
10833 5307 1222
1151 218 1052
8304 9344 275
16761 4647 952
11685 15656 1484
522 17407 1630
5902 17031 1525
1781 7087 1644
12009 615 952
15693 13162 952
10893 16175 1680
5685 2898 1198
3918 9716 952
15424 13203 952
755 3902 1052
1066 12887 952
10802 765 1633
930 16851 411
7900 19015 1362
11114 6329 1062
6896 7754 263
5764 2222 426
755 14535 1052
10358 8326 249
18577 6521 1052
6178 2733 1052
18292 13550 693
17625 2576 1198
11209 4022 136
7534 6995 1052
10833 14956 1222
9314 3854 720
17021 13584 1605
9206 12533 316
9601 17246 720
2552 12944 1052
12461 18536 693
3726 4815 952
14763 11827 131
14469 18680 428
2776 12059 1175
13557 10006 1052
13557 104 1052
466 18344 952
17150 9200 1091
16454 15088 1198
18145 17369 1680
11692 6736 1389
4876 11121 952
1333 2564 788
18325 14700 675
16053 16086 1263
10500 19049 695
10961 4247 236
6665 11829 720
6623 13887 952
2661 1066 1531
15441 1679 1052
5582 13545 1484
16489 657 758
524 7422 136
17030 572 1052
2057 10929 1198
9221 17467 444
4115 16085 1198
6178 18836 1052
5747 10937 597
6641 3056 817
13450 9457 952
13895 15978 136
1831 4135 1664
3764 4062 565
2261 13033 136
3278 1297 912
5576 13141 98
2565 11601 1309
3438 10997 1362
1649 7502 1680
15440 6628 1623
