1568
4389 689 1478
19203 4619 134
1959 14137 1501
6945 11188 308
7190 17535 1383
12223 7534 118
15159 3561 118
2830 4363 590
4181 5799 610
1747 16130 788
14904 7550 118
7053 1542 559
6494 11982 6
17801 1418 1478
2942 2735 610
1225 2979 1112
16663 3581 134
10550 8262 1383
17694 10484 118
1982 701 1338
17548 10731 587
18119 5537 839
11597 4088 1478
2996 8191 1478
1195 2019 332
12710 16970 609
7157 7578 1176
6295 16280 610
17419 17642 1229
8497 8114 610
18154 14274 1113
8326 11102 1478
7605 1544 609
4190 17337 853
2060 3276 116
8562 8456 1368
17294 13545 1384
2055 3910 1109
15518 8448 433
18323 3680 1383
2449 2946 118
698 8033 1112
1937 11592 106
8635 8884 1112
4958 4753 799
19342 3540 587
18054 7620 6
19353 12199 1383
17813 5320 37
14632 13785 610
3298 8884 1112
4426 2836 1324
6919 7340 1384
117 4100 63
11210 2694 1415
10050 15919 102
17009 10807 1385
17752 11636 1383
16061 9991 666
14264 11542 610
18768 13926 1324
19083 9366 1384
16539 973 1383
4448 5253 839
680 2537 264
851 3423 118
5886 10364 587
5839 4389 266
7471 10743 1010
15051 13151 610
13900 12648 1478
15298 10858 839
18019 9279 610
6254 3561 118
15268 18533 727
302 8747 1621
8696 15284 118
10696 15715 610
15155 2933 839
7713 7583 1093
4163 5464 383
14324 13927 1419
3899 5899 632
13883 1418 1478
13660 2842 1470
8508 19256 1383
11526 17409 1383
14753 1195 1621
13497 9563 587
6215 10505 5
13706 6672 1554
6337 11607 1324
6682 751 727
11372 2477 969
14036 6100 308
11236 1418 1478
15251 18931 1621
19387 6555 1633
3707 16265 1430
5909 1880 1033
4659 11224 1230
10786 5994 1324
11821 11102 1478
4464 16261 1383
1096 1309 106
17215 2237 1307
16433 3477 549
13202 15711 106
15682 4626 587
5056 18610 118
7501 5427 1579
12890 5975 587
1828 10125 1579
10452 8344 1229
1114 9434 1324
7755 19278 682
6549 4724 106
12253 1216 853
17101 5454 106
13468 15644 1478
8837 11051 554
1168 10215 554
15533 918 554
5519 2227 5
16457 1956 106
3256 1418 1478
745 6858 1383
11584 3033 1077
1874 7158 106
7341 10089 1324
7105 13401 1621
18679 14998 1649
7520 6496 610
8482 10215 1384
4373 15177 1601
11635 2733 1384
4333 17989 1033
11427 609 610
16517 17561 853
77 2735 610
3719 13545 554
4059 11784 1649
7090 10296 1650
4278 13000 1034
10049 1877 562
16373 13857 527
11372 689 1478
11752 6910 1383
481 16262 269
17142 10215 1649
14082 12924 266
6079 3403 1230
7364 5253 839
9903 1198 1229
17915 8393 1319
4756 7534 118
15457 4518 1176
12545 17255 587
2538 1369 1091
9798 8393 1319
5914 17000 812
4022 13482 1324
15248 17952 610
16249 11871 1229
16762 854 1478
13550 15305 799
5507 19336 264
4373 10032 1176
10376 6604 1478
12135 16689 1384
19309 10794 1324
2716 9906 5
17673 14573 128
17759 1797 1324
2125 9819 610
11748 15692 1017
11438 9101 106
663 918 554
18173 15043 1478
7313 17510 525
10813 2979 1112
2592 12199 1383
14718 13695 118
10886 6952 554
9819 1544 527
16578 14745 1324
7743 689 1478
1258 14138 1383
17617 10215 106
12764 4830 1006
4233 1442 1366
15542 16111 969
12044 11102 1478
19232 10215 106
2550 11650 1010
11817 3666 1091
13509 17842 568
11470 10465 1384
5180 15449 610
15597 5410 839
16133 2505 1324
13407 16280 610
68 5170 1324
9798 13857 527
7828 19272 1176
14205 16778 308
10799 5253 839
18140 4791 1366
1406 8266 587
13723 5799 610
6193 312 308
10731 19387 1478
8642 10215 106
19325 7969 1014
2644 6910 1324
16647 8966 264
11939 12923 1383
5622 9101 1384
1246 10215 106
8140 7000 1227
5908 15730 136
7063 10078 587
6431 12280 1543
9574 9759 308
17248 10716 118
18145 13688 587
1958 19278 682
17272 13548 1384
5508 8308 264
18182 13882 118
13432 17826 1109
13371 11067 828
6444 7534 118
7831 1497 822
18459 8733 1621
150 1104 134
4843 6745 1384
3143 4666 1383
10929 1529 1236
15786 18476 1324
14254 10215 971
6510 19256 1415
1047 10029 684
19119 5922 1176
11542 10807 1385
3691 7550 118
11397 13401 1621
3464 12648 1478
8878 13857 609
9732 1666 806
13663 14280 1034
15311 1273 118
13371 4533 451
6488 2302 1621
15794 17604 587
2104 782 1324
538 7550 118
18526 14841 190
6549 5482 106
5894 19336 264
8896 13200 1230
7686 19256 1383
15070 3346 587
535 14737 629
12282 10666 1476
18438 10401 1633
16146 7586 590
1222 3000 1109
7313 1529 1236
11335 4132 1478
4081 15268 1158
12228 3911 37
8736 1216 853
11680 15511 822
5040 2961 1478
14413 14054 822
732 10215 1649
3229 5537 839
10079 4176 264
1621 8884 1112
1614 1418 1478
14268 17625 264
15882 4132 1478
12249 5830 649
6353 6593 106
13102 8621 1034
7513 13317 1230
18836 10224 1621
3664 11979 1633
13864 9534 616
13822 18015 1384
6595 8213 839
13326 15919 665
11273 11890 1384
1228 9656 116
11953 16491 503
7277 10308 1478
15175 11022 587
2847 5464 799
4644 6009 1324
15265 16764 610
17649 7158 554
19208 1269 308
16035 4916 813
14633 7076 308
7651 9684 554
5998 9101 1384
18949 5206 610
18581 16765 96
8796 9876 1470
19158 9108 1109
18581 6871 96
16624 7711 880
16203 2839 1230
15315 11207 1383
13540 7735 5
3126 1474 190
8397 905 348
18144 275 37
12116 11223 1033
17560 2538 1698
14973 12687 587
4277 14888 828
18781 14353 734
9755 19365 1034
14188 8262 787
1392 2329 134
246 7620 6
15982 4605 136
14253 10084 610
2544 1239 124
12747 11394 839
6032 10215 1417
5485 6505 1034
13339 751 727
7488 1800 134
10851 7488 1034
13685 14415 1196
3889 582 1384
14887 5683 859
1723 6745 106
9270 4102 587
16803 7085 839
164 5995 1033
17146 7560 1324
2907 4058 190
17546 8993 1109
19104 7993 1230
9114 5410 839
14169 11207 1324
16622 4370 554
13755 8742 839
11640 17604 587
6147 14941 822
10893 1418 1478
310 9101 1384
19009 11140 106
19309 9101 1384
1527 1417 524
7673 11890 853
7456 3935 319
7242 2429 308
3849 1778 1353
3647 3423 118
13974 1932 1338
17711 17834 383
18392 13565 701
372 7787 839
8173 3668 1109
11033 13565 701
15892 9360 1384
7278 14951 812
3320 11216 116
3628 1173 828
18341 12479 629
6215 8448 433
2573 15706 1109
2797 9549 587
4861 13286 1324
18731 8770 5
6209 11216 1118
539 224 1170
12305 1259 540
18886 18804 5
9901 5718 128
7357 15645 1621
5943 10451 1091
2897 14219 1621
12005 13545 106
12195 14694 1383
18279 3423 118
2005 7734 1324
4519 6593 106
3531 10791 610
15009 12199 1324
18120 13793 1383
19335 12001 1478
17068 10484 118
14814 12373 1142
11752 19347 1324
16123 8592 960
13712 16003 587
368 16491 936
1314 13742 950
15838 19229 587
4423 7313 1478
9402 10791 610
9779 16733 1034
2814 6842 684
8108 19336 264
4515 2735 610
15763 1418 1478
9978 10215 106
18525 7550 118
14085 8730 1170
11952 8448 433
11782 10696 1324
16534 4401 1113
3317 11604 1478
12800 19303 1176
19294 1880 1033
17425 18533 727
17350 18086 1415
2945 10465 1384
16790 9116 927
10076 702 1324
7894 17760 37
6570 17604 587
16383 9086 1384
16724 3540 587
13835 7534 118
11777 3477 549
17873 8197 308
17404 14814 5
11170 195 1196
18695 2958 1034
11157 1418 1478
1498 15012 176
11865 3276 116
16175 10630 134
16200 9436 1112
15602 16826 839
15833 9747 1176
212 15719 1478
17732 13333 1010
6489 1418 1478
18114 5850 1324
15933 8355 1112
13818 13291 245
7112 5402 5
16027 15711 106
5514 8027 1383
12199 6496 610
2235 3477 549
6170 13677 1383
16281 4791 1366
10978 10998 1034
12002 9101 1384
10544 12324 1229
5012 8616 1383
2176 6692 1109
5325 5537 839
10640 18833 77
8728 8499 1649
13482 10791 610
147 5477 587
8571 13545 106
9478 18410 116
17869 5454 1384
13820 13742 950
7991 11505 610
5562 12072 1478
17248 14745 787
17402 1854 1383
3559 10215 106
16183 601 839
16469 16960 1650
12897 9266 1172
9678 751 727
5513 1418 1478
19067 7326 1415
8153 4065 1621
10454 7000 1227
185 4381 610
5074 4100 554
6378 11688 1654
5511 8539 610
6692 15126 1230
1120 5593 190
9125 5519 587
7880 6555 1633
16217 5956 839
12373 1529 460
12351 3736 1324
15598 461 5
5765 15916 264
16098 10310 610
5332 9080 587
15081 8262 1324
11388 8810 1324
2232 8731 587
8000 13263 812
7931 9101 1384
6948 10215 106
12345 184 853
16942 18170 554
14014 6459 138
17936 1972 190
6468 16202 684
8996 15382 1014
6109 11827 587
6633 8562 587
5952 13565 610
7310 12324 1229
1163 10655 609
14907 3314 929
15049 918 106
17500 13631 799
16862 13631 799
3474 10084 610
18890 1418 1478
17311 14793 1324
1987 13165 1353
12969 18771 1324
3475 4170 1650
162 4944 1037
8898 19336 264
11798 5587 839
17859 1544 527
18285 9266 1172
2197 3645 1478
11229 10001 5
5760 6710 1383
181 1711 1324
7569 11894 1478
6441 3310 1392
13396 11216 1112
11219 19110 6
18695 10666 1476
15389 695 1417
1498 607 1698
14528 4132 1478
17706 4132 1478
9891 11128 1109
5975 6588 610
13014 13548 1384
5124 5751 5
603 15167 1324
10901 6555 1230
13613 4723 264
854 4587 266
16812 7885 554
16581 14796 1609
5749 16387 587
9866 16970 609
9741 2268 1324
13347 3395 264
11097 17389 1176
15057 5778 190
9967 13545 1384
6078 8016 587
4509 5464 799
11775 10153 1324
4679 15711 106
792 14922 610
3683 18342 264
14628 5780 610
10763 13226 1172
16794 3561 118
6661 13342 1230
1735 4095 880
11609 6092 554
1269 7085 839
8182 7550 118
18150 1458 1383
6143 14573 128
11340 10066 134
11968 858 1010
9927 1735 1020
6815 10996 190
3138 10233 554
3025 10420 1383
14164 3014 535
8966 6103 828
17109 5454 1384
14177 7085 839
9996 1895 1324
15159 8213 839
8377 12364 587
17951 979 1478
17753 19387 1478
3798 14573 1230
1593 18665 264
14915 4821 1091
8006 6496 610
9354 10986 1478
5689 10683 264
796 16952 124
17050 1564 1383
9482 19272 1176
18607 17342 118
7924 1556 1621
947 13214 1415
2381 5854 267
4037 6092 1333
8634 18042 152
17372 9101 1384
6427 18294 470
8657 10955 1478
6277 11592 971
18581 850 1010
34 16458 1230
14943 2872 1071
8783 1972 190
12914 2946 118
15612 6075 116
11578 10215 106
12668 11785 1383
3588 14745 1324
11846 967 684
12508 8884 1112
3720 10056 684
12220 17497 1478
5767 13987 1034
9820 12324 1229
18715 1418 1478
4513 1945 1478
6231 13742 950
17886 12648 1478
636 2915 319
6633 1242 1324
18077 10862 1324
5318 10791 610
7638 13298 1034
18365 1418 1478
1964 14138 1383
3792 6002 1478
1697 18042 152
14872 2979 1112
1176 1764 1415
3296 12148 37
2148 185 1383
15751 11314 659
4291 907 518
832 6676 134
18579 8884 1112
3633 6108 1384
4577 2839 128
17136 270 1230
5649 19024 1324
7687 10683 264
566 9101 1384
17358 8339 1478
10523 4522 308
8949 10652 1650
7340 3309 1650
18558 10791 610
19030 6509 701
7326 15024 610
14578 9342 1470
15990 8809 264
5952 15449 610
6759 1239 124
13607 12772 1383
4158 10666 666
69 1960 1109
13648 10695 1324
4152 5587 839
10740 12648 1478
14274 13681 1113
12708 13482 1324
13223 7550 118
9423 15211 1324
14658 9192 812
4869 15449 610
7554 8801 1034
17811 2843 665
17928 10384 1324
17675 13068 1478
10046 806 1621
3805 7787 839
11810 17730 5
16782 5428 1112
11763 1176 383
2905 15126 1230
6741 19351 1091
5319 11501 610
7247 10310 610
4915 6165 308
4854 5410 839
8477 14848 1649
8860 1529 1633
10050 9974 524
5651 1542 559
16280 1544 527
18700 751 727
13451 7620 6
16027 918 106
12545 13038 1324
10098 6629 118
901 11102 1478
9685 16955 1262
5413 7358 1478
2392 3522 118
16155 17535 1415
11085 5720 1601
19306 12271 554
8396 9101 1384
5710 1634 1319
13464 14662 1176
15315 7544 1383
3681 16353 587
13796 15391 610
15572 9462 839
3683 18871 264
6767 17342 118
139 5482 1384
3988 2490 1383
13496 6381 1172
15112 14417 1091
18206 3262 1621
10091 3526 1384
207 5464 1415
16447 4753 799
17520 2313 787
19386 17848 1621
8920 7085 839
715 4132 1478
19210 6810 1588
9816 14573 1230
8056 13999 1324
10749 11550 894
2916 13631 799
115 13677 1383
16536 5253 839
5274 1956 106
15630 11216 116
2922 8144 1324
16063 11670 554
4238 1147 1478
12648 17483 266
11564 14573 128
16817 11216 1112
1514 16916 1324
17398 7408 118
5124 5924 936
6597 8966 264
17040 918 106
6659 6719 134
700 12067 134
16651 18098 839
14848 18776 1650
7915 17828 106
18464 3538 587
8898 14289 264
17584 10155 610
3271 4380 1601
10381 18015 1384
9759 12764 839
1362 10215 106
7642 18656 822
5321 1544 609
19240 16960 853
3858 695 587
15928 6745 554
10684 7313 1478
16871 11196 321
3667 6100 308
18574 13545 1384
6787 12324 1229
12372 1735 1020
6051 5587 1176
11086 15536 1415
16283 16683 190
749 13545 1384
19335 7971 1478
15556 5464 1415
11367 7534 118
17105 18016 1384
16612 19347 1324
9868 18067 134
7977 7542 950
14938 1301 1176
1237 15925 1478
8730 7709 812
4799 7620 6
15885 13998 1478
3040 10215 106
7069 13857 527
2747 10215 106
11973 1418 1478
18730 17461 828
6100 3029 839
3096 1854 1324
10960 7550 118
15732 9032 1621
4149 5956 839
13142 2490 1324
9585 15711 106
4655 14727 6
5332 9101 1384
11188 8734 13
15115 12486 822
4057 6009 1383
2233 13926 1324
10047 18711 610
984 13695 118
11776 3423 118
16799 14260 134
7082 10310 610
16117 6871 1014
1306 6447 657
1458 4407 610
3176 2313 1324
14506 3668 1109
6883 7177 6
14074 10215 106
17090 4189 1034
10171 775 370
6355 18015 1384
7980 10305 1554
7297 3959 1601
17436 8358 1010
325 271 839
17449 19192 554
19084 13545 1384
15084 6108 106
11056 18610 118
786 12712 190
15746 1956 106
11029 14943 190
7005 3976 502
18955 13342 1230
14660 2666 1109
12927 989 1034
5952 13367 1415
18793 14857 319
10697 18880 559
5474 10144 1324
6775 11140 1384
15136 6811 1415
11381 18751 1034
3056 9496 1170
9866 18689 684
15720 12764 839
11163 1418 1478
18345 9101 1384
2439 19272 1176
8891 15154 113
4325 1895 927
6279 10215 106
11608 10215 106
15379 13482 1324
14820 11092 308
17429 13882 118
2085 16491 1368
9351 9086 1384
19104 2016 1034
2809 850 1415
8484 13545 1384
17705 11394 839
878 19099 308
4442 1952 1384
17719 18558 1324
2119 15711 106
512 1956 106
4611 279 1230
6658 18015 106
5453 2731 813
1139 15426 927
7276 17125 1698
6832 15715 610
7546 5537 1176
11640 5170 1324
10048 10222 134
18790 10215 106
14835 16743 116
13757 11582 1384
10561 19272 1176
9074 15075 1383
13689 11394 839
3406 1422 190
5851 12715 535
9360 15423 1392
12188 582 1384
5417 9815 1010
8940 12414 151
10217 13165 383
15575 15029 1324
5799 10443 1319
14994 18657 1649
3003 15552 1621
10271 13631 799
10226 601 839
16707 10451 1091
9769 1634 1319
3283 17847 1324
13951 4502 1324
17446 13952 734
5526 3423 383
3492 8358 1010
13832 13832 1650
3764 19185 1383
10401 3394 1478
141 8884 1112
14166 9086 106
1018 9007 610
7399 973 1383
12397 16955 22
9731 4533 451
8581 10215 1649
14848 10954 1674
17728 14656 1419
19351 1801 1494
8506 13068 1478
6884 16788 535
18298 739 1230
12471 11542 610
7344 12119 839
3134 1529 1633
6131 269 1383
19364 13070 1554
18905 11582 1384
7872 11630 1478
7813 6751 1324
11753 10308 1478
9467 5427 1579
16485 2146 1384
9713 16720 1579
2945 7560 1324
11465 2991 1383
17487 3899 96
1002 11780 134
6537 10791 610
14705 8451 1324
14633 7085 839
14284 7520 1324
19339 5815 1112
4861 15294 1383
5726 9101 1384
8242 5526 118
4170 3836 828
17485 17156 1091
10611 1956 1384
18771 18880 559
14778 10749 1415
15225 947 1415
9128 7845 1324
10046 2796 1621
67 6765 657
3297 10332 1324
18471 4257 134
17288 18375 969
7746 10861 1034
17224 3561 118
3312 15126 1230
18156 6075 102
16110 6092 106
1078 9101 1384
4140 11890 1649
7700 5537 839
5259 15848 502
4029 8102 1034
16774 1216 1650
14599 5387 839
7362 3787 1383
13813 930 1109
5649 8705 1383
9484 859 1384
9257 4617 610
15557 18164 1033
2169 11540 1010
7167 2150 1230
15295 5759 684
1906 10179 1020
11818 7615 1478
18957 7350 1324
4317 13861 106
13229 16818 1033
19298 18090 1010
8569 9174 718
5803 17389 1176
13060 6098 1478
2504 15154 111
3772 6745 1384
3761 14662 1176
9523 3820 1383
9695 6859 587
12973 5526 118
4004 5899 96
1832 7550 118
7995 10215 1649
18755 9748 587
9300 3498 587
19269 5956 839
7302 19278 682
9101 8731 5
1404 4619 134
3420 18880 559
11245 1483 308
7423 14629 1654
13294 5569 1383
18223 16970 609
17276 8747 1621
9497 5899 96
15891 12648 1478
2293 18010 1478
17763 11216 102
247 19296 1698
11856 14444 1383
15647 8146 1033
6933 11507 799
15442 13565 701
4516 13205 1112
14808 2808 293
11405 7534 118
12197 7464 1112
4889 896 1109
15574 12648 1478
5550 18807 1324
16519 10215 1233
277 10235 839
9070 13400 1478
10663 17202 1430
18860 17961 1324
13915 19347 1383
15412 150 1034
15450 1666 806
18361 11592 1384
3907 15209 73
11198 17179 1384
2189 13565 701
18238 19262 1621
10853 17796 37
10361 9086 554
1163 12711 587
1079 18090 1010
13343 15898 319
13241 11975 5
7007 13586 610
13521 11394 839
11510 10215 106
9235 5188 610
348 2268 1324
17248 7003 77
7626 4406 1034
11437 19024 1383
15090 5464 1415
8260 3171 1324
10539 14998 640
11764 10600 1112
2524 10779 684
10201 1212 610
8757 2295 1324
6427 3477 549
11651 7173 1698
13260 19256 1383
11757 3294 1142
7545 9402 1324
3491 10743 1010
5172 18665 264
12702 4050 296
17294 11827 587
16600 11164 649
3407 7885 106
9367 4728 1324
15313 5464 264
9670 17309 308
7506 13695 118
4011 17342 118
5618 227 1384
6594 11436 1010
12863 6504 1478
17011 1418 1478
4635 9101 1384
12383 4199 839
14169 982 587
16829 7620 6
18269 10567 1034
7278 6414 1419
8526 16778 308
2202 7934 1601
13358 3394 1478
12256 15715 610
16843 10743 1010
2418 13882 118
3031 6920 319
16412 15711 106
4200 9551 1276
7788 9769 610
17144 1544 527
16929 2355 1384
6972 7550 118
4435 858 1010
8819 7423 610
604 8731 587
3032 3477 549
16742 5454 1384
3088 607 828
12218 609 610
8411 10215 106
321 6536 1324
16065 3874 1091
7283 10791 610
9571 3014 6
886 18015 859
17249 2604 1034
2760 1418 1478
2508 16242 1324
16551 10191 894
5668 17655 106
17816 5464 799
13281 7053 1324
9756 6890 293
12923 11505 610
18017 13545 1384
19304 2070 610
2607 11140 853
18556 11516 1324
14099 8114 610
15403 3668 1109
12826 1418 1478
891 7534 118
5755 13776 587
9094 5088 1478
8518 9727 1176
19263 4317 1230
2355 18656 822
16725 3767 1419
9870 13546 587
11626 17468 37
11956 16262 1230
12220 12373 1478
823 12739 264
737 18375 969
1681 11067 828
18294 3477 549
6088 1956 1384
8392 6593 554
13630 15492 118
18052 4814 1383
611 2235 1329
5542 13333 1010
17919 9266 1172
732 13742 950
1645 2635 1650
8974 10791 610
565 5193 151
18444 283 1383
386 12584 190
1718 6210 1324
5885 9402 1383
14124 263 106
10098 11647 839
15995 1626 839
7017 9034 308
14615 13545 1384
14810 956 128
5454 1951 822
15348 14344 587
5418 6213 1324
4139 2979 1112
9574 8688 839
17828 16357 822
5823 13545 1384
13339 10213 839
6173 12085 1383
6883 4141 6
2857 15091 1034
181 14394 587
13842 10465 1233
15136 6811 927
17022 18322 929
7539 11582 1384
5490 10487 1033
3875 16600 319
7478 19150 1384
4143 7900 1010
11592 10255 1650
3259 4132 1478
1725 9239 1478
16042 17202 1430
5299 10812 1384
16984 780 134
18240 15197 812
17652 17702 1478
6318 3419 1109
3984 6939 839
14743 4553 787
1992 10683 264
3555 7560 1324
7188 6488 1661
993 12131 1324
11059 15284 118
7296 3668 1109
11453 1634 1319
13564 1418 1478
9887 15711 106
9781 7620 6
11768 8884 1112
19149 18015 1112
3443 14304 1324
13391 15334 1324
7635 3560 1176
13611 18161 1034
11845 9927 1020
16127 7076 308
2357 16396 116
13251 8884 1112
2792 12648 1478
9274 6498 841
16752 8503 839
11099 13225 1478
11851 10910 1091
19141 15730 839
9978 12231 1621
17595 6728 439
10698 18880 559
14819 13267 98
14917 8966 264
19386 13565 701
10773 10858 839
9493 8517 839
13596 19347 1415
104 11023 1621
18744 17915 610
2150 7831 106
13296 18241 1698
18860 12592 1383
16742 2313 1324
7639 3636 1383
2248 10215 554
3846 16764 610
1399 15135 106
11551 7186 264
17253 1822 1383
10276 2735 610
9781 19236 659
1793 18775 118
2349 18880 559
3630 13255 1601
16234 11240 1112
8837 18869 1109
14815 12648 1478
12676 6939 839
6162 5316 106
2166 17039 1415
9656 8247 102
8611 1956 1384
18753 9239 1478
5808 11505 610
9151 6724 1383
19178 15391 610
15818 11023 1621
10834 1125 1494
49 13548 1384
11035 19272 1176
15410 11890 1384
10132 3873 587
18464 6593 1384
13901 18775 118
17021 10215 554
10924 12585 1478
13777 8339 1478
62 16725 1419
10711 5454 106
5899 19336 264
4968 6745 106
18347 17385 587
11245 9483 839
13874 3000 1109
10327 10153 1324
5395 3403 1230
3119 5152 1034
10308 1529 1236
6511 19236 587
9199 5537 839
706 2528 1478
1876 739 1230
1619 4088 1478
8882 8966 264
14909 6274 1621
2199 11051 554
14560 17961 1324
8251 2963 264
6575 12173 927
9571 14737 1392
1667 11394 839
3787 3206 610
9680 12208 927
18587 3124 853
5977 7827 1324
3149 3423 118
14343 16970 609
175 18742 1478
4637 13656 1176
13851 8069 610
16634 19175 1384
5492 3363 1383
13059 3294 1142
136 9462 839
8630 10600 1112
6503 10215 106
16622 3272 562
10166 10215 554
17864 8788 1383
186 2237 1621
10741 15184 1170
4022 18771 1383
6210 4196 1415
5561 12119 839
15350 15302 1034
17518 7620 6
12071 6537 1324
17221 1617 1383
18071 3420 1324
6284 6092 106
13941 13104 1621
15821 9149 1478
19084 10153 1383
15760 2979 1112
6105 11517 1470
5212 1529 1161
3621 1061 264
5596 9684 554
1797 5780 610
2570 5410 839
10377 3793 1001
13464 9393 839
17346 11148 1478
17228 2755 1601
6930 8227 1034
9680 3429 887
19182 11174 1034
5419 17474 822
10002 7509 383
17020 16067 96
2136 9510 1654
10913 13785 610
12810 8448 433
14014 8365 1674
3473 8891 841
6173 2313 1324
9934 6009 1383
677 3206 610
3620 15024 610
6945 16826 839
16780 14056 1478
13206 1418 1478
8005 8360 118
1078 8927 1324
15042 2842 1470
17443 8862 1172
8154 16106 1383
11898 15711 106
70 3561 118
6660 3668 1109
3628 3674 106
14439 18239 134
2726 8456 503
2150 19175 106
10536 9974 524
1360 2313 263
8668 19236 659
15803 7085 839
8800 17389 1176
6037 1239 124
8611 5736 1383
14175 5857 1698
3467 9684 554
1753 19278 682
9211 15711 859
16072 11148 1478
12752 6989 853
14379 4438 1324
14773 16110 853
15340 849 118
4897 10215 106
8993 8058 134
19192 14737 1392
3971 767 102
18590 4170 1478
7841 780 134
14281 16141 1383
18029 16689 1384
878 11394 839
10137 18965 1034
9124 19281 1478
19058 3029 839
13652 10215 1384
17925 17888 587
4177 114 293
6000 3902 190
13638 14342 554
15215 18711 610
15586 12543 587
10570 8966 264
17153 15069 1091
14507 2459 6
7322 7874 839
888 3987 134
5521 4213 264
8985 2648 1559
10259 918 106
9751 18115 1112
9450 17681 37
16070 7122 116
6688 16230 587
14258 1330 37
14222 1634 1319
2302 7336 5
701 689 1478
8558 1833 1383
7314 7177 6
13222 13998 1478
17918 12611 1478
667 5526 118
4788 6500 535
13615 17323 610
16186 5348 1478
14129 15510 587
5015 7116 102
3578 14021 266
16918 10037 234
8290 10212 1014
10249 918 554
1971 2268 1324
15843 2146 853
15984 17908 118
8857 10215 106
14792 5780 610
753 16689 1384
120 17113 559
872 8456 503
9240 12207 587
9704 14061 610
5827 13677 1383
18212 5830 649
15467 3668 1109
10187 7076 308
10924 16689 554
8067 6092 106
555 8521 1176
44 9639 1324
18067 5316 853
2263 14279 839
18984 19003 859
15125 6745 1384
12045 16559 839
14707 17345 1621
1402 19272 1176
6328 3014 6
17535 18880 559
8833 8747 1621
1765 7550 118
14288 5778 190
10636 3707 383
13231 4896 742
4757 1666 806
4359 5994 1324
8156 263 1494
16201 15284 118
11624 13374 1478
5479 14513 102
11666 19317 6
4611 279 853
17664 18656 822
9040 9664 5
9883 5799 610
19019 5829 303
16682 15382 1014
1193 1910 1034
437 1418 1478
9097 13786 116
7693 10683 264
6414 14658 812
9270 9086 1384
18693 1912 853
9382 858 1010
12180 5683 106
8405 11140 106
12599 14541 587
2569 12759 5
7904 5587 839
12827 7534 118
2517 11022 587
4471 5780 610
8408 13565 701
4617 1544 527
2270 8448 433
10460 16783 27
15030 11127 788
11456 11460 1383
17377 14662 1176
15042 13545 978
4747 7037 1034
15360 8358 1010
14194 9086 1384
19323 13926 1383
5653 7550 118
9496 15184 1419
14222 1544 527
5404 751 727
5579 17366 1077
6079 780 134
9697 11800 1383
423 1872 1034
10181 13709 587
16829 2387 1084
7091 6692 1109
10551 13857 527
16004 19325 549
1071 10215 106
14865 9257 1383
15720 9759 308
13218 6939 839
15253 6692 1109
18138 271 839
14594 1418 1478
14315 5410 839
12686 8742 839
6945 2946 118
5031 13785 610
15366 1089 1176
241 609 610
17426 12115 237
5087 1418 1478
17029 2961 1478
7193 7991 1383
6595 3561 118
8575 6593 1384
218 9639 1324
17654 9103 134
14654 11517 1470
14876 14937 1601
8710 14848 1649
7089 4940 1601
3052 6028 964
9908 10683 264
5020 10215 106
14681 3420 1324
17487 11172 1010
17910 11140 1384
270 6745 106
14676 17680 1383
5353 12424 134
17517 12309 1230
10417 10683 549
10215 3826 894
18566 11223 1033
13974 1620 1338
14918 10215 554
1337 626 1383
4389 11102 1478
2439 18610 118
9843 17212 1292
19068 18995 927
6760 6912 841
9101 18656 822
4839 15025 1010
9072 6092 554
19351 9923 1330
4027 4376 134
11063 10215 1384
14782 11670 106
16709 9086 1384
13630 1224 118
4848 4159 1554
