1311
13737 6105 1496
3073 15193 538
9934 1550 970
1099 9407 1477
14643 1627 711
19064 2274 1461
6145 1769 1569
5844 7476 1616
6771 6178 714
680 2737 714
16240 13265 383
2680 8255 1616
7086 15338 714
16506 16615 656
18604 11842 1187
13967 17038 833
13582 5576 497
18566 3034 1574
10915 14093 1477
16955 7258 1616
3341 1990 538
14765 4311 1569
14788 5642 102
5373 3458 829
13153 14062 714
13908 3269 1278
6233 7908 497
15688 2166 1566
2433 4227 402
7593 10012 1569
5989 12274 384
12267 3731 392
15882 12274 384
15687 14334 497
12274 13260 1306
13183 18269 714
11676 10134 384
2026 7499 1477
11091 10588 107
16176 14806 714
3948 17989 833
16914 5080 384
9572 1557 1477
1564 12327 1074
1736 17915 1036
3864 15051 538
18412 4676 1036
7 16749 384
6392 2717 660
4536 7879 1278
12570 1579 1569
14056 5553 1284
12983 12825 688
19275 4636 1511
2838 16467 102
15377 14824 1115
15226 17868 833
13336 8423 1590
13056 11437 1213
8502 10656 402
10022 17070 845
6926 10430 53
3994 17823 1477
14269 15665 688
18144 6386 311
15961 18804 1297
10968 3701 714
11802 18064 714
5773 6372 53
4320 15374 1496
6111 7603 1496
14542 2362 1616
11240 1197 1496
16748 19112 497
7508 10357 945
5678 13167 714
1639 364 945
16293 3477 25
10836 8976 714
10075 8900 185
9259 7997 714
16250 12274 384
5755 11602 714
8799 7061 1496
17359 7997 714
1214 12323 1655
7835 8708 1297
5080 12885 1616
320 3361 833
5468 12445 497
6767 1769 1616
12733 10134 829
3347 2852 714
4358 4676 1616
10842 19057 714
18839 1769 1569
4764 16931 1647
1615 15093 1257
18803 15211 289
18934 4225 1606
4773 12405 714
1347 8908 714
15222 8908 714
15575 11091 484
14589 16985 714
9950 10793 898
12488 15187 1477
5586 289 1074
8660 5461 1257
10063 5507 714
16997 16180 1569
18213 1152 1115
208 4689 714
241 14007 972
14183 6781 656
11324 5759 384
10658 5343 1496
8971 7260 714
3764 8715 430
12061 12134 1115
17972 12328 48
13949 2258 1115
5521 13669 1616
9950 9974 898
4442 10134 384
5780 18813 53
15863 17047 714
2034 152 1496
2465 5572 1306
17574 5142 714
12894 5759 384
6664 4185 1477
3595 10128 1616
13793 15084 1496
16809 13638 383
16308 5759 384
9356 16906 75
17573 14097 1115
13805 4197 102
18464 13043 684
6936 11973 269
7878 15010 484
19187 15229 1074
5684 16106 714
9223 5766 714
15902 9417 1115
15849 13001 269
6386 15672 311
2815 7157 1257
16747 14814 568
16338 2852 972
5358 10308 1115
18580 11570 1477
12274 8805 1306
3392 13473 484
11713 8697 714
6260 5028 402
17458 18117 972
7408 9157 1306
11843 4466 904
8814 9053 1477
14685 2732 75
7600 11769 1590
5632 10588 107
16163 9083 402
8299 4767 688
853 15220 14
15240 14079 556
6645 2257 945
9571 2376 1477
13210 9305 972
15240 7260 972
17915 16467 1590
16549 6387 714
12292 11151 53
16738 4247 133
14 14587 133
15634 9468 714
18606 7333 714
15377 14767 311
9083 4268 402
1639 10270 833
12903 7081 53
9236 18285 53
6549 1769 1616
12108 8053 714
1579 18335 1569
11648 5108 1647
10959 4977 497
17398 4918 32
6036 18808 232
14437 8540 1569
14412 13052 556
19262 15587 1496
9024 7779 714
9477 16600 1635
17525 8697 714
5630 12406 1616
4625 11947 1496
1745 3259 1590
13027 13116 714
920 1707 1257
12288 8075 1086
5788 993 1584
8422 13857 1297
15265 1769 1306
3999 11779 909
878 10441 688
11309 3047 538
16034 7519 714
283 4647 1516
17631 2 53
17812 3991 972
2030 17919 449
17088 12393 1115
1478 10134 1590
6647 17628 133
17187 6741 714
1536 9413 402
10915 8540 1306
6536 5759 1590
1441 2597 1306
1553 627 289
12882 9872 384
11908 10134 829
5356 2597 1036
8502 1961 402
5231 6750 1115
15609 6188 684
4089 8288 972
16623 10134 384
15740 4943 53
11778 1158 1516
5603 10134 1590
8598 13524 484
5080 16625 1477
12165 5530 556
4738 9409 1616
8147 19137 829
18884 16912 1647
13582 10656 402
15771 11647 714
17300 1320 684
6613 8765 714
15737 5759 384
14539 5759 1590
5131 8912 1036
15213 12274 384
15282 15098 714
16181 14369 556
1979 934 647
7961 17631 53
6898 8164 1635
7645 5642 384
10920 15187 1477
18452 11215 714
16436 18049 1278
18020 13265 383
17657 16857 402
403 17799 1516
17626 11118 970
115 5438 714
4425 16207 711
4525 6809 1496
8150 7463 714
16060 13408 714
9200 17150 1257
12875 16467 231
12042 17973 714
1151 14624 972
6882 5759 384
1778 10134 538
16466 4648 1496
2980 5759 1477
10299 11436 1647
15734 8288 714
14715 10042 75
5750 178 1569
11001 3109 102
17727 910 714
1134 2414 311
17528 1060 714
2351 11548 1306
1344 11170 1306
11513 17016 1036
14526 9407 1477
9150 8916 1574
16868 8117 1496
10721 13763 1516
7731 4531 1074
15388 15388 831
368 7801 845
6645 1502 945
15902 16118 478
17446 7252 670
6076 2051 714
10710 3540 538
15875 17511 833
4895 9149 711
18307 14062 714
16682 15103 711
8935 9084 1616
1665 16957 714
3225 3938 714
8032 13458 1278
4313 3043 904
10520 8794 402
17069 5846 972
4487 4748 1074
14019 17463 75
6855 18577 714
6114 15016 213
6037 3458 1590
1639 7260 945
3181 5604 1257
5724 8237 1616
18845 4676 1616
14139 18533 497
11753 17653 1306
5418 8243 714
12867 11091 484
17444 10588 484
8311 14062 714
13978 17953 1306
9873 11051 556
1981 10134 538
7340 121 972
15226 883 833
7728 17750 1516
8821 2254 833
7139 36 53
3089 19307 714
5539 7994 75
11292 10518 1496
5367 5567 714
8055 12162 167
19228 9325 1516
11896 13473 484
14921 106 53
13345 4289 1496
8816 11123 75
1353 14062 714
9385 16353 543
13075 10364 649
17138 3535 1461
7534 4679 972
11123 15187 1477
3501 12056 1568
10052 6404 688
15301 14857 1306
4904 2592 904
13787 5731 1477
18152 15377 311
7573 1971 833
16644 16438 1115
10507 10012 1616
8017 6602 1115
15377 5358 311
17061 16086 714
12635 459 1516
15910 3314 1477
12026 3950 1616
14852 12960 829
4746 7130 714
15866 4636 829
7355 3022 1115
9875 12393 1115
10275 16456 1477
17259 13473 484
5812 13022 543
6907 8540 1569
5933 9770 970
9825 12298 543
13945 1651 556
7383 4618 1074
2872 65 1223
3240 10134 384
5198 10134 538
4407 17913 1496
4861 9129 75
5192 2032 76
5971 14685 1647
1402 16080 53
1736 11565 1036
2066 10514 714
9159 16668 497
5491 7463 714
16716 16508 102
11482 18033 714
13902 10441 688
12448 10308 1115
13321 16732 1036
15505 11215 714
3647 182 1516
18137 3982 1477
12324 2 53
18656 1929 53
14671 7260 714
5362 54 1477
15855 14162 714
11324 4636 384
5716 9715 167
10581 10022 403
14271 16459 714
16813 15681 972
16361 2416 1075
13121 18269 714
17573 12134 1115
2875 5677 289
5645 3737 402
13820 10134 670
13816 13382 684
7862 14555 1616
5531 2212 1616
14360 14785 478
6670 8564 556
4787 15409 53
7249 16152 590
16002 19208 714
755 18269 972
6060 402 1187
916 9053 1477
16864 13489 1516
7566 5759 1590
9689 14587 133
13051 467 402
7981 15664 714
786 13473 484
1275 5759 384
14878 8067 484
13259 5294 497
10368 16764 640
12342 1268 688
12913 16639 1045
17267 14648 1678
10842 10879 714
13027 4089 1074
9477 18603 383
10199 2553 1115
18313 10134 538
7213 16377 384
7667 17588 556
17103 9859 431
12125 14967 1496
9338 11769 538
3849 3772 1477
2896 17076 1477
10546 10656 497
18555 9921 1496
2809 13233 1569
11575 4199 1511
16551 14219 1306
7766 16086 714
5182 657 484
4552 7000 383
3532 6803 1569
19193 14348 1496
16091 10500 1477
9033 4312 484
7448 14806 945
17170 3477 25
2650 10134 384
12012 14195 945
9372 17047 714
10318 16629 1496
16262 7831 167
19213 18916 1616
3896 8102 543
11702 10134 384
10537 1713 1647
9669 8959 833
8982 10054 1306
2577 1652 714
3061 5642 384
5085 4636 829
2580 3344 193
13936 3615 1329
12381 12048 133
4528 16506 656
8926 5665 53
8734 10333 478
14109 16357 1477
4089 6735 972
2092 32 311
7998 12044 833
15048 16363 1569
16782 4538 684
18480 7414 714
19100 8831 167
18975 14744 75
3994 10838 1477
6260 13582 402
12359 14905 1257
7941 10134 1511
11932 5642 384
4781 5642 384
14146 14435 714
13345 17776 1496
9442 4636 538
1072 8175 402
9843 15016 213
1027 18269 714
247 15852 1074
13090 10825 53
3188 16173 1297
2453 13473 484
10794 17628 610
657 18812 107
18370 586 714
9329 5642 384
16063 3748 543
12871 7215 484
2652 6803 1569
1311 2258 1115
18785 10726 1461
5938 1447 1074
13047 3314 1477
8166 4936 714
7221 5759 384
14741 8067 484
18079 8533 714
15319 16743 714
16506 4528 656
11665 4895 711
19207 9468 714
3017 13629 917
1393 8067 484
5569 13265 133
18948 13007 53
4553 5080 384
7759 11813 711
1566 14806 714
13609 17343 1075
8052 13280 1278
679 13537 1496
13768 1961 402
4335 3898 1306
12476 332 714
7976 14406 714
626 12611 538
7295 14726 1477
5577 2331 484
6427 17507 917
3840 5642 384
9713 9394 484
15616 14849 449
11937 14990 1075
513 9435 1496
2096 10296 1616
17183 8294 384
13217 15852 714
10682 10682 311
12017 9167 53
16165 7264 714
15158 13923 1036
5408 402 383
8631 3458 1590
8749 8614 478
16363 7586 289
13345 2497 1496
9967 4918 1647
1329 8067 484
6366 9236 53
7831 10134 829
14308 16467 1590
3107 18048 714
9421 15306 556
1735 17973 714
8404 16855 62
8767 11648 1647
9742 12905 714
6642 2699 1496
11833 9003 1297
7578 12036 1115
5439 1663 833
16433 9082 53
7905 14943 714
7884 4730 1426
2622 18013 402
2746 18365 714
13307 10134 384
13675 4031 1496
626 10134 538
8576 10134 384
11722 16600 1635
16495 2168 714
16379 10047 26
4942 3569 1036
5351 1769 1569
3382 18779 1115
7992 9872 1477
9120 1263 1461
7050 5080 384
3720 508 62
16757 5759 384
824 13042 909
1690 18365 714
5735 981 714
18526 13473 484
17379 8908 714
6724 54 1477
17992 14093 1477
8122 9579 1569
8831 10134 829
6719 11458 714
9120 10405 402
16136 13473 484
10042 15187 1477
16748 7934 402
8166 15183 1074
13556 1736 1036
7355 16319 1115
17881 12734 1635
1087 5642 384
12335 18603 383
9866 14785 1115
2693 16467 384
5064 8290 1655
4681 8894 556
8287 16467 1590
3138 8633 133
15072 14476 402
6977 10134 384
930 402 133
15878 13116 1074
15459 8666 1257
13475 14943 1074
12839 17636 1496
15641 16437 75
13363 18585 53
13075 8267 833
16070 2537 53
17947 12682 688
10784 10134 384
5866 8633 1187
12635 7335 1516
11623 4400 1235
17448 54 1477
10795 5077 53
11182 1134 1297
13795 3133 1520
7021 8390 1647
17333 6375 640
8708 508 62
11240 8810 1516
19292 6633 714
10675 15467 1074
9890 12347 688
1096 16467 102
11955 15098 714
11474 3458 829
11014 5168 972
14477 5408 1045
15575 522 543
14461 11723 1566
18258 18055 714
9394 707 107
9977 2553 478
9748 1438 1569
1177 9025 32
9872 13695 1477
12042 1652 714
15383 4689 714
4106 16456 1477
16698 7759 53
9313 2362 213
5630 1557 1477
278 13805 1306
12621 15916 714
17813 14229 582
12335 13638 383
9634 11356 684
2491 1914 1616
4308 10134 384
6804 10430 711
10649 3869 543
5684 14232 714
1876 16259 714
7792 11800 1516
608 3565 543
7252 2019 1616
2015 16679 1569
7629 12734 970
10984 10249 714
14542 17383 1477
11123 13695 1477
16479 12875 1647
5633 5642 384
1067 8294 1590
2033 5162 1477
1530 12713 53
7491 8067 484
13687 6723 1496
186 19033 1412
18408 16698 53
18804 12238 478
8514 5769 714
11421 14062 714
3240 5759 384
15072 13472 402
16624 11771 1333
7758 2370 1257
12442 1857 231
6465 12048 570
16440 3772 1477
12428 3701 714
8747 17548 484
18632 2293 714
5122 8563 1115
4125 18278 446
6076 12708 714
9746 7530 714
10823 18131 714
18391 10047 1520
4789 17440 484
18153 13540 649
10184 1971 833
11375 11622 1496
531 13540 714
8898 4022 289
14088 13469 833
15742 8317 1306
19282 1769 1616
17631 1034 53
8835 16599 1590
13402 9908 714
8734 5633 1115
7622 2257 714
660 14406 714
18804 11965 1115
3757 14366 714
10507 16456 1477
4614 4150 75
6502 11886 1477
2413 17407 484
4439 8855 1036
4366 3262 1496
16777 1769 556
12402 12358 833
7366 899 1516
5092 10134 384
15281 3719 1496
1134 12057 1115
4594 9859 431
17774 17763 1496
2944 10134 384
19275 17531 1511
930 1856 133
16644 14832 1115
18358 14366 714
9602 6569 1074
18095 13847 556
14139 7989 402
17775 1103 714
7534 18269 972
14082 7872 714
13074 5572 1306
4354 12332 972
1393 10588 484
1346 14428 714
17121 5168 714
14045 12443 1036
16710 54 1477
17061 15183 714
553 2456 1568
8264 5115 1516
8261 2099 1569
3613 1781 497
10507 9572 1477
3141 6107 384
400 14382 972
8965 15811 1496
7043 13816 684
13897 2940 402
8014 3592 1074
3858 4121 1075
17120 5760 1569
19386 11091 484
15039 17565 714
8814 3772 1477
4972 13079 714
7409 9026 1496
18749 13729 1074
946 7854 714
8189 12960 538
19238 16846 1115
5468 14167 497
74 2843 1496
15690 11313 714
14196 5576 402
10610 16448 289
18970 16467 384
466 9871 538
4209 4636 102
13073 17973 714
7578 17104 1115
11170 134 1155
7110 19223 478
19043 6188 684
3678 2200 402
9355 5117 1278
17022 14570 885
9246 15103 53
8475 18976 714
10735 18162 714
6420 10134 1590
13053 18948 53
5367 12778 714
8635 17973 714
1767 15801 688
5301 3483 26
8526 18577 714
14173 9468 972
8824 19057 714
3667 16639 1045
878 17131 1278
10068 4225 1115
15301 8118 1306
1613 11505 484
736 6421 1477
6367 16319 1115
15804 2980 1568
13067 7386 497
16907 2958 484
10299 5128 1647
19257 3600 714
2316 12222 1496
9989 571 102
12292 4886 53
1238 18075 1074
17372 17914 714
5182 7942 484
4738 16456 1477
6769 17634 945
18623 19063 484
12468 11110 829
7092 15183 714
4627 4243 75
6173 7450 1477
12117 7414 714
1695 1769 1569
4175 9879 714
8432 15155 1461
19278 5759 1590
3185 12407 714
2319 1914 1569
5121 8765 714
4401 16467 384
4362 11769 384
9408 13473 484
18796 5642 1568
6285 18190 402
6996 8669 1115
4636 3765 1306
7107 8502 402
1579 4877 1569
14146 5348 1074
11444 9084 1616
6250 18916 1616
15606 8288 714
3739 1292 714
19008 5633 1115
6099 10546 402
6264 17026 1036
19099 485 449
10140 6107 384
3912 7530 714
9607 9879 714
2556 3450 1115
5091 1874 714
6163 7965 1074
14120 4771 1496
14391 14838 543
3844 17026 1306
4352 12274 102
10512 12176 76
7066 10134 384
10126 8908 714
16580 21 714
8835 6107 1590
1993 16117 714
3772 17723 599
2363 17608 53
5602 14062 714
12207 8231 1516
3230 11348 1115
3527 5642 384
10528 8976 714
4817 1292 714
6667 14763 1477
2917 15380 538
8718 5589 497
1642 13544 1115
1207 4433 269
8904 15809 904
13788 12611 384
4818 18583 960
1516 18583 1569
17088 259 1115
14077 17356 496
4884 20 714
11948 12305 714
3900 6472 598
6367 12036 1115
9256 12222 1306
13993 9571 231
1183 15811 1496
15240 10054 556
5731 16456 1477
16926 11076 904
16082 9349 656
1432 6213 311
2306 15322 714
15778 18013 497
10389 85 497
15265 19339 1306
626 4381 1333
7340 15793 972
15938 9154 1569
18106 8765 714
8610 8810 1516
16535 7219 1096
11650 17548 484
12731 13892 714
627 15466 1496
15670 19381 1179
9635 3418 1477
6996 7805 1115
7073 5651 543
18130 5589 970
300 9922 102
18940 7585 1569
5527 10323 714
9762 2799 1569
5586 12964 1074
18330 16456 1477
5520 13933 1569
1510 15884 960
11193 11126 714
9634 17300 684
14370 9530 1496
17785 14593 714
12089 15040 556
13936 3981 1329
17837 16456 1477
12917 6125 1496
14386 7280 711
7551 8580 53
15754 1769 181
15823 402 383
16060 2737 714
15418 15418 1331
1329 17407 484
14927 15466 289
10466 12265 1074
19243 17038 556
9192 5408 1045
15719 4502 1115
14115 4440 1496
19000 18223 1477
17014 9417 1115
3627 10134 1590
11421 1315 714
5131 6918 1036
13793 4771 1496
9862 467 402
15240 13171 556
79 18465 898
16688 1652 714
7778 8928 1477
12870 19177 383
17896 7192 714
11919 14196 497
4773 12434 714
5240 5132 461
13770 11661 833
9721 13482 311
647 13638 383
16063 17072 543
5519 12274 75
9215 18085 1520
10213 10726 1461
12542 17264 1115
6326 4873 53
5455 14918 1461
6233 2210 497
12012 13918 556
675 13116 714
2650 4636 384
9640 8928 1477
9671 18696 714
13454 12838 1333
17952 19339 193
3757 7418 714
11600 11902 711
13718 11341 556
10216 9718 714
16712 1919 384
15870 1769 1569
4768 10837 1520
14623 7872 714
11780 5642 384
2345 7558 945
18959 3772 75
14933 9468 714
12033 15496 714
1495 5979 714
17202 5531 1477
6076 2532 714
6136 6714 1569
3737 9840 402
571 15187 1477
5240 2954 461
8447 3383 714
17319 1778 1496
15689 13047 231
13582 215 402
16977 17040 714
15773 14691 1297
3089 14062 714
18237 9301 714
3765 13059 75
7182 17548 484
4666 9682 714
4624 6872 1569
395 7626 53
19100 13448 167
1432 14329 1115
15672 11833 1297
12664 16545 945
6838 18728 53
19355 9407 1477
9237 12105 714
18796 715 1036
13149 12334 403
9095 15936 972
12447 8622 384
10826 8658 543
8748 10128 960
8151 15799 833
11677 17038 1569
8486 9566 53
9303 2852 714
5310 5567 714
15732 1990 538
15371 5083 845
14234 8255 1569
3565 9354 543
7755 18728 711
8446 10427 1569
16711 10134 384
19314 12364 32
11702 5642 384
1639 15306 833
14450 14924 1440
14357 14357 1394
9630 6375 640
16869 18483 833
8127 1769 1569
14189 11224 311
13321 12056 1568
19310 4636 384
19336 9571 538
16322 13852 1496
5521 14555 1616
5696 15250 714
1406 13725 1045
13075 7521 556
14928 10004 53
462 10451 1590
7796 7498 484
17564 15463 1045
18375 5438 714
17304 16852 714
18567 9923 1647
5866 12048 1187
5132 15466 289
11307 1652 714
2055 11303 714
18799 1769 1569
7066 5759 384
566 4313 671
15875 3051 972
19142 13700 970
11077 13544 1115
12225 17974 714
15246 14947 714
19000 2817 1616
8294 3425 1306
4949 3412 1332
8821 16098 833
580 10005 1074
9412 7872 714
5950 17973 714
7177 19063 484
13949 9800 1115
15889 4689 714
2424 54 1477
4416 5460 1306
11694 13132 1616
10390 9868 53
15007 6917 543
3999 12639 909
15835 1536 497
18836 3629 714
3250 11965 1115
1324 14587 133
14377 12364 32
2107 755 1074
11258 121 714
5809 6119 1496
7382 16467 102
10722 2308 1647
13106 12249 1477
18782 7884 556
9639 4636 1477
19108 1136 670
1876 18928 714
15857 16467 384
14088 1636 945
17969 5942 53
10107 13398 1075
5410 17153 497
3862 12314 193
18934 4502 1115
11992 11091 484
18144 4991 478
13414 3849 538
1943 2256 1655
15125 18769 289
13061 13061 1157
8952 6427 133
15176 16600 1635
6797 14435 714
7255 11736 714
18819 8938 53
17300 4636 102
1745 16599 1590
17742 10054 1616
15079 4189 714
13436 18290 714
8956 2331 484
10134 54 1477
14880 10550 1516
2567 3376 0
7033 6104 311
10777 6119 1496
16385 14469 1278
10470 13116 714
14667 18365 1074
3223 7653 484
11916 19234 1074
14870 3600 1074
3968 1637 714
19076 6661 1647
3999 2706 909
11014 18149 972
14173 12105 972
15253 9084 1496
18423 14046 714
16009 16467 384
18282 12364 32
16557 5874 1036
7800 14677 688
7383 14361 1074
5260 13165 1036
17380 10134 384
1965 2258 1115
15698 15698 431
10836 15526 714
3502 5169 1616
7577 10134 384
2286 3314 1477
19363 15103 53
10063 11517 714
18302 14967 1496
4681 4135 556
12435 4807 1496
11522 5642 384
16748 12227 497
10667 14806 714
15656 10134 1590
2727 8282 1575
7834 6264 1036
6330 16274 231
3487 5578 1115
6638 17628 133
5446 12397 714
14951 1134 1297
7216 3701 714
3012 15043 1516
7682 5874 1036
17285 10015 833
5083 15371 1426
8580 7771 53
5983 59 1516
18656 12106 53
18491 13243 1496
14198 11024 714
14989 1763 829
14840 8450 894
17282 12611 384
6036 6036 232
4460 16117 1099
11604 17914 714
11063 4247 133
15571 16927 402
12077 9415 53
4092 1268 688
2533 16259 714
16508 16716 1306
6769 17696 945
18141 7554 1297
18959 5080 75
1137 1197 1496
5595 6633 714
12060 11118 1635
18013 1961 402
15623 15716 1566
14294 4927 656
241 13668 972
12061 2553 1115
6471 5677 1496
16688 6009 714
4037 161 402
14629 10134 1590
16800 9635 1590
12371 16985 714
14976 2424 1477
5978 16552 1115
3937 7854 714
2916 6375 430
16626 3082 497
647 19342 383
14190 5940 714
6410 3936 1496
15771 15151 714
12104 28 1516
10199 2650 1115
4385 687 1569
7674 1914 1569
1356 1749 1115
4187 13334 1496
7705 15306 213
3366 18312 1616
1005 9561 446
18552 8115 1036
16243 2874 714
2693 10134 384
4866 3687 1496
7066 734 1257
15273 15173 743
6055 16268 714
9648 1760 538
17163 16180 1569
8705 13540 714
6884 13524 484
17042 12649 688
5219 14766 1590
8669 5642 384
734 13640 1257
10713 9283 684
7416 6460 133
11248 6827 1496
8477 17631 53
2414 5358 1297
15527 9628 721
15895 7258 1616
4354 14047 972
16637 6254 1352
5577 13473 484
11193 19114 714
12463 1769 1569
4340 15187 1477
9340 10134 829
6001 11660 714
2143 14386 711
10013 3189 538
51 16140 484
98 16964 322
9699 17183 1115
15442 12274 384
18137 13695 1477
12288 12998 1086
7009 6902 1306
6455 7997 714
11382 15852 714
12667 17425 714
19080 4598 1306
13967 18926 833
429 10134 384
16034 8908 714
11375 7498 484
9899 18603 383
359 6863 833
1866 8112 972
400 6999 972
11005 15086 1477
7908 16452 497
13994 14193 1115
16500 18539 1516
16925 2082 1569
19052 2258 1115
5367 14806 714
10962 3149 402
7998 18771 833
14251 17823 1477
11999 7211 311
14043 16600 1635
159 7220 1496
3320 13116 714
