2012	1193
19086	15617
17660	12284
14523	7389
13227	14338
18715	3485
17755	11441
12853	15408
6745	16634
15455	3630
1957	169
8856	6068
1551	14731
1234	6805
6653	16167
17654	7587
18646	18271
4429	17169
16608	12465
14581	10442
12444	1399
13930	8626
9238	14274
10290	1870
11651	1214
16567	19116
12821	8896
16704	16665
12416	4691
5310	19107
15980	7750
8769	9205
16632	4635
15347	11821
15295	6565
1196	11515
9743	6497
7218	6093
11943	14855
2791	4572
2426	6968
9402	14579
809	5853
6110	18685
17270	17752
1247	2617
6539	16580
16424	17905
19367	1004
10115	5120
14129	1270
1117	4421
17960	10393
3410	10528
2287	2755
17647	1383
15619	1944
17271	19452
302	945
3582	15737
9608	10552
18751	13427
19101	7058
7130	13690
8956	5705
17818	15490
8642	9348
16482	9481
10108	15386
15589	14511
16222	5314
85	18159
19469	1135
5849	10363
102	11980
18587	13505
4096	11036
19444	17993
10361	6520
2293	10559
13157	12225
1335	15896
15539	12309
9682	19703
18575	18037
1558	9840
6663	12136
12144	14055
17566	13521
15737	15756
11302	3784
15973	1856
14204	2623
3535	15952
5058	9605
8013	9260
9492	619
2015	9760
13486	5196
7484	15162
11798	18716
19386	19821
1581	3510
8451	8994
15103	17583
112	18309
2175	6281
14105	4251
5608	10787
6957	7609
4738	202
10743	14972
18674	3125
19160	12611
17830	5041
65	12487
1408	13847
6804	16583
8098	6617
8936	10736
3884	12059
8089	19017
1563	19137
14014	17207
19030	2970
19183	1282
4258	14387
17943	5135
2871	5220
1306	4696
8805	19673
13228	13320
7141	26
4668	12074
1307	13838
15305	5471
4890	17504
567	5668
12595	17492
16076	30
5910	4469
5494	317
6463	664
14288	6461
8541	1025
12751	12859
5705	14723
4256	10035
16863	16685
8194	19454
1959	19525
5438	18696
15666	18964
16507	11475
10397	15155
10356	13057
7768	12014
15191	14516
7271	3941
764	7535
11365	7745
1264	8268
11199	19009
10165	13486
1165	8984
17623	15137
6446	13004
12922	17286
15964	3116
11123	1019
636	8596
8665	3500
6197	3173
4025	5810
4058	3196
3381	726
4929	13442
13427	7696
19656	6554
10660	14991
57	6861
13641	13085
2796	17691
10040	10925
16873	18056
17772	17630
11191	15192
2603	17882
634	12973
18188	3181
1832	8980
3398	10772
12756	15835
12225	13689
12588	4451
10608	9078
8741	17038
6055	9349
1315	8696
5052	14818
1803	16594
4776	7011
15545	3361
1105	1819
6404	10596
2230	12924
3599	11468
12253	15933
15098	1833
16316	8008
15040	4685
6898	12248
247	1806
15819	5212
19593	2614
7244	9100
18387	8777
17911	9221
8221	11739
5063	13544
512	3217
6017	6235
6967	8437
17432	5051
17182	334
9454	5496
3570	12480
11418	10893
18631	14957
1113	10790
4488	17828
4223	6420
11255	13298
927	5191
19543	19420
19034	1450
7421	7008
15632	4261
11743	5992
18912	13878
2429	7662
761	9162
10045	8423
17471	595
18559	8187
6004	15478
12941	12694
11810	12096
6419	420
14130	4527
1653	5595
6545	4763
13916	13376
1567	16687
7754	6072
14332	18861
13113	5799
7019	19168
11615	17134
11128	16006
19388	9077
7787	10628
8914	6127
1344	8749
4371	19675
5886	2433
3661	7990
12903	18075
6464	15802
16612	19533
6842	5440
825	9628
12892	11721
4244	1327
18960	5335
17224	11044
1853	14598
16614	1466
8668	2919
6397	7412
1278	7746
12345	2270
6555	417
1341	8027
15274	8345
4347	1287
1033	1439
5834	10775
18007	16376
11195	9833
18954	173
14871	17133
3490	16380
12657	6823
7281	8063
2978	13409
7999	6553
12574	1851
5169	3246
19416	3461
5991	16036
6158	3468
7200	7669
15622	6350
14649	1068
7592	5377
3504	5503
9010	1624
4136	16470
16949	12079
17521	15708
6329	12192
4268	11320
15382	15392
14919	16593
19275	17037
12087	13695
10709	1381
4753	15765
3408	12196
14471	2291
9709	13667
9204	14907
13797	14170
11310	16840
5038	10335
17808	13192
7480	12076
14914	19874
11696	9643
5472	4111
17223	10017
7518	18001
5958	7651
34	19551
14343	5069
19105	9477
11513	16553
10835	19231
15558	10962
3991	19403
19009	11479
3575	16184
8038	395
7454	8489
4936	644
3915	5325
7788	14883
12184	4775
18829	4307
10242	16854
18119	10624
677	4504
7096	16860
2032	10138
9542	8599
9348	928
3773	10961
10008	18700
2328	8796
9064	4892
7054	17708
16330	5145
6337	6178
10494	18452
18756	4456
4832	7887
10807	6597
3229	7122
14760	5887
4327	17612
4424	6151
2143	6170
8170	13193
12262	3950
7307	7869
3713	11432
5975	5843
9007	3366
7534	9004
15286	620
8529	9861
3483	14096
13639	6382
2707	6471
6042	2416
10548	2906
11184	3878
16030	1788
706	16641
14271	17387
15887	8513
11498	14757
570	16771
4664	17988
14924	5555
9641	3843
3555	15797
16100	1993
10246	12588
2783	5708
5299	9343
16017	13564
1063	12837
5047	10503
18168	10439
3907	5024
5811	2862
9255	16288
14175	2415
2161	3789
367	606
4803	2997
9225	8388
17664	4267
16001	19286
13028	2551
5541	6001
9650	3625
17044	13431
11529	1999
7564	15825
4272	15140
7260	10697
7409	4411
13005	11564
7778	8674
12154	19762
3308	16547
4551	14866
8613	4399
369	7383
8631	2508
4339	536
18042	6282
6245	11079
14981	8197
11984	10677
7232	9826
19037	9684
16340	238
4112	4776
6283	7150
3981	3014
18436	11582
11074	11700
2340	1545
242	456
3178	13753
1814	4878
5124	5766
5822	19096
14852	15195
7206	17802
9895	11353
11829	19133
5280	12236
5952	12346
10090	7464
8746	7194
8054	14131
19239	19806
3067	16355
10774	14881
3509	939
8045	15685
3445	10435
3974	13958
9964	4809
18733	17377
10215	18764
11963	4446
703	11309
15892	13593
841	7736
5080	15519
5963	9183
11834	7610
3659	10241
6568	17078
10904	1607
11298	12503
8948	14902
4729	10492
11343	16914
14788	9994
17283	4544
1706	11922
7758	5924
11625	640
15068	9187
19211	8802
16635	7182
5899	433
9585	8803
14497	13846
3043	18430
14274	9394
8120	14528
8457	5585
18597	10313
1984	16270
18667	11576
3355	2282
2559	9095
18629	5034
2728	16686
8530	9411
15247	1657
13928	16871
2599	14781
15956	13849
19439	12598
6602	582
17820	414
3789	16277
3277	10535
17106	18560
5466	10296
18332	15196
217	3830
6899	11486
10651	3960
566	16592
17720	17208
16829	2848
14238	10715
7982	12461
52	13562
16351	1221
6727	1208
3246	18118
9367	6073
16713	19101
7311	8478
13743	13235
1709	17190
15696	7854
18872	15827
14540	19429
19624	2149
10106	11128
4694	10051
9705	18084
3591	8074
7098	8641
14806	956
11101	7751
4440	11445
19224	16773
8177	5590
16306	12423
6521	9753
4886	9573
12640	17105
5276	11446
4785	17813
3122	3569
16676	11286
17921	1352
4163	6139
3363	18588
11569	5995
12596	7621
8860	10441
4574	9540
6335	18252
7126	4382
4784	8346
18004	16716
17677	6879
14975	8768
17887	6851
3922	18938
12419	8177
16691	17043
5152	1582
613	9073
15521	17885
7566	14300
18886	10970
13698	2140
9598	14948
9737	10759
4906	5641
5633	2745
11693	17571
1779	16263
6691	11053
9128	736
10631	4472
17360	17196
556	6901
2922	14172
10210	12359
1078	14554
6737	18927
7446	1471
4187	8576
12548	6462
16010	18446
13975	17909
18339	1276
8722	13278
17043	4229
5940	7516
2388	11845
8280	6149
9379	12773
3024	8460
1206	2586
7536	6470
7925	6503
15188	12295
18767	15828
11386	11335
7348	14494
10861	19404
10747	2665
3658	19819
12	8311
10323	6279
12540	18862
1840	4020
1564	14499
12442	12633
108	9352
18917	13781
6772	12624
17871	1763
18165	17945
1833	2029
5291	2279
8838	16980
1054	17768
5410	17025
16455	2698
14022	18088
10851	17058
19222	7668
7076	11002
3115	18040
7952	18262
17957	13547
16101	2980
3520	14210
15117	6932
16543	19092
96	3066
2552	1926
3438	19757
8300	4733
1582	11176
5278	10651
10658	7466
10746	12370
13108	3242
19637	6269
443	1830
6080	12116
14126	10418
1253	19308
5297	16350
18583	9354
124	3749
16344	9209
17013	7864
19655	16050
9580	7007
3697	14230
14358	5976
16603	8532
17791	9980
3058	3126
9122	13934
17709	12052
9208	7129
3286	19542
15687	18164
17964	6110
3262	12572
7725	13957
10006	16600
3587	19711
9557	1975
9909	11437
18521	3157
8450	933
3353	19481
1276	13574
12749	3610
14221	9746
17442	847
14956	18908
6549	15909
18840	8577
6903	4494
1064	2705
13510	11291
13336	12995
19154	14022
3824	9696
8223	1951
2483	17420
4331	2939
7194	2510
14379	9612
16471	13563
16237	11003
14425	14633
13512	9391
12360	7911
4772	7132
10117	8196
5735	2070
3049	14894
19409	9339
642	18286
17691	16501
13428	4186
4448	5577
19287	2624
10423	8505
8651	19449
4993	12356
14679	15031
11438	14794
13365	9713
19277	16648
16946	6122
19379	14292
18695	4937
9030	10680
8852	5405
4274	8428
9900	12900
2195	11169
15112	11681
1898	11789
14443	18577
18388	8951
10026	14201
9801	3398
16647	9604
6715	7240
12777	9767
1490	898
4461	11672
7222	12594
5618	18323
1469	7780
14246	4125
11161	9919
18216	1872
4222	524
14664	14600
17027	13508
13267	19734
19468	9356
14200	1578
13051	17399
11048	17477
5139	2214
4384	11727
16781	6552
19084	3373
13116	2731
14152	2049
10214	4620
8391	18838
17985	14580
8212	7834
11541	11654
12736	8470
8711	16765
18761	1549
8930	4379
17282	12967
16229	8581
11366	5076
12695	7278
14634	473
12402	39
1761	12934
15058	12325
4008	13189
11671	16883
11981	13751
6936	18474
19489	16762
18876	19227
1630	7449
15789	14827
18391	5273
1553	3028
15331	19865
16849	8700
17946	2898
17284	2700
5835	12312
4141	6198
2806	13079
12872	14748
7871	5221
18235	3894
7327	6914
16214	15318
8141	2187
9316	9672
2539	10275
3615	4220
6923	19277
4140	10370
1047	1765
18434	15894
11882	17804
14603	1278
929	18811
14052	4177
7264	17302
2750	6607
5195	12042
15314	15718
10336	5913
7341	10400
4928	2984
10652	16602
6323	2706
17444	13160
12082	427
1069	18655
19054	15266
2664	18412
12051	11420
13284	3464
11607	4656
17927	885
4569	13441
17762	3684
16264	3563
14459	10904
4113	4515
2082	15225
9551	16933
11665	12190
15645	3706
10749	7803
18362	14488
14568	7930
2757	16910
4545	2099
16589	4208
6000	15842
18131	19438
624	15552
10858	7670
5300	19049
12793	2625
16636	940
13101	16793
2593	10147
4750	17449
5443	4811
11807	5837
14202	1878
7476	18052
16404	3237
7401	4069
3551	7273
4161	17815
4675	993
17777	9836
1824	3957
1444	11610
6348	18670
9628	747
9090	9285
315	18758
11549	19960
13483	6267
5449	15170
1574	16551
7063	10020
6570	3297
18966	6091
13889	11389
10343	59
9206	5681
9407	4452
4672	573
16843	200
14737	17104
10287	241
12066	15770
1479	18569
12772	17714
19618	18942
11648	7868
1465	569
15344	13439
15427	1047
14561	7264
14458	10367
17438	18762
11531	724
2151	10724
8785	8906
10757	19389
13966	13353
18824	11013
13017	16276
11638	4470
9390	16333
18133	13295
5628	17680
1237	12839
8790	2337
16623	18089
6685	15970
16996	11779
12948	7999
15616	14223
9961	1744
17403	10284
4673	314
16073	4859
9229	2173
18535	125
8494	11126
12063	19063
8611	19068
459	18775
9746	10276
308	5765
5325	11720
17956	13859
2306	6234
1252	4460
2091	13804
17800	3884
152	3168
10620	13605
14820	13818
18731	17199
12521	11185
16136	8530
12625	8104
17029	1216
3210	12271
516	19922
10059	16188
3590	11828
9437	6630
12549	3030
350	2205
6062	16903
13669	4634
15083	6839
6243	8393
14407	15253
4398	4642
14351	452
14287	19413
12825	13975
4792	16309
1299	1454
12913	8580
8333	15236
13324	907
8242	4408
14546	7757
9392	13546
12684	7205
17257	4346
3611	6346
7047	4391
12417	17509
12642	13260
15151	5445
5011	1680
6296	13778
19306	13698
12904	14118
19442	14423
16514	2301
19595	10421
5659	5398
9805	16463
18012	7611
13342	18635
17835	17751
3917	13995
791	11435
7599	3214
10707	16556
15625	3616
16574	12122
4009	10663
950	17958
13443	17800
17770	18203
15002	378
9242	5372
16616	1682
6760	19561
5467	12911
9856	12791
17025	8124
4977	2419
1573	3726
5426	10723
14515	17181
12992	2151
15620	10487
1855	6575
15356	848
15458	5393
4048	15442
1570	2428
10220	12774
2883	14637
12269	16217
17476	10865
17802	8871
12810	6061
12425	2860
17562	3885
18626	1295
4033	7816
12151	13664
11449	9717
17628	15608
18390	14796
10271	13387
11536	11230
16990	8728
13774	19568
12074	2826
661	19478
812	6495
11368	11242
12680	10369
18369	600
4118	17564
15023	14273
10188	18180
5903	13519
11741	15382
1398	8435
7221	6438
10892	16205
12938	8797
16284	6119
13376	2681
12555	11861
16936	6985
11940	13372
5564	16234
18815	14385
11288	13428
7720	11904
6869	8658
2267	5568
14128	5695
10959	794
1943	10279
1346	19609
18836	8379
1736	18632
19380	15376
13304	899
10800	18367
12414	2722
4903	6908
16474	2910
6633	18168
9630	19777
5375	17307
17977	97
641	3735
1290	16868
13287	7952
6295	7527
13789	18790
3071	16455
18118	18647
5519	10419
2732	769
7459	10835
7826	17171
5777	15873
9786	896
1937	18527
3539	10560
604	18251
13536	9864
15752	13294
2648	9522
9218	2175
4589	6670
8215	18269
13706	5280
5713	2529
3164	14067
17460	2232
760	10045
5055	2530
6041	14159
17937	8481
15169	17944
502	19369
5668	7211
6559	8454
7405	10206
7815	19566
8003	12829
129	11026
4002	14958
6942	19501
323	6500
13810	17403
14267	13072
13362	5812
1963	5130
1024	13732
2608	11325
11478	5697
15035	16907
11114	11557
14296	13225
1749	6793
15070	7959
11201	15872
2505	7018
10817	14787
13390	19288
12724	13812
8902	16038
15069	7920
2360	15393
5452	8036
4438	10010
9989	8617
1380	11240
1674	16109
19158	10411
14911	19421
6692	6453
9409	18710
8618	7413
5733	16178
5262	539
18137	108
10118	10862
9922	7852
7782	800
13193	19942
7062	15437
9484	18273
12581	10260
16382	1930
19633	1580
14211	7181
12234	5904
5082	13405
9721	6516
9254	18458
7765	15166
11668	8771
9647	1469
19202	17529
19463	1491
1425	12326
9457	1783
7848	2013
6373	3274
6479	2378
9929	11850
9673	8720
8938	3869
3538	13996
10465	1293
10935	3102
9736	888
11312	9873
8515	16820
9433	14736
10004	5552
10174	11768
10477	1359
5542	9302
13815	17810
2169	1720
12046	19739
11256	3913
6623	656
13446	3483
12333	15706
18246	1384
6252	16065
12148	12650
7604	19839
4286	14740
1030	8558
1097	6285
900	16650
15170	3077
8318	8276
4480	12724
6472	8575
2977	13363
16540	8704
8158	179
18579	14429
4219	12378
5305	11653
16170	4075
6171	2863
14453	11813
8803	6157
8099	601
16181	1920
18458	2115
8156	2075
1208	5971
1056	19424
11444	17816
3901	5902
2891	16815
18265	6898
12508	2937
14588	3381
13013	15845
14485	14665
13424	6913
10928	10281
17968	17651
12152	1108
7935	6772
11234	10797
5150	17983
11276	18129
8483	12077
1357	1497
9624	10177
2473	15053
11422	5030
17870	10102
2068	19694
18928	6560
15073	4997
6340	3731
4296	8987
5845	4766
4542	12880
2938	7170
7915	3216
5208	16961
16368	14283
15877	9494
1460	8622
14730	14146
14974	208
13052	19246
1457	4732
1605	1217
19479	17730
1215	18313
6087	16041
17173	8039
107	6662
9247	15760
8981	8887
16934	14336
224	3972
2372	2940
1900	3328
19270	12920
17099	16787
6	2979
2973	18467
7170	7208
10326	17205
5622	1073
15226	2884
17485	6249
13448	16633
3399	18636
16638	603
17089	9899
5225	5025
18353	15405
19319	2008
1292	16757
16268	17456
11246	7336
9317	19509
6704	10059
12133	16410
4904	4986
16620	4694
9236	8184
14593	17511
9248	1210
5657	1345
13719	12272
14766	19185
15144	17906
4897	3776
2309	5458
3982	9936
5745	1064
14013	16151
19115	1863
11626	3392
18921	18275
1076	2352
13444	9913
9011	16842
16374	13944
415	9602
8181	13054
15005	13543
5013	16977
1369	2974
12135	10452
15828	15618
6040	17574
11489	11239
8173	16889
12774	1320
8270	17953
16158	6241
3237	8372
4394	10099
5198	3638
2238	1143
7526	7155
10806	4206
4770	4166
19020	7871
6429	19460
14103	2876
515	9256
10770	18714
4799	4092
2057	19772
7790	18229
9146	2335
5762	14370
8088	10121
18183	2829
5078	12021
858	6750
10555	14712
14597	12609
9584	9619
16786	16082
2737	13590
5703	17671
11461	17717
15756	18125
19120	5653
2804	6203
6289	13531
12794	8859
7704	1060
4866	11859
18272	15505
16910	9527
11909	5752
920	18689
16098	8861
965	9117
17756	2417
11841	2538
578	18509
7730	19785
19461	11195
6648	15309
7602	5772
304	7118
8903	19627
17394	18160
16315	11957
7767	16856
13410	15523
10256	8032
13185	17034
18776	16402
10569	14395
10394	5629
14839	3814
12190	16024
19390	1128
10402	4439
14326	13148
9890	13700
10112	2561
15086	16723
3310	3746
7816	15081
19081	3184
17906	12792
13963	12039
1559	9648
17537	10289
18071	8181
13302	3832
7798	18581
11113	8948
15547	17431
18601	2504
3494	8912
2577	16454
13309	2251
1576	11866
8724	11871
10863	11521
9756	16312
4709	6024
5146	5149
3517	16242
3446	13985
7988	11655
2649	15537
4294	13845
11708	13507
6098	18808
17342	5481
3040	25
192	7884
15657	6706
16916	14269
6143	2567
15406	2605
18134	3840
11894	2083
10716	6238
5377	15207
3263	4633
10306	14439
16850	7085
4130	17019
6792	18882
15216	383
12439	11425
15728	13627
12882	11781
15880	5232
11917	7065
15689	13940
9735	14456
2402	13501
11576	19457
5000	14697
13767	9416
16353	13729
3858	19386
904	7585
13629	3317
6669	2795
18355	12041
7750	17161
10792	5753
18413	4573
19320	7941
916	11788
13260	2323
12960	11058
12392	5726
2967	9893
1566	16319
13117	3312
14123	18111
3983	9065
12787	9781
4865	5588
1220	11771
8134	16658
5165	16802
12978	9823
5345	5380
14930	15044
15401	14295
5453	18107
17162	6902
16248	12158
8118	18893
12005	5316
9037	10940
19268	1086
13817	11076
14417	19020
1810	1509
12953	18299
17390	10426
730	16863
14544	5418
12386	3824
1046	7769
6336	9487
5346	16018
8873	6482
13485	2146
17547	9537
14055	19508
9401	13053
5075	17565
15722	11104
7180	1537
1010	2524
10498	19300
5338	5897
8295	9754
13658	14924
4451	4048
11594	5660
3309	3388
5639	8336
12848	10938
17643	1655
18536	13280
4337	10620
13242	15656
5934	11457
5259	10939
18680	8945
9264	8295
16515	19035
5383	17029
11697	8981
11596	5454
14327	6895
379	10360
9048	12765
17016	12250
6847	5658
18990	12293
5380	10498
14205	4903
11503	11136
7612	1495
19331	18917
13459	4419
11209	8841
1989	10357
4858	7446
8582	7328
1593	17741
3321	7503
9887	19537
7317	913
6140	1902
9326	994
7139	14555
4190	19173
1177	3861
7461	9962
18610	19103
7268	16393
7460	14562
12480	784
14369	1595
16933	2447
7427	7467
18472	4455
18340	8189
17768	2064
14529	13025
2386	12732
239	9138
15043	10365
16119	17430
1083	10630
897	6999
95	476
622	3060
11527	11264
792	84
10795	9599
9173	5876
14007	18911
9192	2879
17116	16346
6537	12977
4075	5334
2555	17452
7319	9499
10669	8014
9617	17701
7801	18435
6094	11408
14354	1676
12593	12495
17854	12860
10022	204
16532	14023
8335	8758
13208	1621
775	15325
3132	1963
2531	4353
5555	2776
16060	3276
11857	8972
13725	17136
13987	6167
7239	15689
19382	18953
4383	7119
10470	6558
1250	6326
3064	1753
5782	15418
820	11150
11771	6411
2622	8116
3151	10478
2992	3872
4032	3084
5239	17854
8911	7017
4689	9362
16656	10771
2330	6561
5093	16409
13025	18990
12099	5342
11643	704
14064	1409
9228	7254
7571	1457
13620	6086
1812	17122
4403	2314
19006	927
12779	16750
6008	14142
16973	19947
1748	12673
18149	12497
14725	7322
9470	10405
13674	18625
6493	3143
14753	14434
17209	3235
19303	5638
19322	9071
14834	71
10899	2045
16286	4756
10679	3054
15350	7628
12377	18328
5355	19769
2466	10933
11151	13413
5399	5315
10345	9681
13165	11015
15757	7737
11754	11332
10305	3241
2576	4402
17804	1836
13884	11651
10050	8384
4156	632
6876	1774
4879	16994
19000	4249
2119	7327
2507	4593
13074	19943
14591	9698
11827	19567
9990	14289
9123	18676
19276	12657
1167	17980
7967	5553
15663	7342
18232	12888
8041	1596
954	6691
13630	18750
4827	3486
15409	5355
6213	8175
9963	16788
16232	12390
9619	19790
19630	18936
17688	1473
19033	4448
5017	13549
14874	12286
9749	8477
12155	5755
8362	16053
15776	1506
2803	8781
7648	19781
15577	13277
7275	19407
15818	16568
4409	15928
4422	11770
16809	4231
16890	12851
17508	2372
544	19082
8292	8544
16094	8953
18621	3561
18522	15339
1938	5738
13034	14490
18985	7949
7007	4693
6425	9830
8059	6031
10269	11097
13082	937
15318	10946
1127	1402
361	840
32	4297
7930	19563
13754	17356
2430	8126
7976	6942
15662	2193
16324	7742
18714	1613
18250	10739
11752	14126
4344	7974
4990	13723
9307	7024
12233	8315
14697	3000
18811	2036
11654	12709
9899	1255
13537	15284
226	9953
962	6051
11153	4658
13665	6988
800	3456
11290	2794
7407	14990
1781	16100
18771	1512
4443	16664
7591	1956
9243	19465
6259	10832
9752	14103
42	16813
14979	16707
17708	846
6800	12683
19586	10789
8864	15129
18281	1548
9502	13498
1650	3679
16172	8176
18932	4405
13170	15818
14843	3585
11102	3446
2957	8610
8604	9402
15855	14086
19407	13436
5712	7443
16234	11518
4431	10264
1818	11187
10086	6418
969	6477
7849	19872
6265	128
4486	15080
9351	319
1383	1612
19436	8675
6721	1796
6209	13259
18603	10990
1480	6169
12445	985
2964	11490
12949	14913
3285	14174
12891	19648
6619	15340
2955	10041
98	19626
4918	14911
2630	836
3596	8186
19510	10548
7472	10144
17849	17294
18177	9542
9973	2780
2700	19480
4857	15544
2794	10885
16034	6543
8942	1453
5166	8473
16282	14135
2780	17639
17408	373
17310	614
15688	19358
1336	11812
18574	11740
19583	7394
6667	15787
3322	5692
10839	18834
13626	8914
15835	7943
1162	17145
18768	6196
19473	17118
3537	14943
6043	19719
8796	19123
896	11155
11634	12237
15419	423
18344	3375
18804	4286
14775	19021
3523	11674
18987	10738
5379	8584
2726	12884
4282	1304
11299	18364
7559	6365
3749	2350
6078	11257
10107	8897
14009	13820
3805	9006
9476	16619
17518	13561
12877	9500
7792	8583
2412	18400
3878	14265
17674	8479
13219	8120
4758	17487
16241	13660
1119	7307
15303	2180
18986	4641
6910	6366
17292	19959
1541	14945
13073	12509
11385	11693
11049	18998
16287	14298
13400	1583
4379	3275
4617	17609
5917	3565
5529	11633
4026	17099
14891	17143
12035	10880
3442	8917
4793	17770
14229	14073
4810	11632
17923	8970
19645	2071
12206	18652
3424	3856
15513	4592
10331	13087
9754	16565
11038	14727
14803	5597
1195	4195
2950	5272
11720	12140
18858	7892
2240	13016
4624	6115
15092	365
11619	275
4357	873
14992	8734
15613	4849
795	13283
7769	11091
7833	8716
13403	5780
19236	11189
4647	7056
4841	7175
19503	19681
18005	15736
11852	12741
18203	12139
8918	13762
18215	19914
18034	1893
9065	18106
13350	18406
3844	12817
10877	677
14171	7599
17152	14802
7594	5615
5204	19585
12975	13873
9832	2714
10769	5950
5604	216
18965	18241
2654	8723
13206	5321
7671	10126
14418	14851
2431	17254
16896	14890
15373	15758
18494	5180
4946	5743
8479	3408
1826	7641
12367	17113
8081	15634
16166	4701
17894	6515
5368	18508
11507	13613
1663	10510
17017	13180
16654	8247
14003	14613
3239	9656
17138	3288
14759	8248
15203	17576
5630	12532
11216	13618
12430	15764
6991	19945
5687	5554
2535	10542
7580	16555
9350	4047
13758	17776
5455	10037
19453	12399
2470	4034
12491	17023
16272	7565
19557	16186
1629	11956
17875	4127
16805	5500
1136	12444
13771	1044
2945	11835
1455	18493
7084	19910
12246	7738
17884	14097
1659	12215
10381	12984
2788	11909
15759	18520
2420	8037
7783	18815
1993	8535
16485	5551
15045	3103
15813	7705
13643	13752
10690	11750
14278	14918
10838	4904
7	5868
14242	6138
2633	15138
10346	7832
8646	5093
18383	14670
11076	1230
11313	13887
13814	5511
9103	18918
194	15017
12944	1438
17306	12038
6249	8267
17378	5168
5678	13998
18538	9517
10092	7380
1289	13879
8713	18042
14070	19503
18114	6394
9684	19793
14938	1739
12614	8852
2204	11849
19565	4737
7167	16997
13542	18315
1932	18317
6274	12635
13104	18884
8982	10606
8709	12980
505	10259
19631	5980
6054	5387
7434	3291
808	15356
9662	7339
14112	14908
14206	7425
2966	9326
10668	12009
2257	6386
13314	6499
8279	1526
12698	19710
8454	6501
8580	2966
2956	11345
10932	6796
2399	17811
1420	11524
18596	12167
17536	19181
2574	18245
3506	14481
4626	5068
1941	17375
13306	17010
12862	8484
4381	29
18160	3062
11476	778
5391	9097
11698	17311
18410	1832
10673	877
62	7140
6786	1532
19332	1007
12942	110
7971	19802
5892	1844
10891	8221
4182	18320
17440	4009
7050	1864
12255	13756
11924	19259
2035	17170
17656	10746
4151	9128
4324	19687
17401	17391
15778	4674
2172	18778
4080	19289
3553	3053
5140	12753
4055	18959
5201	4436
5339	4420
10328	818
2528	225
14159	2515
10775	6905
1523	13764
6744	4356
2936	14452
17612	13348
19527	2017
5393	198
12582	8707
5373	4078
1311	868
10972	4319
9515	12176
2520	1897
2811	19419
15116	14294
17032	17912
13182	3206
17757	4708
6222	12373
9512	19450
18515	1081
15528	3558
17341	17689
8699	2207
8230	12294
4722	4241
15992	16210
15056	6545
1546	5594
15907	1369
8155	1695
13382	6743
7223	3071
8669	11772
12783	7221
18957	15520
3926	7469
6396	6572
10751	7359
14556	15635
1126	19284
9184	10818
15102	16130
10649	1690
15890	7080
12803	17596
17812	15788
10492	3319
5774	7319
2259	6954
18178	6538
9570	3178
8895	5916
8738	12861
10643	3961
12590	13960
6606	2340
18743	1172
10831	162
19166	743
15659	2989
1281	9434
17358	16305
14785	4716
11713	8673
12166	14832
336	14049
9569	10105
1981	3170
9199	12110
6182	18549
7927	6181
1561	342
13125	13628
5935	16853
9847	10713
6887	16772
5328	18025
489	3425
4956	5240
9359	10303
19094	10438
17881	10752
4408	13082
13120	1030
1999	9012
19279	6957
15734	9707
12641	4875
15097	17788
11750	9491
8675	12877
4467	11765
17188	4428
7654	12065
11262	6315
1189	2943
12911	2395
6500	11480
8372	7463
15680	878
16891	3969
13544	5031
13617	7265
10955	4831
17028	15615
15933	11946
1911	2580
9672	17274
16767	10299
17165	4880
5792	8753
1682	3860
17758	33
1406	15820
8074	13318
16643	17446
9789	6704
11131	9460
13596	16413
9507	13902
7950	19433
8666	18717
19524	5723
7847	18519
10452	9772
11116	18510
7745	19706
19626	18797
83	8012
4818	18026
10973	19398
5837	2675
14409	1146
14937	6611
5099	1755
908	19944
18492	17240
7525	588
8762	6994
10486	11831
1754	18353
11770	5805
16179	10619
10869	4639
16728	147
19374	5141
3174	9971
13612	13674
16377	2467
9141	13626
14220	9927
16153	6723
16443	19895
6022	721
2710	5586
3126	1530
16122	10966
8062	9186
10755	6941
8578	19992
10872	8688
10273	3389
6318	74
16014	11795
14520	1077
13272	17936
1834	18630
10119	13900
1548	17363
10680	2785
3392	12822
1353	15801
1838	6331
17661	15261
408	3044
8459	3129
11952	1168
4983	15932
862	6449
5170	4738
16599	17898
13764	4503
8182	2899
16665	15860
14990	12319
6547	9103
1739	14559
18981	15161
10781	1875
12682	16372
17212	8735
14686	16311
4737	967
14740	14967
10037	17160
5395	15667
15100	2630
19458	2819
12248	12873
17105	6244
18823	12902
5243	19051
11363	5354
3007	10214
18278	16692
19578	13708
14491	18044
7475	14018
10244	1529
13831	14766
7845	5479
8058	18620
6159	15629
19505	14655
9575	1343
543	2885
2913	2343
2889	15250
10488	6652
2551	7171
12043	19550
16309	4467
1062	11334
1847	15587
10803	15010
2074	9171
14718	771
12463	14301
7596	5032
13191	4194
3142	1337
2544	11361
9265	7216
19364	11691
7876	19014
14403	3158
13308	11580
2545	11574
11338	406
19240	190
5509	8121
7065	5146
18483	12162
15064	14144
17222	286
10030	14674
4782	13371
1044	17130
4966	19352
10126	1396
8009	1069
7435	4328
2451	12007
7202	12688
8347	3845
11650	3564
15491	17799
12726	4103
2912	12288
15436	13191
3095	12801
13564	773
9042	16976
11225	12910
13042	15413
12158	9688
5688	11120
8970	17214
4457	3875
9820	15323
17191	8005
11159	11736
18585	3155
11112	14758
261	10479
17926	2304
8727	2412
12714	13248
15516	10054
6608	13152
16639	8100
15609	3854
5387	2174
14264	10777
15195	6956
15461	11265
9033	5070
7904	17320
16350	4660
10141	5610
11194	15919
7045	3535
17617	9590
6079	17070
7177	9989
6390	10654
7748	9099
13241	9689
11065	6991
7133	5502
9919	6297
4927	18278
18011	9318
8501	18132
2313	13924
5274	16422
13030	13503
6064	5058
7529	2575
9903	16320
6300	1435
12964	11517
16505	15488
3282	11637
18702	7839
10505	16792
18781	13214
8965	7275
660	17819
8726	11500
4154	12865
10338	9835
19210	7203
2413	1847
14416	1708
15199	8729
6908	4518
3422	14392
12752	335
16913	8661
3554	15980
15581	7172
14698	14093
11805	1049
4959	10166
18724	16464
18405	19305
7941	3256
11447	9871
14259	16431
13554	10362
16345	2599
11508	13901
2672	8182
18308	8131
16648	12576
15575	8947
6235	6798
7487	221
4719	9572
8552	12659
13700	17558
12888	12338
4287	16385
14757	17131
1484	14156
2937	16044
3112	12739
10342	9037
13818	8389
3973	3693
17679	11164
12997	12969
4704	11147
11646	18760
13790	1119
6102	9368
14707	19504
10638	7247
12379	15105
6111	8236
1997	15495
821	5983
12523	5663
9155	18662
3415	2163
5933	17660
2954	8816
16978	12546
7646	16014
11957	87
16009	11988
2984	18706
7673	16291
8685	18263
14535	13168
10490	137
8162	4778
15703	7830
14098	14280
10055	8085
18345	612
12678	3292
16844	16512
12849	13894
11664	3778
14297	19303
6099	2227
1842	16343
19134	14060
8298	18117
18305	7987
7567	10122
7723	12457
17799	15834
9839	18408
4514	5964
13995	10432
116	12825
16148	3534
3528	19269
271	5386
17767	9941
6350	6819
5887	12718
14879	14441
18998	10999
6246	15953
14311	19098
3550	751
12667	10096
18655	8096
13531	9497
10890	17265
345	11567
5159	13360
10460	6525
16802	2896
11624	18499
5504	2200
9968	13265
13000	19425
7345	9526
405	17685
4084	5194
13456	14407
11271	10220
11036	11458
12920	9556
11893	3623
14770	9798
13225	16448
1821	14397
15704	19639
258	5536
8793	18062
12300	9956
12512	5682
9658	8357
1668	18200
8522	17300
3176	4083
9773	9054
1849	17175
16478	15826
17295	16383
963	804
9421	1387
9152	3538
5530	13252
15060	6647
802	5757
10077	18016
382	13672
16430	15593
14261	8566
18148	16827
705	3200
7162	16617
18085	8950
5989	10322
8441	3329
6007	17435
13765	8450
14427	15526
6638	17129
2498	10727
2059	16335
13802	19515
8430	11793
12374	17666
12592	11078
5977	16032
10400	15843
5656	13271
15278	72
14613	15955
17119	14044
16857	14417
12880	13623
14906	11842
3990	8968
4526	17007
12434	18721
17370	11668
12015	7022
1983	17859
6689	19402
10908	4215
19372	6146
3616	9884
12587	7120
13075	5917
15981	6459
15152	281
8676	10254
9399	9532
16835	13983
6534	19958
6063	19122
13654	14099
2046	5420
5270	10246
3329	14286
3129	10457
17108	15876
15739	2987
13820	4988
9241	9859
16668	15988
12666	14654
10537	7925
6011	6253
14749	12776
10784	10079
2403	9219
19252	19115
1579	206
6631	19746
11230	2114
12990	12305
19597	8847
15559	17141
11187	9081
5520	1731
12096	17876
13525	13229
16906	19641
3081	18724
6612	7386
13229	5165
13494	11891
6361	16567
19289	18865
6398	17779
13254	15354
13954	3992
11138	6785
13327	938
12431	5998
12738	8863
15507	3926
12919	1197
10897	12424
1919	1656
18184	10944
6227	8713
14793	12123
14985	6173
7297	18403
8595	1960
9441	5986
5423	15072
6830	9665
17989	15471
19627	16487
10529	19795
9046	16246
2088	344
5932	17185
4390	6155
15387	6098
7895	10212
4295	12327
3932	15174
14301	13929
17869	11738
8331	3682
902	11243
306	17650
6262	1742
9873	15971
15764	4556
12627	9867
10893	6601
18738	15257
12018	10623
8050	12308
5427	788
19149	12115
4421	9472
17618	11602
10540	90
2387	8071
18036	4952
9521	16340
18453	9392
7149	15180
5411	14535
4676	829
10824	15642
6651	4505
4632	4577
16871	10829
17340	15380
1679	5847
12384	8
14116	19928
5920	15584
17061	11481
12013	1240
18589	15518
17876	12882
18883	7061
3819	14659
1137	1190
8101	12602
7022	13755
1532	5856
17890	15561
3867	7698
2642	16804
5575	575
1103	10202
11543	5456
16454	1326
3560	6381
111	19920
10561	10272
3503	17809
17747	12470
3972	12484
2679	9467
5185	2566
1980	9651
9289	3863
11130	3270
17689	7577
10549	19475
16539	7440
14073	3675
11280	16047
16048	7315
19639	18896
10501	9603
4234	18683
4602	14145
10508	14770
9410	11509
5331	17973
1160	4273
10910	1576
765	10297
11911	12296
7573	15210
13256	9848
12008	15367
11639	19385
596	6698
5640	4870
1540	13089
5866	11347
695	3932
15845	9677
6339	2695
16496	1244
6045	8664
665	16950
16461	4814
19570	7148
10754	5975
4822	7034
3565	7101
15392	11453
14021	3164
3671	18074
2031	17498
16131	6831
11836	1988
6422	5198
13517	4909
3368	8597
14169	16732
19449	1370
19007	11565
2723	16097
11108	7741
8320	13760
2121	6148
13558	10833
7081	5199
13778	12535
3563	12550
12124	18857
127	9954
8386	17814
17723	5270
375	150
13524	12915
64	2649
6447	10204
9086	3141
10683	6863
12353	14411
3477	10605
1332	6484
5594	18650
18113	15669
10390	13347
726	14143
5482	17851
15506	9281
2748	14616
3268	8746
18282	6292
6881	8851
12529	5973
1133	7861
18869	17943
11067	7363
3087	13870
5253	5630
18627	10004
12065	4764
8932	14072
17409	19069
6360	15855
11705	14621
3104	5114
2538	12328
13084	7789
17422	17482
10296	11528
13598	5748
1388	14003
1844	8955
11825	9248
19446	6610
15019	7229
9267	7187
19174	7427
16396	17845
3764	8712
8984	15573
9549	5415
6356	19505
6513	5013
1909	1245
8550	2894
2481	7702
15900	3929
19103	237
17606	15238
19488	12680
19143	13980
1843	1972
248	9756
1435	15786
7481	14864
10578	13910
10283	13056
15090	17907
15335	10314
19650	5619
11205	14083
6186	1321
3463	9404
8905	13642
14057	1857
6533	2743
9882	5636
4481	1470
3829	8117
17060	12630
188	14765
14923	3484
6615	18449
16894	9149
18747	6401
12868	2022
13070	15596
204	214
15941	16365
10144	13982
7236	9512
6548	6625
11733	19023
9691	14219
18298	4089
3039	1261
7467	10638
1339	10194
14751	7624
1288	18615
18447	18438
1600	3302
15950	14564
17244	5160
5577	267
15130	10882
3795	12430
15076	2338
12927	8024
8780	3554
19553	13659
10911	9659
8891	4371
12639	9940
12094	14248
12965	4169
8349	6889
22	18444
4978	1248
6037	3434
2601	6832
2916	18005
14557	11924
4303	7962
17368	3785
11567	1910
17782	16586
11533	3702
8017	5739
5088	1546
3941	4479
19288	1164
14166	3022
17003	14321
9266	13306
8710	12262
11724	12083
7891	11271
6255	5279
5868	3356
6595	17256
3397	6219
5999	7167
215	19787
13295	18550
1038	17317
7894	15536
9183	13497
1656	3598
11333	11109
13366	5338
10224	12893
17111	9795
262	18098
3663	17614
5422	3359
18706	11216
4322	16825
15555	17850
3519	11752
12382	9558
11193	17974
15567	11664
17669	5883
5334	1561
893	3394
13588	15929
9436	19275
12899	15743
3060	3396
9948	16562
18325	19114
12317	8539
1724	5231
11061	16888
5486	6732
5372	5846
10019	13362
18518	18376
2149	5598
18321	5083
12451	8482
8437	13024
16469	19835
8654	3975
16093	13465
12506	2079
13801	12883
9828	7642
8470	18817
9976	1970
13081	15396
9808	3786
3682	5642
3107	478
5627	2020
2390	13028
15678	15721
3206	17934
3339	5259
16120	1815
12542	8107
11726	8516
14650	17887
15775	13730
10688	7241
13601	11616
4686	6159
4428	18261
7799	16688
