5778	10735
3347	198
1365	1022
8693	12
3522	14276
9456	12054
3873	6847
1010	4843
18905	4261
13438	7553
13863	11076
2065	10547
18774	10542
12419	10727
2250	18194
12357	12381
10460	6711
3531	1941
9367	11908
5919	4421
7173	16497
17336	12219
8190	13428
15697	11124
4346	1914
15930	13299
805	4988
7878	13054
10169	13583
5827	2435
3571	14852
15687	13096
17228	833
19174	6193
4251	16899
18623	17040
4838	3651
479	13653
13697	10608
5951	7223
11377	14437
159	19213
9958	5412
16107	5269
2334	5729
3815	499
8213	4016
9023	17911
114	3870
13023	14482
3698	12698
11866	575
4107	6738
6393	6814
10093	12646
13024	6262
13383	9535
18666	11184
1035	19546
10682	4202
7473	893
11954	18849
12986	9757
17189	877
6428	4301
14062	6980
9315	14428
17217	16589
18702	5896
18007	13325
12074	16281
5164	8981
6911	14871
751	1130
8998	5011
11885	10641
5436	6935
3410	16424
9726	10030
18331	17442
11006	18092
6101	11133
11145	9213
3782	17368
1998	6609
9393	4837
16611	8103
302	3409
14185	7185
3183	4645
9163	4398
14492	7148
18066	9693
2111	1486
12599	2450
11541	12144
5588	9530
11084	9249
874	19302
13554	248
8883	11010
996	6913
9635	6382
5832	1453
15176	14441
8227	15743
16092	6841
11575	12505
1626	6296
6633	17821
1275	5686
19690	4267
14158	5436
2217	9243
15076	7575
12244	15836
3938	14134
8935	1721
13118	11658
15513	19185
18001	8780
5065	11995
18591	19488
10021	228
5497	388
9697	4717
12114	7409
15024	6540
5210	3182
12818	14609
15756	6297
6527	7727
12195	18795
4279	7453
220	5051
12553	17211
13088	10655
12882	5973
5734	8134
2635	12447
239	14421
5373	7640
18142	8980
13284	14510
7037	5701
18198	18317
12829	3312
12581	13415
2032	8186
8908	7980
19442	6381
1915	2366
1561	4925
1935	5831
2011	6198
324	11518
13621	17469
4494	12617
2775	11638
14434	10296
18762	11026
13929	8890
15199	17314
4670	15987
8279	6049
11950	13044
7031	12229
13112	10978
19093	3205
11054	11148
11784	14913
6454	7498
16161	15189
17115	5766
15665	8541
15216	13966
9375	1799
7612	18590
3267	10553
17919	11558
18326	6259
15330	18528
17081	7629
9883	3269
7335	17736
7651	14734
17713	6241
4523	285
3431	9106
15139	853
1107	6202
6153	1816
15989	17779
1040	4797
4752	9872
18361	3840
6059	14936
15261	12528
4089	860
12039	3113
4122	7549
18981	8141
12743	844
5858	10097
7615	1261
15762	19473
7445	16774
7271	11024
16417	16127
15658	9437
11403	19701
6250	7598
5599	2475
5473	14923
17303	8495
3174	9699
8366	15295
7894	11726
11587	9377
14349	13804
6934	17129
19758	12355
9490	13402
18204	14116
16523	3304
2281	18793
2747	3916
15243	15067
15267	14611
14479	41
18103	10265
8989	19376
806	9081
18706	2350
5226	5676
2317	6525
4940	4624
3901	7486
2667	14883
11008	13207
15420	9877
18697	9070
6580	11702
13510	17612
16923	6993
5209	1630
6588	3648
2304	4650
17597	1349
3613	15092
18903	4555
2511	12827
8800	11229
16540	19109
14208	8343
17074	2119
10546	15934
548	17842
10919	14682
1355	2917
16331	8285
10013	1523
13534	16366
9796	2700
16853	6470
5620	15886
1832	17730
15621	3561
16169	4528
4150	9038
6773	19716
17291	7596
17437	3568
2140	7504
4676	15044
7279	10990
7214	3888
17465	14435
5074	935
1487	7413
16936	9927
5752	17899
13620	3127
17941	7665
5687	14481
9126	3015
7779	19649
3690	2064
2248	5750
5154	7305
10454	16457
6520	15675
2829	18702
10690	7220
14466	9854
9022	19517
13655	7320
10204	12689
1544	4725
13804	1441
10884	14835
4212	18274
526	2749
13168	19760
7764	14147
14851	7478
1765	17597
13272	17061
18906	10110
11251	926
18649	4793
17527	1023
3741	1470
4977	1418
14229	15537
9983	4363
2738	8459
3721	6436
15961	3471
11339	16851
15478	15994
7580	5470
4705	8405
18816	9706
686	6011
14256	12018
10814	8879
16103	16887
13015	6971
4814	11776
4841	3023
2771	125
4904	10420
4708	15188
3137	7762
8038	5984
15012	9126
3577	18646
6504	7730
16118	12409
882	17242
16478	14213
4070	12740
2883	8512
10736	12643
14428	835
955	19225
7104	8849
5607	5146
5507	12748
14572	19055
9812	5310
8107	14717
10123	13125
9286	9656
3769	12413
17891	13850
4662	3759
2361	16935
5314	12642
15991	10721
1131	3685
18304	8913
16404	9879
7535	9010
5871	9424
4222	17553
9474	10359
19745	825
19698	4481
17433	14509
3153	16831
12271	18677
11888	10510
4667	16944
2268	8187
16662	6212
13537	7443
3680	16221
11225	2581
7262	9740
11563	19291
3435	3297
8304	5736
12194	16406
5001	14860
6256	2006
7044	7401
13521	15167
5305	16317
14964	2303
13780	14529
18236	3284
9704	3511
5488	7749
14890	1293
12593	1007
4631	5029
3264	801
1159	14666
7715	3792
17720	7963
17643	13745
15369	2760
13428	18404
12597	13737
15191	7281
9542	4913
11846	4978
6024	5824
3628	15579
17080	8119
17871	5715
19347	4056
7412	14102
1374	19387
18130	8027
4769	12582
17146	1662
9966	7953
2310	7608
1870	5927
5275	1745
2475	16482
6689	12871
18715	12223
11256	14379
19726	3208
6069	17832
1006	5393
5357	13492
2922	5521
3696	16017
10203	18444
12789	2104
2471	6671
13649	7534
16046	17311
1845	19180
15342	7750
11234	10561
19653	17739
13224	11932
6309	17196
905	6868
10403	11559
12998	19274
13976	16115
17759	11562
16248	5111
6662	13311
4360	3930
891	17072
6394	5032
11049	13017
4373	12622
8915	15132
9269	6232
9161	8040
15900	6577
6144	12596
12683	18756
11989	5977
13671	14182
9011	16187
1864	16335
3767	12995
2141	13707
16345	19602
12465	2889
14838	11057
13516	5660
9389	9448
19053	16694
18346	19051
17679	19385
9628	6257
5931	1096
12036	15503
2152	6310
10367	3188
1301	12386
9175	2278
7367	13779
2283	14
10638	6655
8310	11014
10126	15515
9888	14375
19508	7902
4199	15841
13312	4034
8658	15398
8457	12237
12808	5053
9488	6067
18889	2288
18495	10017
14184	19572
12200	7140
18175	6853
10726	3085
17994	13344
7379	4413
19688	6933
17663	13801
14671	3171
14280	17188
4604	16166
8677	586
6883	8231
15737	10459
19322	11752
6288	1075
10521	8411
5086	12441
1987	14471
7667	5872
1390	15146
1842	1391
1273	9349
12272	15138
19001	19770
17481	12160
16507	3976
19393	18942
6572	18604
14772	13723
9582	6665
4513	10187
11194	2179
5801	7392
14564	8626
3976	12284
18931	16192
7957	611
2716	19585
19134	5670
12363	2771
13486	11731
8659	2063
10951	5263
5994	13842
12225	18350
15816	12916
18269	6015
9029	10415
4510	2563
17492	16052
2873	17546
4529	1682
5180	1720
6866	12855
16440	8637
18920	13923
15753	12111
6062	10267
18957	3299
2887	8003
6721	14302
16301	18013
15459	12400
11770	5340
9060	11936
16117	18948
3135	4982
19231	9147
8272	330
4821	8418
3906	10400
9973	7769
15386	14355
10483	6745
7389	8373
19241	11819
3733	6175
774	4206
13567	8159
1317	8118
19008	15789
11766	13628
12482	8718
18167	15057
12586	3923
18474	13935
550	14200
13871	17558
14348	14028
18861	19629
7248	10857
15022	540
17572	3937
15399	12113
7656	628
6589	8746
11212	8369
196	11793
12859	1855
16773	1783
10807	13090
3235	18246
14587	9739
16701	6071
18423	8655
9847	17323
12044	4365
6849	6407
14767	10775
13977	19512
11940	12970
18551	13613
13644	6218
14424	5192
4335	6130
14850	9917
7045	5156
8447	8377
8131	14683
16372	19282
14011	2625
4454	7408
2191	6363
10891	10932
2774	4509
17048	17110
4783	13094
18604	6871
14744	1490
4822	6502
17676	4989
757	7470
13117	7180
14274	18225
9487	15357
15878	1968
12400	11845
186	2168
2991	9944
13517	13105
11900	9675
16679	19342
4707	18388
15982	19574
16184	6254
13975	15297
4432	3018
10753	8063
19649	17660
4947	10873
1315	13175
5878	4966
17855	108
18420	13862
16290	19523
17447	13029
10150	4101
8020	3918
17019	11433
9613	6842
14315	15487
120	12241
6680	12964
8374	2884
3026	17791
8032	7213
9872	9841
5012	10295
11601	19056
1954	7913
10151	15226
19463	5453
17435	1993
9950	13260
8199	8700
8788	7838
86	19441
8372	12758
5621	4135
747	1305
14640	16803
12550	7588
11535	182
2420	10333
13449	16744
3140	3624
4968	7031
18928	18179
7249	13943
12083	2945
3302	10336
376	8112
1510	5408
19206	11918
13165	1821
1062	5471
18353	13128
3326	3415
13334	15460
6363	11390
8837	7671
9047	12759
8297	18770
4367	11372
9610	11201
13134	12844
11912	14444
997	4317
2027	8706
8442	4097
10797	16114
5785	16123
11197	17499
19324	6252
19406	6610
15521	10988
7438	12946
18364	9142
6251	17433
13996	13750
18348	1847
8165	6773
19023	7577
16709	755
7116	8339
2208	5373
11538	10983
4307	3146
16340	9947
6882	9076
18272	3164
13847	17241
15054	11621
15207	18270
14618	19618
5036	13375
6017	14679
18079	7049
6535	4270
4055	2920
16413	15484
12471	1372
9052	299
16339	5588
6432	1255
8118	15538
4173	18297
15794	2813
1929	17601
12592	16973
4681	9560
7679	14779
2923	12226
19562	18876
17399	5077
7757	17085
12755	7729
7161	6231
10793	10365
2254	601
560	583
9181	5810
8713	12575
6248	9121
16809	7797
12142	18667
19213	18681
6239	3044
4894	9817
4893	2536
2146	16085
7008	9802
17551	16957
5662	13904
18804	16343
12449	971
15916	17185
2707	17560
3406	8460
8549	7915
15125	10618
5454	11140
10716	8152
2370	1510
11442	16456
18775	7625
14150	6623
16634	1506
15784	9375
1768	4926
3071	7079
19353	18587
19339	2546
16849	12450
1874	8516
6518	13584
281	3515
5908	7056
3892	12232
10969	3756
9035	11996
13848	16348
6534	15283
10985	10004
17594	17692
4564	18339
608	5863
2257	7007
10670	14675
11407	15906
14285	13611
3961	2548
4800	4920
4283	18342
1928	15792
8796	8108
9394	4535
9920	17534
203	6974
3995	9219
7849	15964
14227	2839
14920	4139
3424	7382
2717	13162
9212	7986
19676	9307
11603	9175
9578	8072
4922	5465
13342	416
10236	5540
14264	12735
782	18045
1893	1657
18004	14251
5615	5849
14820	8423
16675	14394
6047	14891
8666	14015
2253	9133
18991	17735
14786	3459
8082	9252
5075	16003
11062	6481
8712	12811
15654	9201
2285	1029
1090	17284
6466	18208
8028	13016
19365	18534
2714	3595
12077	13048
4971	17614
15345	11284
18472	12125
361	8264
14705	2181
5716	3761
15038	17537
12316	10468
19167	897
12100	2393
12134	3920
12730	5999
14523	17162
18012	5046
4022	9482
1985	4846
4534	3932
14605	8188
4501	9589
3181	13005
8762	18852
8906	18043
8704	16481
58	10341
11550	8362
7489	19553
12933	7735
17600	3764
5563	13336
2415	10474
14313	16072
9447	14765
6240	234
12118	19581
8379	11515
18157	17575
4540	8846
6910	10387
17731	12405
10558	9190
4491	19020
18188	1604
3276	15822
1948	13925
3256	5768
5992	5244
4595	16521
12061	11198
10949	5601
665	4263
16769	9061
7533	4770
10902	9327
4286	7677
1657	1913
11380	10141
3190	9472
7634	14388
8345	5307
13199	6154
3101	19289
13695	5131
9102	17089
11472	1619
13488	12126
16207	8206
5854	19411
3036	11385
11947	5165
17820	6164
16615	15559
7507	1530
14514	19000
15429	19556
10149	11115
3843	18118
15286	9371
9598	14684
17703	6146
11344	4043
13885	7235
18211	12766
14601	4609
9880	7547
8711	8289
17575	1211
10865	13543
9618	3715
13614	2129
14109	19330
11528	3925
17333	11781
9612	2635
342	243
455	3060
869	11714
15188	16820
17559	14393
18587	13855
1506	10357
2699	954
14470	4243
7770	14971
2054	19272
5347	14090
6844	18095
17108	10970
7825	8105
14257	4434
12093	10800
7569	7028
2320	12423
11271	13083
9475	856
8952	1395
6998	18082
1906	3427
13296	6286
15904	12029
4165	1774
17650	8808
16744	3442
5132	1226
1471	10804
17325	4743
17817	17171
10167	9481
7937	5763
7113	5339
6666	10091
15208	18304
9140	16710
12685	19442
11832	6503
2763	9325
7946	10202
3081	4705
16536	15797
15031	13500
18078	11675
383	15371
5634	16268
2170	3454
3377	19632
16719	18503
12329	400
3745	15136
18644	6616
1514	19452
3736	12196
7359	13242
8438	6021
9981	4744
7885	208
6634	19711
8655	8769
11037	2246
11889	7036
5710	4359
17929	1331
9709	12675
19152	15745
10970	13332
18750	6512
980	2633
17396	17837
8818	7759
2849	8531
10255	14958
6129	10963
10241	7340
6249	17252
4238	16542
5444	1026
17429	10784
8805	11746
9964	1917
14182	17261
17102	8237
3429	8322
6320	4558
9310	16824
2347	13475
4921	13399
10208	13562
7717	5259
836	8477
14131	12319
14134	6427
4382	3683
12427	112
16455	3329
18552	12255
1927	18230
16435	15652
2666	5511
4048	15571
10611	18299
309	8142
2976	16696
1556	9474
2604	17810
2659	14483
9246	13167
2956	14402
14724	19168
7782	14124
2786	3179
7501	9654
198	8218
7657	14664
10398	9597
13744	6969
948	5740
14853	7469
9082	5215
15823	19341
13508	15763
130	2906
12000	713
16567	2753
17456	324
6151	13009
752	1312
2252	7755
3832	301
15662	11521
7292	15560
5212	2661
10225	15032
6467	8024
16291	386
11090	2162
17640	591
18140	8296
11546	1350
18410	16066
19756	684
16202	9876
6874	9410
19612	19397
8875	5280
16276	13445
14454	8172
18553	19731
288	10116
17796	15779
2404	5020
16025	18221
11267	1244
4647	15353
9965	1049
4265	6894
3603	5584
2276	1985
6753	1186
14906	1626
6900	4127
7459	5044
15980	1343
4274	6927
8137	10780
10221	2946
15235	6551
8179	18911
18712	17723
4516	4789
4795	7201
7382	1256
6263	9329
18347	5811
3585	4080
16379	4860
17814	11980
15641	3945
14013	2566
7007	6276
3220	7040
2321	15416
2801	14010
10714	1336
8253	120
3753	3911
2014	19658
17462	3412
17273	7939
12320	10679
13795	11300
17223	6435
16099	1534
5952	4026
4834	9636
7374	13747
1584	4091
7943	3398
17265	9683
1972	16699
5825	19502
8033	1842
4951	17941
5844	8023
4842	17213
2512	13522
16181	7589
8468	17304
18531	17497
18080	14878
6494	18002
5863	9983
11674	8349
5158	16269
15481	11791
6212	13582
17592	7353
5224	10959
1507	2942
2955	7701
7177	16434
160	18930
17210	3954
10379	15485
272	6883
13874	18413
3544	14745
18111	15820
18259	6960
12719	609
10291	10595
19054	3161
14660	15043
8214	10358
9675	6807
7315	4108
13514	12344
19447	701
2909	5700
9715	8400
19332	2493
18684	17488
18522	11612
8570	1177
18699	16554
16180	13972
19638	19510
737	17045
755	6947
9073	16472
7370	16028
9614	6029
14843	16217
15833	10632
14283	452
18824	4400
15768	18902
5889	3097
7319	1394
19645	11006
1114	1392
9845	10346
4480	5504
19113	17772
17828	13364
10331	10532
7702	7846
14752	6670
18584	6415
15026	12440
9519	15945
5583	15366
6726	7961
19422	19360
8184	11258
11523	12573
14565	9202
775	8827
12753	4298
13183	9635
4980	4106
12834	15755
7961	8325
9465	2858
10777	12248
9219	17090
19091	18392
17186	4185
16779	4945
9972	9640
2458	3451
17517	5681
2813	3038
12348	1196
8421	2088
9419	17603
15618	1318
5676	12128
8128	12757
10721	18744
11970	14083
13477	16725
14999	7744
15039	7653
4700	5968
19313	12266
2880	7688
19644	6984
11179	991
10024	18241
3928	6863
15659	13289
12875	15706
7073	15379
11415	9391
7936	2333
1721	10906
19138	10723
13809	5286
17784	433
9459	11717
7537	7944
2410	6159
5700	4610
313	8138
8705	7136
3708	8727
15340	18970
3857	15222
4287	11876
13743	15878
16493	19561
3418	2791
8940	7393
7895	5965
18497	66
16430	7210
13903	19047
3968	17420
3161	2666
11958	11093
19042	7672
16166	16296
15986	17461
11720	15943
11176	8147
3280	4343
13392	6596
15607	8826
7739	12208
15847	6533
17173	12083
6675	4345
1693	2138
17075	15433
2834	17184
427	19029
6327	15613
11621	7067
16084	8184
2182	7502
17431	14747
9678	297
3962	4228
3525	13805
17093	1832
17579	11461
9572	16169
16851	7777
15909	2259
17596	14874
8207	11091
17082	6508
13999	4891
19713	10594
2807	17742
1635	18048
3262	2897
19598	8992
9293	6340
16996	19292
5025	13146
12728	4295
14398	17552
8357	7044
14556	8235
4743	924
15450	1580
370	2090
19791	13983
14391	1368
5885	11271
9990	8523
19270	4639
13363	16873
395	4085
1308	16962
10818	3991
6150	4783
16998	17150
13328	5955
19805	1117
19165	18651
17326	15999
12898	10933
9207	9429
677	9652
18650	6052
4225	4810
14857	10495
11265	7886
3491	16530
17659	10922
9768	18458
15066	151
17829	19503
7888	5759
1734	649
13100	18764
5470	7742
19289	8923
16	15749
7405	2988
2068	5062
3041	5696
14893	17182
12909	17632
19809	5819
13643	6399
4138	2474
11769	12551
17518	2115
15714	7971
7194	15843
1683	2742
2575	9374
6636	2071
15699	5621
16860	8742
14623	93
16265	13473
2601	10452
3096	5920
7624	6337
10822	537
2528	1804
4849	19024
6801	19352
15462	6515
1102	12767
2908	6776
5717	3554
5388	12467
2016	9722
12915	4960
15813	8812
17307	3064
12658	636
11477	2734
7944	15020
7133	16218
10043	19087
17185	7274
3158	7314
2958	17023
3685	15569
12723	13784
2237	14781
14568	12540
1710	10236
8094	17834
17054	14689
5644	15716
18482	5815
17034	8534
19755	12960
2570	393
13287	1222
13601	13223
10193	13381
5478	17932
8609	11138
18487	18314
1288	13586
9057	3350
12791	12213
8734	7673
1940	11434
1846	13827
16374	4942
4303	14060
19329	9717
19500	6087
13245	17076
14160	8733
4364	123
15293	15376
8910	11919
11805	1614
8863	18519
15783	8061
6497	9602
19203	9328
12952	7804
18619	5678
9250	14430
6365	15388
3729	11375
16260	18109
14367	6526
3334	7863
11357	9620
19580	7683
8013	19136
6097	17145
2628	1020
3933	17450
15729	10089
2789	10744
3807	7584
2352	11783
19471	17236
10579	14473
14528	7949
4758	11288
2607	17362
12693	5848
2782	12043
6620	11981
16791	15910
5988	16828
7366	11728
12968	19041
4463	8199
16775	18116
10927	15473
15000	11832
8188	14106
9650	17495
9940	14836
453	15839
5899	11364
16972	14577
19298	3542
8991	10941
4119	4253
6547	13236
10034	17170
11956	2880
6025	7352
12989	7116
19789	8346
12261	13222
19427	7774
10336	13395
2502	11455
3404	19702
505	3094
16277	6482
9560	16592
14040	12957
15380	10534
3434	6656
14842	16575
12166	2187
2181	4929
14774	7316
18329	18235
16419	3484
6407	13535
18289	9605
6291	12558
12324	10432
10395	3240
7222	5487
9789	17813
15800	12728
603	12796
17441	14322
555	19308
16354	5255
8389	2375
4887	11137
7225	9127
11706	18033
157	3521
14200	13773
10251	17101
7742	2949
2490	15026
4929	1212
15375	15250
17678	467
6337	15173
9104	4422
11619	12033
13022	482
17732	10716
15945	4675
14917	8212
75	17707
3083	18280
11905	2808
7674	12256
11007	1168
2650	18209
11222	4856
14699	13901
2764	9574
2787	8963
12962	11510
7517	19403
13994	9794
19297	4307
2057	19380
18442	17953
5724	9771
12951	6891
1851	8331
17999	9828
366	11185
8048	1577
12290	13754
3592	18801
8851	6632
12697	18471
883	10625
18297	17758
7879	10256
1369	10173
11238	2671
14007	2112
1327	9890
6089	15384
2212	16142
10178	14984
4227	10138
8787	252
4444	11113
10731	11083
3510	11238
10756	18634
11568	18366
12131	8813
1880	17226
3039	9566
5694	3633
2238	600
15704	12077
19520	9336
3828	16167
8096	3358
14830	740
7062	8944
17913	15045
2265	11097
6374	16748
14629	4277
1672	13598
14482	9775
4288	15300
3496	15751
18054	14896
19261	6439
17568	16245
3401	16447
17485	1764
1225	2099
6351	10225
13761	15835
10715	17649
19186	3326
706	9887
4926	19584
18869	19637
14102	2185
14559	9835
13942	3816
10438	6534
4016	17684
10443	2835
3920	2935
13413	12790
4282	8763
2221	13429
17674	16084
4500	2170
14937	2342
13426	8930
16474	12836
17154	2801
3056	14371
19340	15341
8990	15310
17117	5924
13220	13256
7513	12305
2577	187
2499	4811
4810	5494
16015	17498
19071	16046
19260	10968
12147	17239
15698	2376
3949	15281
15120	9911
4002	9629
1472	3233
19662	6898
11451	9909
17606	3305
2226	12999
15822	4742
18	8261
833	18026
12146	4408
7778	1730
8286	10958
12188	566
4937	14736
11231	19325
3317	2345
2036	8574
2213	986
13349	1778
7178	10999
7183	16552
3657	3403
7117	8823
9441	12211
9711	14476
1943	8829
11698	9420
19317	5903
18717	15754
17062	18624
2507	1141
18556	6023
10076	391
10739	18686
16782	13246
9597	16867
16868	2057
2924	5402
19629	17251
11819	7211
11291	7193
17535	18901
11637	2693
14364	13993
17528	11146
590	18098
1891	16446
6385	17915
19764	9318
10920	9161
1382	3275
5571	11691
13595	554
4530	17057
16635	2477
16713	15080
2288	9240
15531	12244
10505	18979
125	13490
2162	13847
18927	731
18687	4121
10030	10923
13837	7070
17783	5163
15479	18526
17083	11305
3660	1649
1483	12933
18508	17703
11921	19235
8596	5485
923	322
3921	19119
3198	15729
9646	173
7485	18492
19750	8463
17226	6739
5856	15753
5320	5711
4388	1852
10248	15747
3422	7998
1922	5116
10500	18906
14409	1247
4447	13637
1054	3258
12378	13
19249	10531
19623	18845
3076	15359
18950	11395
11300	19414
6834	14067
2564	16430
12616	7898
10343	571
17391	7311
8580	17363
18949	1664
15328	86
15835	8414
7886	12793
16987	10334
12313	14635
16776	3982
68	16248
16952	15148
14290	15872
3145	4492
10066	11452
78	7597
2243	7563
436	7183
13591	18665
3211	5978
1101	12121
6980	18273
16303	18465
10433	4429
14863	12225
18458	5797
6461	3469
5116	4093
18771	4912
8507	10929
3897	16953
429	19615
1794	18899
4730	11709
5155	6686
1124	12608
16729	2861
2452	7400
15098	3517
16109	5425
15074	17770
7905	7270
17361	11502
12460	5655
17574	6243
9858	6897
2921	3416
5718	11174
15361	14356
10552	16501
11156	12987
13589	3369
8344	11615
12303	13181
14045	14806
3384	10808
11379	3366
19345	10890
14582	3272
5692	19776
8793	7648
18113	493
13476	4433
7097	8911
1021	18822
15366	3591
38	698
18757	6039
19336	8939
8581	4841
14672	14289
11875	14254
9743	13977
3339	1748
17395	5671
16253	5466
11498	17680
15439	15948
12721	5934
2442	5899
835	16318
18973	14191
4171	10235
13529	6316
11420	10512
8945	2143
9851	6532
19802	13305
9493	10605
14933	12560
17127	12773
17178	14677
19276	15292
2765	19663
13189	14224
17924	18648
19782	9225
18336	7992
3409	9902
14242	12902
5626	1550
12002	12132
2977	1572
8290	6139
3443	17376
8881	3687
19744	9148
12724	14659
12788	17609
405	3996
14317	18879
7869	18924
9623	1194
9174	2718
1066	5063
4900	3788
6164	9686
3440	4676
15967	3062
312	19255
8017	6478
13208	10640
9388	4313
1912	16576
18156	7109
17386	2190
3813	19497
12071	10938
1379	14784
12081	9285
6364	10633
4237	17303
15265	17268
1854	11657
17757	17008
9685	18541
8889	14863
5779	18236
1266	2050
7925	5992
2056	1768
4289	7932
17439	17357
17344	53
11406	14351
5420	14793
5610	2649
18524	17919
7653	11073
11207	8937
13154	11161
15221	18994
1468	16541
9868	3309
1973	11352
3952	17283
2734	11045
5585	18680
11180	10011
19640	9456
6450	11336
12344	19202
18363	10423
4554	16385
18252	1295
18594	9894
1773	10440
11883	7856
11033	7772
1217	10946
1212	13127
15268	6509
11057	14039
6595	2660
11496	10768
8102	13840
18628	14007
10044	19720
16981	13391
2082	17218
16866	11831
13551	8007
17423	3749
11559	2118
1546	3382
9658	10821
10022	11084
16960	12439
3860	8472
1428	11762
16053	7242
6679	2651
10590	19248
4322	19529
11929	1705
1723	4112
8099	19735
14199	16363
7871	1853
4147	1292
11811	6645
1364	10782
4053	7471
8648	6661
5292	16229
16721	7151
576	1814
4736	9309
17933	6024
6005	16494
3449	10431
8865	11940
19606	12903
617	13388
1386	2492
7323	13074
15636	12167
4193	4325
15321	4148
13364	7431
12690	14076
14976	3912
17747	12391
844	19281
8699	16116
16304	15923
2778	2044
15651	18
18406	17440
4478	7384
2472	8012
8341	7567
17908	15842
14778	3858
791	17065
118	1123
18041	3134
2781	13187
5578	16905
9763	17434
11332	921
18511	11611
13918	10631
5705	18675
9301	8330
19472	14567
7310	17589
12221	4774
5851	18615
12607	5608
15368	9485
10161	18052
10388	14737
14621	13489
2425	558
10748	4656
19795	17240
12892	563
12038	2629
5815	2806
7649	837
5295	16230
18574	569
19209	14376
8403	133
19506	6092
7324	3990
17824	8728
15170	15021
10347	13203
12321	16022
7525	14244
15642	17501
6741	14242
14022	6081
1125	7926
17911	16360
19563	19736
5106	5075
17387	10155
6325	647
12654	5052
11552	5164
2378	2664
9497	6128
11397	12393
6492	17410
4113	10757
10859	10522
1128	9569
11941	12334
14218	1736
13052	576
16068	4620
8066	1483
14996	14317
18806	4760
3324	19164
5306	10007
7700	17657
2360	4547
14531	3472
3706	9767
10416	8236
16011	6270
1111	16243
11704	13283
16784	15556
5468	892
14503	16265
16738	3680
10437	12496
17715	17017
5855	4312
6895	1612
9019	4831
19458	9242
7145	12112
12629	12013
3822	9827
3722	6885
15423	824
10308	12510
14319	5563
4331	18850
18839	6795
17789	2307
2116	8044
3520	6096
3178	12154
4641	8452
10368	6786
3629	9274
14628	18193
19722	418
13683	7456
19439	3563
14636	14994
10029	18802
23	17860
12981	14161
16147	1802
18457	18736
13075	10820
7500	4104
17807	1851
4668	18382
8612	8222
183	1080
10908	4980
8652	18262
410	6294
4607	13729
7341	3456
17424	1214
4925	15867
5539	15728
5150	10391
2733	5342
1679	12940
7322	19053
18399	3447
10653	13450
17591	1070
16582	523
2079	4608
16992	12242
1020	17148
8555	19408
2509	13296
13113	10476
7641	2587
4785	13174
18971	7059
14017	1085
13408	6819
18992	5733
14139	15785
1811	6335
12478	13338
19117	13764
5389	7882
8328	8888
10049	4240
16306	5959
10535	13650
1666	8651
1700	13978
11005	7103
12537	652
2837	14619
15127	16356
5643	19366
17885	7591
3284	13139
10878	17800
12496	4692
5679	4352
284	9490
14946	3444
10320	18068
7963	7481
9368	3832
13386	483
19373	7484
2825	9105
2599	10439
17031	9885
7876	15730
7444	3962
14661	2240
7514	17494
14275	1106
18999	18381
13737	16838
2403	13263
5137	14944
12992	2850
5041	14201
13448	8743
318	11701
4177	7448
9462	8470
15119	19728
6500	18765
2245	4292
19162	12950
11927	6152
18307	7531
7179	12336
5005	15894
11449	3804
5248	8457
10007	13574
3366	10944
8428	6754
10020	7984
14664	5619
13214	3194
13469	6615
18417	3560
17892	6544
9866	19184
16368	6537
111	5612
19574	12875
7281	4020
17358	8442
17522	11391
10870	3948
9193	12350
5424	18447
7908	12421
147	4795
7527	13109
6401	17760
19670	4374
62	8621
1061	12434
12277	12979
11465	8475
14673	17876
16287	16860
16924	7082
11361	5106
1328	17890
10664	944
3313	1516
153	13661
7804	11620
14442	16881
5321	18438
15907	14892
19169	18923
3749	12420
5197	14156
6312	19373
15283	7370
16071	18691
12480	5835
3124	18182
16638	7602
18402	13675
16494	19277
14663	4506
9160	14678
9433	367
10237	12498
10218	13241
16446	8154
6954	332
5048	13308
1197	12949
8210	4417
6033	1949
2229	4549
6165	11566
5222	466
18476	11035
4885	11226
3848	4839
13630	949
17926	8979
523	9009
218	390
4205	7119
14780	4764
17491	6854
19282	6939
14529	7796
2826	3435
1675	18256
6299	10329
18603	15168
6451	2621
5826	5738
6681	16455
9946	9703
5152	545
2877	9871
18560	13874
1446	469
7940	17969
10866	9821
1639	8469
14821	9031
12826	6063
16001	12571
11027	16833
12035	4869
3819	14744
4622	15847
5282	829
9266	10421
16605	11801
17727	12959
5418	17839
11490	6086
10296	938
1465	7897
9878	15605
8706	313
3568	10461
15065	11861
5637	5430
14594	13407
8401	13894
15946	4048
11838	13509
18850	15446
17267	1009
11091	19049
3695	8705
12263	1692
5641	6062
2202	8964
15241	6145
15097	1371
7642	1185
13954	2052
10133	10628
7387	13098
15831	5055
3922	6136
15183	18642
11059	9829
1321	19178
6302	15577
13221	18910
18798	14300
11480	3466
10662	18682
15615	5673
6626	6527
17741	3379
5604	18215
1324	4172
15320	13930
14296	3103
2021	3157
5066	2359
17688	6634
6197	9893
15624	17177
11396	13920
17812	17934
9044	10288
13059	7771
17222	12782
16790	16295
7126	10916
4421	19259
18037	1072
1581	5102
9261	1708
18122	15056
13962	10803
643	4902
5584	10707
18110	15893
13660	14586
4961	6558
17110	17709
1689	5610
4836	4612
7605	2556
14730	9178
4271	18156
6439	13758
10226	17716
14789	5481
17461	10088
3154	13617
7301	5527
16906	16397
18266	7610
17888	18905
7534	4545
243	12822
19452	14497
10060	11636
13858	2000
8861	1836
10981	18493
14915	13994
18027	18475
16599	2009
1850	17748
1641	7545
8763	8804
5601	7524
13559	1877
6880	4690
1381	11899
3870	17912
3676	10180
3964	9924
6509	3726
415	1501
13445	5592
15027	16543
8862	7254
1069	2679
8303	4439
1297	16361
19430	7493
1130	16732
9771	17599
13909	9293
7881	3878
18669	9881
18844	12140
17718	12867
864	12299
2710	3051
10300	17444
12756	495
11742	1575
6583	8328
3826	9355
18070	14562
9144	3559
2329	15012
12717	3046
2030	13262
14930	7756
6825	11920
8985	6488
11281	18797
11229	11275
13810	604
17548	1030
4339	6357
10278	3601
4142	10869
11157	8203
14309	7265
8007	1198
13014	6943
18542	13249
9718	16403
11404	15426
19025	11268
8873	19264
10649	14709
1001	16700
9066	14757
18559	4853
18479	12038
2982	1566
7201	3219
4317	14560
8151	11844
12095	947
15950	2674
4234	11063
18439	17521
12628	6375
8281	2541
3777	11978
10116	18547
4762	8573
14721	11532
8269	14075
974	4788
5173	1252
15202	9733
1706	15545
631	19179
11343	113
7530	6602
500	5085
121	17139
10854	12778
1478	14362
7945	7825
16632	69
13905	11887
7950	331
13027	4591
4280	6236
14497	1868
3940	17504
7638	16558
314	13120
3469	2326
7610	11225
11485	18073
9228	8738
11833	14196
12624	2956
16874	16412
18979	7006
18742	15618
13640	15030
19251	15927
1182	6428
15028	13886
15401	4215
4036	284
12770	12133
4933	12907
1146	17783
9045	11653
962	12860
10513	19059
17099	3197
6435	4449
14754	10191
7342	5343
9128	15996
14794	10368
19505	11348
2132	14938
4796	14646
8342	5068
3481	3810
8301	6664
9494	5823
1717	9653
17890	6028
9590	10010
1983	3160
13005	10353
9106	11285
7805	9549
4028	11488
18032	14771
15849	16005
10002	308
11534	9348
6304	5692
69	9907
19060	14780
19531	18005
9005	11848
17546	118
39	1216
12549	9744
13628	16407
10511	5866
13399	5937
8616	16712
18394	18443
6026	9174
18846	5355
1920	3567
15421	11604
2358	2709
2523	16786
6957	5845
822	4164
133	8482
12615	17814
14440	11662
8339	13352
2769	18720
7192	13891
16695	14792
11985	3306
17224	2597
6556	9836
16962	5404
1361	5130
10524	249
4433	2111
7855	18753
7711	18017
1454	15905
10929	10422
8233	13025
5068	17431
17064	7090
1489	11926
6796	298
1475	19410
8189	5844
18182	13730
14680	1812
13861	9580
14188	11367
1631	5041
2196	10026
3336	12538
6831	9422
19048	9143
17923	19088
16432	6090
19515	10903
2724	16186
6966	5643
8912	4954
11826	7784
1298	16326
15842	4541
7029	5054
5028	2466
15733	9723
6863	19068
18985	17623
4268	10657
569	7422
7314	8555
11809	10539
16176	16619
16201	1071
13540	17271
14322	11642
1779	5386
12609	13513
2776	980
18403	9914
11298	14171
10184	19535
11664	6790
12451	8189
3955	3308
15586	14152
5244	4726
8348	17107
7719	5305
10504	15271
10070	4268
19585	19028
57	3443
16763	16378
14380	3073
5277	9973
7328	14868
15581	10950
18163	2481
1120	16599
12773	14127
19	18792
14112	6668
18044	17389
17452	2219
85	4409
19233	131
10054	146
3879	17306
17806	4282
19176	15862
3545	9373
8526	4162
814	19103
17167	17847
5037	6884
11240	2860
15999	15048
3230	3215
6322	14225
7456	931
17	6369
11165	3728
15530	5793
15801	3438
11374	365
3448	7717
13385	6012
14201	10181
3669	49
7303	15436
6533	15498
3133	14337
8005	10406
11270	15033
11051	10337
14374	15435
9463	13140
8163	1583
18241	15178
2669	14763
9304	8638
19418	5257
17788	18014
10520	13334
13116	5223
1457	15726
19097	3834
6656	18072
12579	12820
2942	882
7762	18436
7678	17884
10751	12258
2841	15015
14189	6319
17982	18598
709	17161
12351	19167
14162	6073
11624	19144
8895	1570
16957	3032
10406	18872
2969	14671
13941	8950
12700	17656
5948	1459
17669	2411
11749	16050
3824	14318
8331	14644
51	15338
19512	2362
12611	9393
11170	10318
15935	14630
18668	743
19194	6813
8839	16040
1791	19251
7488	3794
6861	777
4040	16872
8101	13227
14498	6346
9270	361
16890	10616
16487	3861
14132	2459
8321	11270
9937	16839
18471	10840
10990	15870
4614	13822
2354	12506
13008	12662
9607	14113
18370	17035
7237	5118
15440	17729
14573	12556
423	11650
11755	5935
14281	2669
18391	12026
8402	5303
8949	17203
10050	5737
13472	2292
14803	13890
657	3731
2459	8089
14751	19761
17944	12257
11583	2500
5124	8717
3559	4464
19306	7748
12890	7013
7942	15018
17316	15684
3142	4334
15169	8163
6373	16806
18183	6966
17928	5444
1660	17606
16943	7302
4528	168
4502	15383
1494	4254
1121	16013
16500	16671
16794	3512
17216	13318
17818	11214
1590	12900
19753	6147
18656	9860
16725	349
16206	18973
16669	19227
13462	13591
7063	7618
10080	2981
15808	11711
10603	15382
15924	9992
5039	17863
4973	12304
17691	14723
11662	5287
17866	16163
16534	10601
15331	8375
8624	715
12210	16427
19431	15075
11867	14670
14395	18216
8182	12650
16977	4017
7051	10546
8569	15721
17725	6242
10729	1481
16930	1173
8803	9478
4543	14265
19026	3325
5811	3978
42	18051
2506	10050
7270	10463
11806	4600
17268	4626
5359	7247
11277	18021
5702	11577
3080	3910
16515	1556
7313	745
8126	15570
16912	16439
14385	12994
18679	7798
9455	6227
14100	15039
7006	15510
3675	13709
16602	10448
2110	16483
11899	7214
10055	17373
18827	14478
9742	10535
8816	15814
760	7968
12585	11591
19618	2545
16328	4094
13099	646
658	19108
16780	8135
10722	18149
17373	13680
938	14144
1429	3281
6789	5477
13512	6624
9798	16875
17808	1786
7586	12476
1552	13643
360	10714
15550	8684
9377	19434
15830	6167
18018	11827
7215	13195
6837	3734
13731	2814
15571	1576
9918	11659
5938	14515
730	17738
12676	14154
3805	5741
11122	5150
1751	18614
4924	6750
7848	9115
2210	10607
12976	5365
3114	16315
12417	17169
19601	6806
12953	1770
7480	8450
6586	16758
17201	9798
4775	12922
9935	14269
12470	15164
7629	9
3979	8298
7775	5171
9229	3845
4258	508
11647	17206
19394	7222
11697	2295
6729	18457
2558	13701
2419	7041
13411	11666
16270	16925
9514	8766
4343	15358
16376	14500
1740	19670
3272	18010
7102	3652
13724	11104
15927	18571
18941	4305
8928	6519
477	9659
10081	4505
3988	7432
6683	12480
6760	15333
18767	13767
11400	7723
19517	1055
18676	6048
9611	13485
16800	8253
6857	9695
14499	10469
4857	9366
17339	15153
14882	5509
5987	17167
11763	14939
210	5382
7824	16234
4228	18439
14461	9047
9541	18346
7377	6279
16409	10025
11214	13204
16714	1709
6233	13526
13213	16848
15092	16143
14540	17749
8610	1233
10082	11243
12318	8559
1439	7261
2680	13647
5405	6743
8143	15953
674	15724
2572	11414
19112	4456
6935	8732
2272	2195
13507	19141
8548	9562
1422	14539
10386	4221
2992	3891
7096	13282
13971	11032
11693	9615
9670	8607
8977	2335
11754	8419
5915	7313
18654	6123
12696	18117
14747	4489
12153	1421
9506	12935
1813	8168
9257	19222
4046	10458
19239	15624
8334	13118
5824	9308
11733	18972
10791	16747
2864	693
5362	7081
14925	17805
12462	15581
18451	11320
8789	2347
15271	9006
6810	8786
17417	7266
17652	5347
11123	6371
4634	19651
15947	10201
8483	9223
8252	117
16486	15439
3636	9074
11297	13440
2495	3209
966	15354
3814	15420
12433	15632
168	18873
15623	4484
3279	4683
471	16940
15226	17380
11901	4064
2438	276
13843	11152
7906	14516
14213	2374
9025	13497
5356	12351
19100	9389
2561	10681
108	15691
4397	2242
558	16958
18373	12865
15689	3661
5094	14279
8009	11378
4802	15231
1764	18875
13347	10241
9322	7383
18158	3448
18792	18423
17793	310
10366	13496
2006	18884
16437	4906
9297	1761
3856	10113
19566	2632
9258	11578
9943	18586
6264	6942
19142	1731
11560	16616
12185	18944
2099	6680
15601	13959
16302	6794
2097	8586
2069	14754
9782	16432
11175	9583
4635	6040
12565	10622
15591	2121
8553	6875
12409	158
10016	7788
8689	8436
4259	14189
18923	785
1634	1347
4820	10526
16597	11219
14002	9726
13728	8143
12291	19589
12872	6463
2259	4009
15981	10143
6945	3168
9343	9870
4423	12474
6991	15340
3357	11580
4875	8171
13303	6606
2443	7490
16312	5912
3273	2122
10940	9899
6768	15464
1748	18468
12156	14003
17306	15065
15218	9964
15506	12597
1290	18673
17288	2766
1735	13710
341	10915
2204	5925
17649	9139
9358	1826
10129	7928
13919	17948
2974	2055
188	13186
19558	13780
18807	2646
18043	16352
14874	11544
19081	10805
3588	6161
17536	5976
1771	9896
14037	7976
5686	2245
5136	6915
7003	2970
19342	1131
1664	12911
10369	4863
14124	14078
10378	11606
16444	2997
2518	8076
11984	8258
11555	1259
16254	1702
7801	7416
9640	11471
17969	6936
719	15294
11928	18162
6952	17205
13434	12470
6203	16943
6343	12706
18255	9691
11383	1001
16375	15411
11591	12172
5083	2515
7697	13830
5073	2150
13578	4414
11419	12055
10584	2929
18964	2502
9581	13689
4024	1846
2652	9550
16352	3890
11683	203
9148	16154
18489	3793
15993	16422
18354	11779
9689	8959
4815	19371
866	19771
17258	11078
6487	18181
8636	19734
5284	14333
6723	15339
12136	8205
6192	13967
9886	8855
1925	5780
1636	11616
2767	7060
15204	10617
14884	9730
14277	12342
5940	3137
17506	16260
14051	3354
5503	3914
13087	18767
15509	15965
7	10075
226	3796
18350	16971
12198	13073
7523	12294
3067	1101
5565	470
3386	14812
3291	8847
3390	4685
9272	13238
957	336
14291	10311
1279	13224
14783	6256
5130	17556
3823	14236
16341	5922
16985	9729
5559	441
745	3730
11024	932
19590	5489
2400	19261
12564	19692
6756	11289
19166	18548
14583	15669
8721	14401
18448	15207
14613	10055
11564	12101
12604	3334
7597	13917
10889	17744
13691	18368
2805	14749
3010	19120
8299	10718
17520	15243
19110	983
1491	17490
8614	1125
9089	18170
17751	13197
18201	525
1389	6046
11213	2659
2568	680
19421	3658
7983	12417
15887	16314
19567	14960
3194	13341
7090	14490
14779	17959
15527	9596
8469	18575
11436	8925
14977	14552
11707	15765
4425	12105
367	6744
17966	2526
14515	1607
7874	768
2553	11070
16111	13189
4393	19038
4637	14969
5917	10548
10803	2842
9601	14409
10017	2881
5819	18692
9147	18358
11585	9918
14077	4023
7046	12352
15001	7133
2756	608
16590	15714
2444	4967
10062	16032
15992	1671
4755	3979
14080	3839
1543	4390
4911	4893
6953	4882
8376	3389
17904	17906
18171	3634
2311	5576
4358	8801
19492	15580
15650	1058
6908	6598
733	11799
2114	8741
9399	9570
5020	19475
3899	2254
1572	12161
17378	10126
3686	10872
18864	16879
10399	6345
12025	268
16036	5210
6591	6999
4355	17535
6988	12173
6035	9123
18530	149
3771	13099
5304	14157
2660	18190
6032	4845
3829	8544
14550	17541
18832	8701
7216	11179
11700	5805
5529	13644
14137	2011
18805	12265
1585	16389
2886	15320
8619	3791
17939	3889
17542	16329
11274	2458
14938	12891
15466	16355
17279	464
2600	13258
13336	15239
7490	10457
1403	11489
12725	3344
12835	11360
8037	8022
9225	19605
13898	13851
18659	11310
9461	14419
2745	98
15266	12798
16811	5878
10876	19767
9489	3958
9006	12363
3027	16690
5175	7112
12207	5290
15748	19212
15678	18724
8353	12626
4220	4914
9599	5688
11430	419
12248	14810
11959	6084
1498	13557
5184	16042
11771	6562
7085	656
11193	9704
609	414
16690	10470
8983	8795
13742	3490
12562	8166
13337	9853
5456	8303
13458	18564
17302	6654
14686	7386
12391	10637
18441	3830
9401	17700
2629	2054
7724	11204
13365	6047
513	4878
18436	1326
4727	19189
11315	1108
7242	9224
4993	15534
6628	17234
4524	16549
888	15690
18094	14811
5453	8065
13362	19027
5628	5445
1945	11371
18141	9193
11725	17786
5904	11361
14775	2331
2470	13076
16742	5855
2651	17662
12274	6197
3180	6289
3399	7256
209	16145
16333	16930
1049	13421
17266	16212
1349	17416
4888	17671
7137	9317
1268	16468
4548	6010
17940	16893
16814	14922
2289	14851
14654	6809
19533	18561
2638	14606
15901	6737
17050	13271
9254	16220
3787	3314
1812	4525
7153	8644
10709	14162
4391	19465
6218	7310
11295	12845
7124	10304
6245	17006
19527	12358
17634	2688
5959	13165
12397	4533
9184	19312
8750	1549
11137	11730
17379	2983
2821	5865
11233	19035
6807	6108
3265	13695
16826	3121
4441	3827
1766	3303
7343	6445
4386	4119
763	13803
215	15616
3261	17879
637	6300
521	3410
5744	19492
18222	1744
16580	3738
19121	823
3035	46
10075	2715
8944	5755
10972	6976
12594	169
9431	2644
1199	13148
3412	6189
19768	17349
4942	13481
3019	18915
3954	14571
13882	15757
7735	9356
3719	7505
8728	4067
6161	4562
13396	738
11321	15528
19018	19377
10446	5403
5276	44
5044	5862
2576	9141
2271	3265
18790	9642
9318	2750
2318	6955
3852	11745
13419	7714
10401	5796
12309	4959
11260	10213
18945	551
19341	95
14368	13527
19435	9565
8799	6389
5072	4544
3300	16390
6843	9262
15405	1079
17042	11426
18284	7053
16938	10196
10961	5088
18362	1093
7434	4360
15078	15321
3999	8011
9192	5237
9253	816
5909	16610
19126	21
10219	5814
4221	8540
4216	2189
19682	2255
8192	9865
11021	3224
12950	18971
14016	19417
19227	14901
11997	6932
7119	12471
18893	16568
3521	17009
15811	9701
613	13300
19765	1739
258	16581
11069	19224
262	17593
446	2610
8211	15009
9516	19392
15157	18485
15828	10153
15089	18099
8853	12691
15102	11498
18898	12519
14960	5929
1968	15861
2294	5672
11589	5535
2861	16345
16982	5948
12928	6727
5943	2467
89	17933
19711	2706
12920	13599
9714	11589
7255	14135
6511	15453
16219	5777
9412	18046
19131	6746
16233	15264
3867	6733
12949	2487
10819	16955
12908	5883
8178	12721
18581	14809
720	5618
1673	7197
16320	10853
300	12446
7221	16750
2975	19194
50	19077
12493	4194
10267	11947
19582	13398
17523	2751
9274	16685
11992	18583
9024	770
7032	3210
14390	3627
253	2442
10728	3122
6135	6434
8474	8584
18967	7358
15297	11176
11655	3812
13619	16008
11977	19237
9064	10667
1781	342
148	18768
12600	3367
10447	3158
15761	17683
7024	199
19728	13953
13574	14357
6554	9745
5704	9419
1314	17385
3281	14856
1186	15711
17440	14033
5609	17355
9941	1603
9637	16790
2678	16304
15779	11852
450	9399
14305	4415
9362	9011
11382	3280
7089	15170
8264	18089
7646	12340
12505	15480
11431	2229
12499	11151
13143	18513
12477	7334
1658	11109
14644	412
18114	7019
18330	3159
4740	6473
2463	1817
12922	6453
10120	2558
10183	10249
19464	8590
18256	16433
5293	1892
4807	5349
1229	5604
9056	18763
916	3539
3527	10690
407	1592
13690	19015
770	1617
6971	5167
7725	12442
8827	8510
6665	9753
1628	11740
10046	14205
7492	4719
9815	17369
3419	9666
12443	2704
19620	11235
3864	17585
7290	17160
8997	13774
8707	18791
1259	1666
15804	11294
16229	19070
3893	16511
14303	8378
3177	13725
9876	5212
8657	15911
10632	14469
19294	687
17901	2756
16452	17201
2264	7029
9352	17112
19667	12755
14004	11985
16063	6299
5816	8157
18955	6282
884	16769
12481	14702
16263	16137
18253	17412
1027	4286
8956	12569
15406	16045
8149	14286
7868	19569
6956	568
16989	13593
2580	58
15260	16635
1882	13351
4580	9528
16227	14114
5882	18647
14458	5586
17138	3821
18858	12961
13526	13715
3396	2432
11609	12729
987	8818
2179	19175
12233	18298
12736	12520
6644	8278
11796	8104
5714	15986
19135	17943
4362	2954
1325	317
13128	6694
17724	12064
7368	10841
9987	4035
100	5649
475	4937
3249	13588
18956	353
1937	1742
3710	18594
3681	7657
5803	15356
17318	7439
4240	3822
6366	6397
11661	11443
19509	15122
19482	9780
7165	5418
251	213
14962	3391
8583	14837
16122	15582
19246	18333
4503	9974
8703	6277
3578	13158
2348	12823
8152	3508
10108	3611
3894	18462
8815	14656
3108	2451
801	19125
15033	17358
18328	10482
11760	8299
10394	6785
19663	15399
5300	295
12636	15558
1463	12647
6677	4165
13307	7569
10704	18782
1262	5159
1387	12570
6357	19654
5333	15901
9479	16819
3834	7023
19253	7477
14462	11209
7338	16597
19056	10849
655	18174
17762	11914
3992	16184
6083	14698
14408	13363
8240	3660
10517	1537
7136	16970
1453	1464
15918	12428
18841	2221
7446	18140
8407	9000
8797	9338
16035	16813
14832	14115
13753	10985
12	17067
9279	8550
629	11632
7302	10324
8047	4082
13297	15866
3653	1859
6610	11156
3718	13608
19118	8262
19308	9453
12032	9404
3497	11628
14983	616
16913	6351
5896	19333
12510	16099
999	17511
9273	3598
1705	5882
17841	8537
10452	15742
17921	13023
15005	4648
12322	18658
13993	11287
18609	19583
11612	1830
3792	18255
15826	6055
5564	11777
19812	12616
15899	5203
17299	582
11531	14022
18882	18798
12162	10982
15360	2838
2791	10993
2501	2165
8561	18589
17932	1679
16747	16485
1911	4284
5434	1974
3761	12088
1406	1536
2723	3786
10507	4625
18566	8008
17007	7257
5269	8215
319	6792
12812	17631
15504	18251
5656	2425
16112	14527
5174	10981
6292	18725
5762	10861
15116	6881
10295	5176
6779	14822
13360	6761
964	13301
14363	14578
14248	6245
13228	19329
15285	12494
9517	19608
6853	14833
18129	17701
8023	5434
3073	2583
16736	10597
7776	11047
180	1162
10541	147
3065	14466
9113	7612
18098	12785
4144	8568
16749	224
5901	18347
16006	13476
18404	7828
11492	8376
7074	16582
12935	13321
15864	16423
8896	2320
4791	10428
1461	12991
15551	12699
1698	16435
9095	2522
2541	12240
3453	14752
2418	9108
11751	18047
6820	11966
4157	1933
5162	4673
7334	485
18298	5450
15576	9625
1557	8906
3502	16282
5308	12052
2637	8860
15978	5946
1257	8490
16815	130
497	14035
7059	2035
6108	3604
10674	17108
18192	14572
4489	2391
19712	15390
5019	13834
16601	4844
941	11326
4632	6693
18118	15461
9196	6520
6045	5722
18015	3050
3323	15805
9466	4081
8120	531
7557	5240
5367	14508
6985	6982
7307	14928
17873	4885
14909	11254
17602	10876
18449	4963
6190	154
14400	17099
3971	16756
18565	4391
9320	11663
19716	2783
2983	17650
1770	5160
15337	15656
334	2252
17971	12632
4520	13756
1274	12872
5351	4599
9757	10195
6275	1442
10306	1756
19005	13463
14437	4949
16403	9167
15728	8109
12333	19714
17513	10570
9838	17135
192	7931
11309	15254
6512	13903
9153	18300
18360	3584
13772	912
10222	6882
802	12127
15200	6131
5759	9931
13605	19656
15668	15412
2160	5718
12815	17262
15318	7326
14003	11841
14914	18985
13913	7523
11594	14228
5122	13465
4336	17987
12555	2879
6543	3201
6839	15913
7752	1087
15163	7619
5543	15833
2960	11988
8781	16580
13641	14949
8505	9407
6118	3860
3487	14315
6187	6293
18040	2720
2785	17761
12429	19105
16398	17567
10925	4008
19386	17180
17174	19265
14034	9510
13179	2831
2189	2623
17761	3663
8169	2600
1166	10530
17507	10745
16329	11283
7233	2777
8487	10293
4017	5231
11584	6207
4660	19226
5848	4143
9018	910
3095	11535
2683	14716
11314	10098
19468	7299
11548	12216
5548	14738
7771	15036
5830	14548
10939	4748
14599	18842
10436	13854
13319	10481
7506	19625
10915	11680
10468	16784
10836	4530
8744	15636
16588	6151
813	15113
9267	8526
12203	4459
10811	10228
12122	10023
10861	11967
10784	7014
13262	10798
1580	11933
14093	8623
14873	9976
16146	15633
13830	10824
7047	15596
16655	9135
12738	16917
17245	10488
6519	14536
5770	19326
15997	9020
4032	8685
18944	2910
3148	4205
11658	4738
4603	6614
11435	10678
10414	12385
2990	10158
9195	13806
9002	19753
6872	16853
7722	12377
19228	9023
735	12503
10387	11989
11843	10309
16731	5440
18720	5638
17786	17356
6625	13504
289	15347
13824	17570
18836	10174
1596	8747
14353	3131
9372	1477
1442	10740
15848	6022
11136	7078
8382	3704
8127	13014
13389	18582
2674	11736
3254	9191
1156	12745
17989	19233
1221	10558
3504	5428
3597	15315
2746	5702
14827	16173
12557	11359
2645	12595
11824	2590
13755	17865
8501	6118
11986	4559
7808	5975
10164	18706
9797	139
13002	16231
16654	18218
15834	18288
10706	18996
7275	4582
13573	2613
15720	10752
13461	4395
8012	13832
15960	18754
16004	10277
12088	3191
4499	1181
2566	17666
11951	11307
12257	10733
4918	13760
17261	6723
14324	6600
3405	10205
5243	18257
12768	7757
13951	16798
993	11399
10497	7466
3929	17342
8731	18486
13176	6454
11818	7987
4733	19358
6631	1479
14918	3440
6700	10398
10057	16025
2122	17983
16431	9718
3594	1779
1450	3397
12421	9157
18607	14038
5589	10620
3529	6072
6352	10748
4898	3285
18532	17289
357	1430
2989	2851
19343	6828
18562	9077
17665	1132
17269	6141
3725	6726
4014	18019
17009	6331
4801	7084
18390	13416
1649	5043
1642	5348
8593	96
4039	7421
5500	1218
10106	18892
18132	12525
10313	18102
14311	9282
3432	14968
2555	8323
448	1048
8170	19172
15959	2290
8458	18119
13873	7325
18463	13727
2049	10697
16395	1919
8726	5230
15234	19769
14082	15276
4442	3829
13074	10675
5298	14059
13136	19287
3321	16387
12816	14502
5126	4976
10231	19231
4852	19266
13441	233
7380	8865
3833	10146
419	17882
17473	3854
16456	14292
14795	15982
19277	4063
17512	12017
9881	15093
4185	14247
6786	9212
13244	5260
10936	2549
14604	10816
8445	739
11336	8017
8604	12881
5013	4688
9512	2793
18321	4204
6749	3339
3941	14014
8276	1187
3307	14918
17106	14143
11590	10610
8566	15899
3831	17086
9209	6840
15931	9541
7231	7933
1214	2273
4419	4297
3567	4262
19252	3338
19184	11723
5849	11318
4576	5901
5159	18536
13436	7365
3270	14498
5135	12878
10702	13880
16241	1356
12762	4113
440	2448
17499	7234
16392	18877
8532	13491
3188	9054
28	10052
7414	7894
19415	2460
14932	19505
10091	8810
6842	278
2616	12011
9535	4769
13379	425
8541	19777
15941	12375
5267	3556
14455	1954
9962	7560
5618	10676
8296	10492
4542	16454
6951	2840
11182	1319
19428	17732
13443	3144
8932	3034
842	19552
2059	11227
96	116
15358	14057
18583	5958
330	3766
5869	18810
4651	18015
3684	5648
9871	830
16832	16299
13457	18364
9414	6044
15376	16561
12545	1943
6596	15788
8627	5241
358	5009
10952	11486
7538	498
2595	10822
5835	14177
8154	1201
2158	7142
11341	14728
17312	7733
1899	14298
369	6513
9110	8439
1744	1559
12796	12523
19198	18129
13129	5166
14883	17935
12278	18353
4517	9003
4134	6361
10880	18090
12190	3707
14179	730
11373	9843
2934	18428
1119	16834
73	5498
2497	5949
18085	9111
8681	12337
1610	18078
7017	18660
16511	17917
7033	11055
14165	18963
10146	13708
9059	17186
6459	5079
6444	11787
12298	9626
17401	7480
11083	10749
10348	4219
7351	10048
854	18285
4823	1635
3547	18398
17343	10257
13702	11130
6339	11670
18202	7177
10421	10619
13560	7127
10276	1204
15672	1309
315	1828
15988	7461
5352	8989
17053	9261
10201	6872
3442	5623
18890	4259
487	11545
7381	13900
166	5905
11371	10283
15391	3537
18671	2100
6023	18951
18405	13157
17816	3985
9779	4958
13243	13705
10078	19273
18734	14789
18146	15518
193	7842
14122	19548
8415	13104
12017	9052
17769	4341
16577	7912
17195	8292
14813	1558
11150	9813
6305	1076
19323	2948
14025	4128
12650	8793
13181	7700
1530	1289
10534	17114
17588	14555
9848	12861
8970	16847
8391	10682
1344	5178
5574	11255
17363	15942
13040	552
8255	3054
12197	4122
9303	6133
12076	4424
17006	15819
18812	9987
622	9369
0	1589
5521	4076
2609	14168
14234	4125
3536	19007
8003	2555
18902	14099
5254	5113
17002	17626
11580	9368
12688	7012
2845	17673
4648	19456
16079	19036
17635	10272
8212	3681
16707	19356
8111	15296
19068	17678
8375	17905
2327	1758
4001	1932
11048	5315
19114	1668
2198	17217
4696	5900
6791	18991
600	16204
9817	1100
19367	3767
11840	7910
9105	175
19369	11023
6835	13969
17467	18440
14980	14465
17407	6852
12996	19421
2519	17367
13904	15351
8806	10513
8041	3724
2544	15530
5149	12746
10693	12315
16407	14838
1087	11593
19537	9430
4115	2711
5494	5049
12250	9431
1661	12202
18419	2058
17234	3436
12919	11756
8923	3575
15503	18632
15055	8424
11301	19124
14669	11816
11208	4452
1419	4223
3295	18253
15384	16755
18983	798
13838	15454
10585	8934
12692	16866
9033	10722
15287	7150
13689	7192
13495	7954
10914	691
12836	3784
10153	13208
18745	1344
6120	11768
7893	17400
4151	15199
5682	6275
17764	9851
17137	13031
2307	3862
2843	15106
7748	12204
3468	10668
3349	19668
538	14405
506	19708
11604	8207
16457	10150
16411	3276
8748	665
10968	10528
11346	10736
11722	15288
10913	6026
15592	15970
6808	12024
181	8931
17348	14842
5238	943
9663	1555
17497	3737
15674	8033
14392	16111
3687	14642
9403	11855
7958	13053
14766	14579
200	5861
13654	11330
2590	4381
10567	4904
602	17578
2606	5258
2001	3865
10557	11885
7606	19118
19624	1791
11657	7239
11981	3183
10332	12653
6429	8277
438	17384
1615	3242
15305	1046
9251	12553
7630	14705
541	15305
2594	18434
12224	10449
666	18184
15306	1067
3091	4416
14761	9845
17147	11516
7919	1229
3011	421
15228	10161
3973	6030
5713	2001
6821	15497
9619	18933
6185	4896
11479	15826
15210	4756
11968	15437
380	13418
5023	16757
4076	19627
8224	13087
7023	7016
9745	357
9566	42
9231	18612
16807	9172
16547	8551
1271	424
10918	309
6790	15145
11473	3313
9841	4840
12288	2462
8573	834
18627	18166
19595	14528
17094	12921
15858	16428
1165	11605
10776	5214
13717	11640
16144	2533
19467	6250
13719	1813
19597	4782
15987	5243
4135	16308
11167	15456
14716	4116
9901	1724
7391	12461
8813	2867
10899	3293
8417	15155
4202	7530
16313	7440
7357	13744
5330	12905
18101	5039
5576	16808
8823	18960
15541	5732
6704	1364
9792	13328
4960	2039
10488	3789
13468	5549
15114	14352
1604	2266
10904	8454
18900	16438
16941	10086
17406	12919
7139	2964
6392	16451
12089	11398
9093	1871
6848	6507
17463	11406
13202	18714
10696	12353
11966	12198
16016	12123
12270	11537
7819	4152
17488	7702
2233	11950
7160	1488
4578	9685
1305	4245
11898	3473
4492	15701
16460	524
3088	10537
5970	14703
8437	13721
8089	1728
13071	6442
17121	3635
9281	12795
6331	4868
409	7805
16401	6186
10304	6372
9626	2938
15229	7175
15080	9700
16216	15157
19380	1445
8200	16782
17284	6368
6792	16672
19696	4852
18772	3383
5911	13457
7333	266
10041	14293
2919	501
5553	16018
11998	5609
671	11825
17257	3115
528	8367
5297	7763
2819	8313
2705	17168
5846	511
18068	18761
13969	19004
9491	19468
17329	12295
17857	17598
8558	6690
15364	4193
14111	16837
6060	8406
1176	447
13197	17944
8076	17195
223	4448
7115	15481
8254	17364
6889	8288
572	6362
4018	10085
19326	9503
7274	9042
6106	11483
18230	8060
12845	13004
7261	8070
10781	1220
16732	16777
197	430
13820	5615
10356	10033
6119	2443
13294	3262
5605	5295
19321	14310
14020	3036
6465	4854
19349	4895
7439	930
4178	9028
6708	15337
16182	12951
632	6820
10376	12382
7931	4497
6436	4311
1607	8356
18877	2829
11930	12145
9801	17452
12883	5595
5119	13387
15972	3449
2698	6751
14865	16660
18356	2781
18349	8903
10301	19210
607	17784
9961	9638
5712	8178
16864	17354
5577	444
17321	2008
18498	11565
7701	16419
14956	18847
2945	6045
7385	16988
4793	8850
16324	9543
14239	6223
16261	13566
17905	3477
17614	5193
4544	16239
19576	17132
2489	18265
4621	17587
9781	12289
2939	16425
4583	3642
19658	1865
14328	9979
13703	1991
13791	5593
11299	7782
6859	14336
18277	13202
13946	16894
18145	15500
18303	5316
6121	998
13353	9861
1817	17344
16032	17119
15647	8194
18589	10684
5310	5891
5217	17104
5410	13446
7812	19074
11562	1314
3537	14275
644	4785
16596	7884
12664	9128
2626	16680
9895	9339
18172	19432
5354	9724
10860	294
6260	2732
6892	11354
6388	17573
5857	7539
14526	14600
16386	4730
15107	9114
7585	9796
4233	12479
15781	10924
13900	17291
10786	18316
19128	3493
14544	5087
1551	4720
18859	16537
18567	2495
5936	4455
5324	10372
11578	13106
2335	10035
17920	19436
9639	14566
7462	4129
4680	3417
11816	5218
19438	5018
16384	2807
5972	994
6034	19582
2777	7009
683	7927
7970	8453
10762	5834
18242	9059
6068	8271
3555	17021
12528	15693
1941	1561
7189	13108
638	12193
2130	1467
15671	5115
14467	8216
10079	17586
10391	746
18288	2765
3789	10912
13718	8311
2997	13114
8265	8641
4239	8676
18168	15476
11605	708
15452	5695
16723	15971
7277	6230
12675	8002
2859	16382
16505	8140
17794	229
6828	12325
18724	1930
3634	1874
16307	19568
3885	1591
10175	5070
5968	18483
8585	2592
18854	7566
2972	18779
8459	17082
18831	13019
5513	458
887	753
13699	7996
661	16270
14757	7586
14228	14870
959	16646
6353	17751
19302	1670
12852	10451
14076	3885
321	18012
10689	14456
9348	9064
6649	18787
3931	9989
12649	12806
150	7387
11413	11190
17521	7703
2711	12977
7410	6729
4341	13082
19362	16869
13511	8468
16613	9182
2207	3487
18963	11533
2540	3057
16931	11865
18115	19746
13152	3185
8259	17245
1407	7583
15824	12576
6409	3797
9309	8912
17533	5035
19265	19653
16445	10326
7411	8643
13538	1500
1470	1304
16424	6965
11596	14522
8364	12425
8384	12271
10991	1203
6651	5858
1798	13160
3092	15489
6641	786
10077	1674
18678	18153
1030	7622
6204	6328
12666	12457
3118	19606
7670	19697
15160	2148
6627	1990
3539	6553
13988	1463
4626	5557
3348	10179
10389	8165
9015	8393
17667	491
14856	1104
15061	13137
13729	11842
18393	5381
1616	12410
7956	5398
849	638
14125	3874
2993	16161
15398	8259
11581	18264
1368	4142
47	19778
2536	11329
7550	17244
12514	17370
10170	13603
331	5432
13035	7043
2411	9257
18384	6423
8662	2156
7294	15014
5144	7582
592	13686
6294	3317
9063	6360
10798	12559
16495	17513
15392	16642
9157	16810
4488	7188
13433	18557
11890	1573
15070	6869
19212	15975
19507	13001
8741	18914
11215	14125
17149	9334
2363	1432
8565	18442
11532	17717
5127	19682
18194	18783
11869	17949
14138	1086
6763	4813
6356	14525
1192	16938
11138	10399
19003	17878
1808	2811
12007	18517
604	8435
9357	7155
14153	8622
5121	4519
11326	17204
5495	11833
794	3842
10959	16888
1800	14034
5603	7226
4777	7371
1701	13011
19309	6919
7730	1900
16862	9036
17128	8354
10441	18501
10462	17968
14445	11122
11728	2841
13499	3748
11488	6628
7098	13159
17975	12080
5101	4838
11545	9049
55	473
10125	10106
4277	18219
17244	2815
16867	9180
1821	3876
15310	13012
8411	14406
9823	17769
6458	16004
11004	454
15750	17713
1309	6957
16617	6697
8355	10815
8243	1102
688	1584
4037	6247
13659	4512
1157	620
2655	10725
5570	15854
12045	10248
5836	5421
6270	17327
3956	14089
12878	7572
6220	2210
18338	958
8874	9513
14801	7645
1404	9692
8197	16863
5566	16632
16209	15131
18837	10269
5790	16088
2374	9702
5924	18037
2920	7356
17821	17841
11861	15876
1173	1473
4602	11716
4944	16440
6293	3848
14985	1161
7549	3203
16344	14294
1558	4566
17087	17140
16798	1135
2164	17550
3535	14916
7332	1284
17550	8535
9305	3836
12087	19435
3715	8620
9808	7291
18518	15421
17443	8799
3836	2041
384	17064
4732	16738
819	14604
9749	8204
9115	1995
19626	10519
13418	17588
6209	7423
15374	11976
10040	10340
9723	5006
3122	16939
15214	18056
6813	12993
9729	5654
13091	13892
2457	8498
6285	2183
18314	6425
12196	18474
17878	9645
12663	15717
12101	13788
3909	18067
1380	8115
14116	16886
17372	597
15201	11766
13726	9250
15262	6753
6728	3049
17804	492
17012	8402
6854	3944
5342	19577
611	16896
15431	14626
1509	13873
10262	2325
15158	2582
8884	17689
5592	3214
10289	3019
11398	4560
4052	1807
10732	8956
9156	6387
3363	18698
17204	4556
7820	13534
15524	18510
14049	19418
18014	12329
5659	15985
17415	9402
5098	16902
11767	17967
8473	10862
5786	6848
9835	12982
3542	17435
1057	14634
16541	5458
4420	19596
19419	17991
213	17325
5055	5517
4990	17731
16132	5667
17148	10939
9588	1531
9185	5637
14159	7098
2593	8497
11911	19763
11839	382
10760	9301
9136	1277
8109	9515
5273	15466
2153	626
14266	5105
6282	6180
18334	14929
19548	10450
326	17055
4546	5508
8747	19662
18825	15536
15071	10028
17078	4451
12578	13940
1011	7429
18758	11805
3485	11850
19398	7345
293	5072
2242	1219
12155	7775
16699	15769
14270	18533
9017	1272
3042	17424
3726	16793
8354	15154
19170	1517
5455	1752
6694	13330
1235	10434
9694	9858
3809	6018
5684	12066
3005	13716
4481	2275
10539	15603
12021	1862
8733	19112
16266	14982
16858	11017
17754	3664
10958	11732
3935	1381
12064	3165
3268	18922
19163	15998
4118	6295
1659	19067
10362	6929
9662	320
12861	2289
4224	19404
12617	11539
8953	7958
14509	15491
379	207
34	16156
10563	942
19681	13058
5993	18984
4327	4543
1474	18735
16646	10029
19083	16609
17790	2141
15126	16383
18612	8953
13543	14980
3466	8062
756	15349
16019	5090
15696	14743
3812	3251
9133	4833
13842	19359
19283	6036
1312	3572
1956	13484
18527	13882
2228	3109
7293	18719
14501	1938
17475	5828
6725	18049
2809	6977
7152	725
10243	8707
14471	15665
17260	19335
13776	927
13354	206
11606	16779
463	14582
19375	4394
10475	2843
4085	19550
12955	4678
19565	13936
5910	2961
5912	2328
1655	8338
9513	14953
2752	15494
6917	11191
14326	5078
1573	12956
14029	5851
19720	9720
16235	19599
16425	8805
8697	17046
10047	4754
3223	223
19652	9833
7442	15523
12015	9289
15110	13286
5546	9857
3454	7853
10063	15731
8410	1073
5229	18789
15294	9489
9760	2096
14940	2386
940	17047
4371	850
9183	13322
14065	1385
14330	3919
4588	3588
15269	14026
14334	11346
17275	12180
5274	11971
11038	15620
411	16096
17143	4809
15868	16305
6640	5566
19749	11177
3647	15374
5509	10103
4698	15848
16213	12120
4536	15267
13609	11813
3734	1897
2184	18619
8943	11749
2305	12099
3403	17756
15841	10891
10519	17159
17909	2073
17470	8889
15447	17536
11350	17231
16105	14385
18245	11501
15661	10975
9603	17510
6000	13495
16185	3385
2627	7157
15247	11220
19699	18038
4570	15739
13684	1544
279	15597
12468	19154
13915	1920
2174	8250
10950	18953
10749	18936
13447	14093
12115	19372
4302	1061
1384	16136
14055	7646
5699	8073
16086	15128
1029	9563
19440	8726
8062	10781
11995	8431
8518	10858
1970	10779
18932	6367
6523	4943
15206	16189
7035	3701
12335	16068
7022	15881
8467	12422
12731	14313
1776	13551
14441	9001
14240	18522
18818	12005
10487	2419
16397	19336
72	13700
14223	15583
4164	5007
978	14464
352	17379
16410	12788
5214	5597
11632	1507
8258	2123
13232	15328
6851	8711
16973	7011
2172	11412
18997	8182
8841	2967
1608	16569
6221	13676
6545	17961
18038	13638
1793	17505
18019	4201
9747	17581
10355	18898
9381	16170
14864	7253
4003	17467
8195	7867
19041	2315
14637	8272
4759	19220
2578	13857
19063	12195
10987	287
11334	11211
2758	7096
13190	2145
9867	8348
15508	6702
1112	2716
10730	14612
7260	14641
7418	14054
7072	7654
1978	18556
3245	1017
3965	11975
7995	17393
13844	5735
14241	4361
6290	19593
8550	17074
3619	6358
2051	1460
18162	8036
1848	14710
19615	13536
7962	1253
17785	16402
2973	19715
16274	16751
7258	16983
8443	6395
8051	2883
14908	8910
8470	19601
19552	4024
19773	18027
4389	16871
7664	14486
17035	16458
13187	13101
10568	7216
1843	9332
810	4802
1104	4443
3635	226
10019	14461
17697	5169
12053	16655
7603	12593
14369	19564
18828	13367
6342	818
8538	1286
13944	15462
5315	13182
7553	7975
14562	11913
11494	12549
7413	15387
18491	9496
17390	12203
1969	10064
13471	6774
3328	16224
3380	6709
14899	862
6887	15204
14005	17530
11443	15037
10	2978
5386	13645
11011	1147
2662	12589
12631	19443
17532	3967
18988	10809
5638	2293
6996	907
6176	7323
2123	19246
4731	17022
10247	11416
19049	2919
12052	10014
12326	2712
5031	19509
13992	16697
14989	11215
594	9279
5927	11384
10813	4909
4765	17577
7114	9725
19760	2213
9319	966
15451	3868
17561	6386
10213	16816
6692	15183
7504	2396
11378	12152
10893	7483
13104	6859
1189	1818
5747	17625
6964	18389
1284	15490
13552	17608
17948	11570
16441	19764
10928	18481
13253	5109
3203	8398
1292	7462
19335	12084
17340	17615
1949	15892
14251	14596
7347	16776
8903	9068
13783	11633
14344	606
15350	937
10490	14554
14802	8833
16767	518
1019	8943
15716	8107
14558	16453
16550	3296
949	35
12603	12666
1688	10325
1993	8016
12245	6304
6387	10695
17611	14197
9632	6490
13497	381
17641	7929
16093	4753
5753	18091
12780	2930
6117	16600
10855	14750
19099	14712
8698	2768
13927	3972
11714	6213
5442	9051
12127	4096
11554	4686
580	12433
11699	11217
13241	16367
7300	19620
12337	17078
14171	6458
10988	10612
15467	7289
17151	13081
10605	14353
15436	16338
7858	2927
2517	1208
17985	9082
18557	6912
8506	15647
1883	6364
1099	1258
9897	7245
10957	7726
10853	16562
3780	9564
18264	6452
17854	16857
18052	5998
10228	15548
6301	15471
8864	6309
16521	10384
16115	17418
12299	15718
1436	15615
3816	1563
13204	14615
14271	9514
2557	6701
15122	7722
18978	18036
3957	14342
8897	9901
13073	3216
19630	6383
11608	15990
2387	10979
7110	4404
4291	15091
7747	17572
9805	15213
18389	1661
17205	11020
11043	5546
1868	6992
5430	14798
11068	16330
1423	19262
2063	409
681	6931
18853	675
5125	5139
3830	15158
7245	10062
2064	4763
2493	15939
1896	7465
7419	16745
9870	15024
14021	9427
17607	6954
4754	18289
2096	4821
12110	19448
3107	6019
11026	16564
924	5731
1595	7290
3738	13124
17766	7364
2290	6060
3014	757
18507	9246
5498	7599
13828	18728
9532	9116
6358	1074
333	4603
3688	7783
5562	17190
5725	15405
14714	11008
8696	11528
9652	11239
306	11276
5467	10130
11687	19391
736	8894
77	863
13038	15950
16553	17037
5050	8054
14990	6797
13442	6685
10515	11925
11041	11785
12765	8985
10896	15116
10569	8020
13026	129
2779	15330
19077	11306
13437	17752
1479	3012
11881	10852
16020	8787
15034	10955
5957	14181
17319	9405
17852	17711
18811	15221
19746	2872
11169	18992
5887	16734
13133	7699
1115	11052
14630	8556
2957	7208
13302	13358
13048	14511
1245	17926
5597	14467
12977	2086
8352	16062
19433	5668
8639	12724
191	9151
17144	6317
18788	7315
13615	6594
9101	3282
4591	11231
6990	13769
19073	1411
11913	11942
14563	6637
8982	10367
827	16966
1490	6639
15132	2169
12150	15179
18862	16251
19351	9353
18302	7852
14712	2894
17085	11550
15009	895
1802	9521
14336	17815
10100	15722
6869	12858
2477	10044
14287	17518
10625	18896
18355	13237
9758	7521
13973	11405
2860	8301
11482	19744
13760	440
17743	4140
16889	16548
14340	10593
17609	11758
13638	7169
1966	533
14870	8702
3063	19383
8471	17329
6904	12805
9893	12488
12230	2512
2673	10441
15610	7428
9340	17457
15742	19146
16581	4930
1944	11440
3455	12482
4879	2837
6042	19756
12727	2809
4920	15676
10636	2154
19786	3295
12525	7746
2074	17473
4561	5684
12644	1273
16771	6635
12463	2028
12939	11743
9003	961
430	7229
3583	7191
10783	18535
8521	14234
18368	7538
13631	9357
6016	18521
3447	18478
6546	18871
19557	8640
5151	16197
2076	10168
15545	9029
17374	17083
9627	6644
4644	8113
13289	11697
5201	9719
19029	1751
17405	9578
11248	14907
9065	7051
17071	5947
15921	6190
16308	6143
19130	18104
2643	16835
19783	16506
18503	12901
3868	775
6415	5795
13823	18843
14652	10564
17409	3098
1861	18661
2897	11244
14136	584
4235	15702
8086	19672
18240	18134
13293	3694
13479	7855
12389	17956
952	14786
17953	18286
15546	4176
1092	15643
16519	16200
3969	17197
6113	1380
13974	18956
3373	13759
2451	9166
7753	19676
10678	325
14897	14673
10852	17263
14560	2317
13058	1341
9624	10651
2510	13359
16108	5746
489	17804
8043	3175
2325	18967
8060	12812
16267	3288
8135	15812
16802	742
13339	257
17332	4089
3934	2504
5183	1175
12222	3025
7132	13605
7592	19297
3557	13018
14187	14526
5868	13515
5655	15312
1876	10356
14810	555
9165	16766
7829	8664
4452	917
5285	2725
16901	11906
676	12419
9131	8978
3340	16151
13865	7832
9021	13698
15094	9912
11715	16105
2143	2826
4352	4849
11934	1107
928	7017
18035	3498
19451	16247
1824	3887
7372	8009
18090	12019
17696	2241
1964	18807
9916	11447
7699	13264
8449	8824
8385	11356
16199	2113
16073	1389
13370	5298
3679	11839
519	2323
3110	4025
9924	697
10279	5875
10737	1358
15926	3301
12380	8832
462	10350
17159	6353
9534	7224
420	2284
14746	2097
3331	13339
10431	2803
13836	13179
1662	4371
5708	7811
6577	8158
2792	17343
6395	6734
6742	15013
10458	5008
10932	3936
7818	6983
11643	16667
13912	923
2369	4441
5394	3895
11593	8995
7622	17913
13568	14110
11460	6603
16656	3002
12418	19076
16238	2203
582	3884
15490	19073
2586	18688
15940	700
6803	643
1050	4799
7465	5544
3437	16334
12601	18579
17653	9856
12073	12760
12374	8380
12634	4
1056	1138
9477	137
17457	15135
10963	12644
7759	4340
5807	17151
15390	8969
18109	13201
13586	5868
17657	4829
8642	7544
4146	17548
14147	7950
9526	14174
18063	15508
3811	14327
19268	1552
13051	12606
19499	3879
18577	15232
15433	8806
4963	945
779	14255
5270	15274
8034	11257
11636	8602
16592	14138
19401	1605
18624	16134
15492	7679
1175	11998
8925	15645
1383	12455
5907	13684
5058	17691
10297	17480
18381	10790
3752	78
9227	10837
18292	8251
18045	16401
2084	1154
12679	14701
16837	12185
18982	15829
13961	12291
1805	13941
15862	3674
10994	14453
11739	3243
15402	858
18235	10453
11949	14413
4589	18866
2376	11943
1886	1223
32	4156
340	3970
3670	16503
7394	11590
3612	2283
19022	10049
7965	1659
2917	18917
17280	723
3541	11851
8530	8245
17860	12303
7478	18373
17850	14040
19483	10206
7542	12293
1569	8520
5345	12290
12341	11196
7598	8842
17111	5902
17782	12365
19678	12906
10312	19754
10998	5323
19586	4536
4876	15203
235	15844
15520	8465
9378	12129
16377	17528
14141	3491
11120	11986
127	17714
15370	2576
10794	8579
10757	9534
15563	14800
3474	16333
13405	11002
14881	18710
5443	15824
933	15114
18800	9619
15701	902
4615	12581
17869	7522
17305	14556
19092	1282
18006	12306
13358	1916
11880	15505
12997	4515
374	766
11659	10369
12610	9518
16480	16339
17323	11389
14172	16544
19185	875
15064	11741
8283	6576
7655	5114
9595	2870
2038	7887
12325	16431
8257	264
11987	4585
9852	5698
9234	16323
6096	11775
19683	2992
3477	75
18305	15187
30	17774
705	19498
3693	4621
345	15529
17576	12239
15566	14290
816	11077
13750	2973
9573	13539
715	8527
4657	6658
7034	18085
11503	14917
6348	4663
3744	4040
13779	12843
18626	19190
2382	18432
615	14491
18395	16967
3444	17487
8460	1221
19389	9342
7306	17982
16484	9390
12217	3307
13506	15918
13359	9878
9298	12734
9533	3880
7602	12190
5998	10263
10529	14965
16104	19521
2722	13532
1211	12002
4281	5136
10933	13893
19584	3739
14971	4703
5939	6246
2832	2925
15465	19684
6995	3892
2929	13989
4709	5816
19390	15041
14018	10540
18002	9026
18456	16223
9669	18452
3863	2384
7841	18778
10833	5552
3086	9646
4901	16709
7545	16677
5349	9495
16546	18836
2115	14595
5654	10120
16051	6487
11579	16327
623	2010
15048	6178
11074	8030
19503	8123
3141	3211
1240	10701
1205	4698
6242	1971
13012	18229
15897	12797
7799	4319
2803	4941
7220	1512
12096	16418
15040	7527
13125	6811
17238	18961
13634	1480
15428	13298
17768	1159
6058	3411
4824	2341
6539	1431
4717	1097
11810	16996
17250	9655
16927	822
1859	19594
16479	2862
1668	19211
10799	6113
11851	50
18061	12700
7986	7385
8654	8185
14032	5344
5897	19316
8157	9345
13800	7837
19177	16496
15354	18628
14811	11373
2534	6547
9076	6471
10473	3368
4184	17471
9353	8347
8021	18708
4044	3465
2454	13601
16383	7195
11497	16160
9693	6973
7304	599
16718	19449
1398	8696
17460	15429
16024	13992
12619	15925
8074	9754
2863	17309
4945	567
575	13665
4324	18757
6561	1047
9753	13487
4817	9418
16483	14170
8206	14946
19087	9073
14151	13483
5493	10274
9686	13918
64	8478
18086	17829
1359	10497
10260	1033
13416	18093
16565	13905
574	13649
13076	10244
14910	1352
13037	17790
13732	8224
16823	12281
19235	14301
14362	10409
18813	9672
839	5767
13300	7892
8547	4321
11441	6408
6946	8018
2002	13210
3866	9982
14513	7800
4255	15007
3483	6678
18661	4367
530	16244
2554	15554
4737	14259
5795	996
14078	2622
3046	7238
17868	2833
7616	17555
7437	1927
16208	2440
7718	4981
2940	5628
10132	10813
18092	12714
3907	3378
12881	7870
1037	10686
18692	1002
1980	11652
9625	15186
229	6302
5916	4715
11010	8580
6493	7639
18866	19638
15396	18258
3257	459
403	7787
2623	879
17067	11178
18342	18405
15565	3927
1026	811
16810	9173
15749	14208
1942	3649
17569	7979
8768	1532
15860	9779
16361	4159
499	3499
17851	12555
6537	12747
18738	2608
11521	17990
5508	9517
6525	5152
1627	14037
2619	6718
4073	1890
14337	8553
3911	18997
4368	15622
17045	13255
7232	18151
2700	7861
18990	10094
1819	3753
14889	8183
12994	12436
5933	1615
117	4199
15189	18445
3033	4467
6009	744
468	11835
8071	16001
13664	5124
9859	7066
8720	2249
18212	14042
17682	8415
14332	14448
7224	2388
19409	14699
9638	18820
6678	16950
2682	14009
7740	1945
8363	10167
17968	426
16639	3725
9054	6184
5196	7826
10264	6824
14091	2543
10450	3714
12979	16849
18369	18088
8674	18315
12947	12016
1226	8585
6873	14341
12301	4055
13455	17675
5774	3283
13131	5270
17100	12507
17218	12321
2515	6903
14508	1279
3312	1025
11597	13678
4939	1986
15251	4987
620	18348
17997	2180
16299	19686
533	5058
1947	16906
3533	17058
14480	6528
1578	6177
10717	19751
16640	7306
601	6772
11312	851
7284	2091
19096	5400
12447	3096
10124	18158
11708	6979
12252	1535
14947	12799
16558	14023
10206	13512
12486	17034
6658	12469
11227	12489
11130	2999
12894	8021
12794	7529
19240	11962
12184	194
11351	4498
13616	18157
12503	6187
9928	11397
19579	4399
680	7667
2713	18355
5215	10403
2137	14455
7174	15228
2725	7670
19680	13493
16371	8895
3464	8960
1287	13627
18320	2072
4067	10588
18615	2565
18755	15803
13758	2218
17833	18172
17494	11794
12821	16991
14755	1157
1024	13072
2931	9938
547	9189
10400	5706
12764	13420
11525	2398
12346	6705
5977	8789
8073	5213
14903	1399
7793	7713
19487	11579
6381	18400
19416	19037
17819	2531
19417	4574
6667	19587
14312	18479
17370	2302
18729	14230
189	10220
11701	19354
10941	9966
8809	17415
7336	19129
12459	328
10872	18018
13594	13914
5538	9048
7663	6708
1016	8783
8219	16059
8909	17174
13972	7468
6661	8167
4321	9454
65	12599
4813	14877
17047	18108
10996	7402
14511	12552
7844	2895
12811	960
7168	13211
15254	5093
10909	16763
12778	8256
5281	5994
2927	2517
10407	15404
19161	5128
3378	19271
4462	2713
14417	2137
17413	3807
16915	4072
10691	17214
8686	577
422	4641
8761	12635
5551	15587
13174	1557
17916	6864
4050	11733
13781	14221
11884	9297
16140	891
14236	18319
515	594
1986	10234
4381	8765
9761	12267
12159	15682
18082	16783
5673	2244
17089	5022
4720	3723
435	18394
16919	520
11600	17063
16793	11868
5706	13030
16262	4158
12109	18142
2615	529
7364	10298
13505	1316
16195	4465
7505	8524
4319	4587
5852	17622
19119	7004
13968	16073
18995	2149
6143	7760
16232	3743
7004	18001
1902	11564
4370	2455
6972	7851
19763	16526
15086	16658
8164	11979
16394	14889
19420	5812
2414	10377
10510	12106
17918	16862
17856	6169
17416	4563
12759	8543
12561	1716
12319	3181
12123	16141
7463	10454
1100	8031
15067	8181
426	14250
15416	2823
17393	16864
4384	17696
2533	7231
18782	16138
19484	12928
5406	3716
8293	5931
17957	8917
8248	19290
2795	1922
19748	7292
6536	11902
13910	2370
1	10566
5840	1114
14196	8176
17114	10791
9814	11210
7071	13166
1079	4038
4721	12814
7548	10639
5921	4213
9963	12014
7800	262
6798	7037
13106	10974
17827	18694
8730	18461
9970	5773
12518	5219
4455	14218
11421	14820
8278	12512
13757	8815
4295	12610
11012	11910
13950	10078
14844	17853
14050	10703
7239	8370
19156	11098
4450	11874
13815	16634
3924	17973
9710	3699
6317	2974
14361	10127
13645	6105
4992	30
11489	12170
3926	17137
13700	14077
5271	8241
11642	11923
3855	686
3731	821
15985	9598
3739	10297
7817	10645
5918	12310
7531	15115
8181	5390
13987	19595
8672	468
13548	10797
18642	12627
7170	5216
14624	15761
4928	15509
6994	12890
13624	7474
12485	1217
17836	901
1799	11347
8247	7258
5219	8350
3208	9707
13	17395
4082	12297
17434	4059
4120	6888
18050	18139
10823	6137
19088	17463
12396	8938
19150	15141
1396	9942
7263	15078
14370	7651
18343	1848
19413	6419
3804	2853
2151	6032
9313	18336
16918	19239
16680	12182
10202	3692
13095	2421
13016	17164
6751	2557
4466	14945
8358	14622
5527	12931
1002	14653
10671	1472
19125	10192
19199	17571
14299	18774
834	17331
18075	7662
1397	16067
15049	14880
2315	3480
6668	19096
5299	16654
10322	4242
19617	16651
2018	13219
13925	14565
11975	14055
19133	15087
16005	13040
4816	5972
5120	29
8168	9060
2729	12537
1318	8514
15002	15389
17947	9822
13821	17198
2903	10291
10328	13233
8001	8014
10892	4099
3097	18883
18711	13466
2322	12339
412	2778
16717	16513
18341	4568
19201	16159
1496	15858
5489	787
1231	9847
19801	10623
8434	17257
13677	15634
4828	19101
13739	6438
5976	16994
14619	5061
18694	10171
1760	642
12671	2014
11988	592
19224	9361
10974	6559
18578	7770
14859	160
13725	128
11526	4358
408	2012
13666	16602
9822	11929
17562	7076
17469	4611
9882	17156
17397	7709
2614	11757
5499	15627
10658	10671
6278	3999
3296	11462
13853	3013
12441	1710
17211	14360
7755	9101
15540	6117
12678	19191
305	4130
15628	5262
6055	16989
7486	12886
19103	5013
7827	17275
1917	2538
744	4002
5535	5467
13429	19491
2844	4665
2681	15750
13361	3351
14926	9354
17346	7724
18874	10402
19222	11934
18273	11884
5624	8355
18582	12335
6567	10381
11146	5081
18803	9138
10185	1904
4654	6752
304	14651
3232	4303
9698	11061
16488	11911
12856	18592
10212	16512
1065	17423
14436	4689
12712	1729
7660	14697
18592	18214
4300	14081
11982	2763
12750	10508
11782	13757
4103	10754
16910	17346
3518	526
328	854
204	2167
11904	813
17458	11143
8840	507
3645	14364
13896	15182
3127	936
18597	3395
1807	570
16522	17005
15312	1963
15219	17443
12817	10385
6417	18107
18631	8382
5969	11586
2608	17854
15037	8043
5400	12114
4357	12679
3972	9862
6737	11278
4965	16933
1395	7533
13137	5110
17742	506
13282	6990
3059	16075
6295	10473
11190	13946
12051	11773
10397	19700
10432	19506
14532	11142
10210	6967
3043	12151
9472	5507
7484	16516
1618	5356
13254	3942
9240	7554
19577	18266
2275	18834
7012	1618
7038	3856
16088	5016
4514	12932
2010	11984
8926	5117
12776	7830
7149	8255
8309	12602
7765	5915
6731	500
13301	13514
10197	19181
13914	11457
10650	11654
13845	8091
12605	18371
4154	13597
6734	874
11935	13245
17364	14396
2736	17087
16716	14818
7079	8244
14372	7449
15415	16523
16525	6899
2632	11087
1248	4887
12047	7868
13122	9093
18164	4796
14276	1850
13164	13212
11871	8357
15639	17422
12148	17347
2866	17647
1718	5798
17704	11295
15152	8536
2695	12614
8046	7966
16258	19704
8112	12502
5984	18926
3881	12131
13792	2049
11779	3106
6136	3908
7203	14621
10134	4027
3916	5433
15515	11206
472	15786
16113	16737
2455	16124
16563	10416
5742	9237
2205	15967
12452	13808
1622	3540
16448	13549
2654	5
6965	14031
5534	5120
16833	19600
3303	9053
17220	5457
12801	4862
2962	19737
8024	18890
6785	7178
484	14990
18960	11744
15225	14776
18231	16049
19263	11105
14129	630
15468	17155
8235	6238
11823	16768
11558	8994
7650	17937
9682	9363
7068	16614
12006	8279
15717	10734
1871	7802
16612	17852
13310	8093
913	18340
16054	17826
4443	16176
11450	7869
2538	16277
5021	307
5358	8735
9211	16259
17229	2682
13840	5712
13305	13974
14949	13348
9980	7710
4590	2498
2040	8087
9397	19338
10280	19201
15979	1680
12020	2941
13140	16306
13891	6855
7540	14654
3847	15242
781	2735
5769	10788
19639	1438
19157	13762
11002	16213
17109	10764
11654	2640
17501	5847
7676	19321
7206	9697
16124	10032
18600	2274
5719	16307
13056	657
15182	7230
9960	18080
12566	984
19355	16405
15307	64
3740	8015
13921	3111
6198	16666
10779	3230
10064	1772
17427	7885
5582	18112
15059	17043
554	11492
5837	8636
19575	3514
7794	15082
8177	1306
12534	11175
10825	4928
16652	705
7640	8500
3942	13102
7843	17619
1955	13733
11293	4192
1638	2056
14578	12037
803	3733
846	18553
2539	5632
16684	8984
17347	13033
18150	4232
19778	3428
4531	5328
3068	7542
18817	3882
4248	162
13536	11422
11353	13761
14655	868
2504	4986
3224	10730
9502	16298
17408	8708
11272	8646
8108	15890
5462	19402
8776	1915
920	9545
17254	19621
9164	957
18924	3503
18100	2524
4623	6384
10484	14086
16393	14795
14841	1688
1967	3959
851	19563
5322	1797
15913	12753
18918	4658
8031	8885
1995	14631
6051	3388
1215	2656
4285	12868
3904	5782
14955	13294
14399	16840
4739	12686
10476	19567
1566	8581
4504	10720
16673	15586
2029	18291
13423	14817
11143	4907
17420	10281
18636	18809
9530	17993
9695	6812
8039	10943
5230	19725
8093	6555
14689	14107
2107	9095
8425	11009
1017	15885
17925	7991
15101	838
9930	9381
14373	1891
1589	2093
19733	13323
8140	16354
1444	6373
2337	18580
1709	1005
9664	15954
15153	14126
1196	6618
6573	15205
17003	2501
8885	16498
10804	4257
7014	7835
4332	18716
18599	4483
4047	6887
2617	3464
1243	959
19214	18344
11418	10533
4620	6494
15020	16174
1459	14850
4498	18260
19127	17869
17887	9300
15895	9663
271	2354
16434	4847
14687	9784
4330	18425
2526	16570
5061	9280
13276	11834
8608	13499
1860	16525
17156	6815
18437	8211
16914	9926
10310	17464
3160	15746
8663	7026
12431	2225
4927	8625
16226	2888
2066	5012
8343	350
11016	5202
8427	304
4671	18453
13401	13454
12554	17183
2562	10362
8412	283
5991	8929
2668	14240
7088	13003
18718	14672
4611	5714
12098	15400
9587	10661
3021	11504
15463	5318
466	1151
4467	2339
16198	14769
3310	9459
5416	19749
2203	143
16510	19378
13546	18785
4078	1155
11613	6163
4697	9411
8373	239
17030	17999
17430	4779
12515	16861
13395	17771
17382	11496
8536	17533
11236	14882
2147	1870
12104	3132
19011	18788
6037	8232
8440	3527
3621	12361
18947	16290
1858	13703
3786	19425
12938	8238
7567	12639
7989	6720
7866	3529
17295	15496
6280	9650
18036	15229
13120	16091
3671	2827
11335	17963
18397	19511
14375	4750
19105	7436
18763	4041
13424	2299
13709	19010
7628	3964
11887	3220
17134	17902
10467	9214
19603	17113
19311	9412
9770	9234
18281	17081
378	13295
12911	12924
8307	12894
4599	5362
15677	13672
2193	9221
12830	10067
6332	1727
3475	3597
16692	11685
2696	16021
12056	17807
12584	10965
10092	10799
12332	9923
8826	13909
4761	18856
16626	15206
12140	17027
6671	16915
7556	14597
5245	19591
14167	15687
15738	9897
8736	12046
7856	2101
16902	15912
6007	4098
9096	2936
13223	13648
5247	18146
3367	6964
11050	6607
4552	922
15875	711
16249	12640
17304	18464
9387	1136
743	1414
1884	1003
18379	8751
12527	8226
18958	2702
4428	10710
14979	5799
3139	10624
15104	17529
18102	10207
11515	10264
8115	10739
2278	5803
18378	5674
11812	9497
19061	12073
7524	15455
18125	13785
14431	1514
5004	7747
3217	2692
12742	11396
15956	15240
15308	15223
1485	12330
4855	14199
11189	3246
14453	4258
10890	6365
3479	16131
17987	13022
5773	6681
7690	6464
9068	7860
8598	144
10707	11643
18545	17715
9287	18952
9716	8729
8153	17012
2835	19558
16196	17493
8531	10785
18179	3586
7596	74
14935	5536
1291	2577
4867	8634
9676	10020
17582	14844
19010	16785
11388	3785
1788	17249
17973	1450
11978	11720
7403	6518
17495	11456
8477	256
5595	163
18871	2147
16018	19139
1204	15378
14973	9337
10788	6267
2017	6524
13566	7045
2135	16149
15335	11114
11108	14068
12014	11890
14855	14983
8319	9995
3499	10953
19050	19002
18873	11192
10724	14739
4650	407
9420	15257
6778	18509
5336	6892
1164	16121
5723	8371
9721	846
7746	6301
7685	13272
8605	2237
17246	19633
5886	11970
7291	1521
15273	15566
7809	15961
15472	2298
14301	16591
1493	9170
7913	7415
14948	9187
4310	8149
17615	14727
13103	7972
4616	5086
7243	8703
2194	17604
9121	4248
12795	2724
14653	18039
1267	4372
6915	13924
5460	3040
11368	8563
249	16515
9275	1613
19269	685
13530	14320
6334	16578
18934	212
13963	5730
19627	9576
19111	13183
4218	18563
13240	19133
8880	3110
12010	15011
9049	11871
6472	5970
13611	6171
4612	2987
5088	18053
19116	15142
3662	14433
7627	7849
9443	16566
2073	10838
14252	17153
7682	9461
14741	2544
10223	429
19254	8986
19530	13150
9699	13277
6931	7414
1440	14557
8825	543
9048	550
12931	4532
5404	13462
10121	10102
2987	6093
6470	12592
8167	13787
1536	6188
18968	19258
12457	13697
9754	18124
7998	15574
6976	7543
11748	15738
19493	6274
15264	14680
16157	4090
12689	497
6858	18690
714	6182
5	6160
274	9711
9906	19685
8462	2077
10962	5324
14258	12774
13404	15440
2802	817
6189	2007
3762	12477
2149	14186
6039	5841
10598	7499
19179	6074
10242	14439
8092	12914
10180	17924
7632	377
13028	16359
8782	2204
13895	11086
8246	11774
297	6265
17341	18205
9116	282
9917	450
3587	16749
15605	9746
9501	19234
2256	17208
3318	3571
7686	15261
14156	16908
1778	9520
19399	4342
11599	19230
8916	17509
14607	19395
15739	14146
1460	7661
8810	12697
4780	6765
17482	3520
3286	1249
1481	4985
3094	4649
8450	11792
13172	2230
19264	1624
5114	4419
13102	7526
15123	5749
12978	1466
8114	2417
11230	18114
9733	7218
16447	5358
356	9360
5391	18900
1651	12472
8888	1396
9440	5288
16332	17429
2144	12221
14658	7781
16628	18989
9778	4322
4379	12475
4236	19422
15056	5238
16284	16788
1143	9962
10173	10565
15195	7873
6526	4504
664	396
10152	17413
2390	10500
12971	12888
5091	4458
15296	2378
2954	18859
12176	19665
15679	13111
7850	5543
1796	3580
9853	14655
4296	247
3234	9311
11110	14241
16496	12771
12285	5980
5965	13569
6538	724
17236	6472
1258	671
3674	1462
14306	18558
13610	87
5833	3016
11417	12328
10111	9310
12211	6523
16100	1478
5996	4630
6330	8723
1412	8032
2818	10653
7376	18275
9589	16398
7828	14288
6727	13086
2679	14297
9086	12220
9169	2599
17124	17141
1091	434
9934	3808
10135	19379
286	10170
6719	16414
10459	17972
15785	14543
7269	3024
6930	16702
14929	17971
2900	1451
11595	9177
19798	17181
13636	8177
9198	1489
14180	16897
12740	4567
6440	10762
7837	7818
7797	1511
11155	9415
17864	5890
3104	18733
16125	12238
9846	962
11216	4275
19412	15090
9674	12826
1611	7779
13730	4396
543	10672
3987	9910
16741	4932
9720	1763
17698	457
12213	12234
3397	7319
1220	9198
845	14772
246	12042
14359	6585
11724	19460
11718	14843
3299	5034
15877	17299
17630	16579
17193	376
3508	17401
8040	17026
12157	17762
18388	7237
1362	13291
7773	13432
15726	10137
18274	18372
8534	3757
18514	17232
8591	9806
17664	11875
11109	11331
16465	18758
7107	16120
10887	2774
17534	16053
1202	16266
12576	13563
7241	9086
13156	8407
7433	10046
8302	9766
2209	17539
19648	8326
5701	12402
13622	6991
4473	11543
12057	5708
3652	19149
13382	2311
3415	19196
13078	6905
15590	4680
8063	18616
11678	15277
7440	7375
8160	8173
6099	10292
18426	17974
14681	11682
242	8493
16438	4074
15968	1867
11040	18734
4914	11446
17419	7786
7666	13596
8958	15674
179	4039
7973	2534
5193	8714
7716	6763
16911	16504
9129	15780
7695	17526
17700	2305
2313	14650
464	8756
11073	19752
12540	873
9738	4149
18177	6251
325	8648
1818	18249
5483	953
18926	585
7065	13963
9896	18100
3407	18367
17029	9208
8589	14005
16976	2059
19708	14993
15211	16952
7795	3576
7409	2080
12371	504
11201	14032
16971	13578
2833	7104
2412	1363
14000	2773
2965	10892
2223	4406
10837	4936
19002	6085
1904	4289
18200	6094
1486	17582
9496	11983
16321	4249
977	12364
2218	18226
3665	7420
6030	48
15042	8075
6283	7711
13519	11739
16831	13010
1028	12296
7792	8838
18683	15262
19086	13251
1545	3500
11348	5256
12189	3151
16337	18969
6094	9382
8564	13510
11847	1054
1350	1926
14075	9384
18223	2525
3880	6076
789	4058
3609	3321
10622	5268
8850	2139
2744	17096
1246	5294
2498	17131
3967	18042
8298	13314
15780	17788
2549	12516
8198	4946
16089	3933
296	2746
17515	3184
6027	99
4998	11423
2689	334
13754	6712
17844	17759
4659	10107
9186	4382
15494	18954
5491	13726
9404	4351
14506	8748
19247	11789
6114	7862
13299	5603
12623	3596
16953	5091
15922	16463
18977	6329
17449	5570
9256	5956
11085	12976
13711	17073
7823	17503
503	12692
6391	1620
