891
712 765
812 322
845 628
262 337
1041 979
769 737
1623 91
1248 1301
1052 998
875 257
218 622
145 1313
662 646
339 24
1152 412
1513 1170
1613 379
1505 152
383 411
1519 50
1579 224
1580 771
517 1209
795 258
93 1242
297 990
1458 1270
254 798
60 1302
307 23
52 236
154 151
425 134
1699 251
244 626
1137 988
704 499
384 1004
213 595
1351 362
228 1223
587 635
1483 773
1669 768
1593 533
1495 400
1192 93
1475 940
1389 994
283 677
157 593
557 793
1589 1306
433 600
1111 184
1456 886
1400 45
1416 724
1130 459
534 1176
1112 1317
224 105
1674 211
1691 810
1092 1190
489 623
1109 1051
415 598
984 625
908 572
120 1049
53 942
1362 1128
1336 840
1055 1164
1680 409
1502 102
801 1106
556 320
1214 52
1479 848
1324 846
570 249
1422 427
132 43
887 587
551 1069
1118 801
164 1229
860 877
1558 246
1150 1206
1675 222
813 214
1697 475
435 602
569 1259
814 809
199 76
531 578
63 830
1300 693
1406 603
1538 1000
1347 414
670 374
1286 606
674 78
724 854
1524 1249
293 1296
1155 781
658 1078
104 721
954 855
1023 1022
498 914
884 408
791 550
559 912
1477 235
870 666
239 621
1274 1269
178 347
1444 175
681 783
950 495
898 639
1211 753
138 1136
5 909
1398 822
649 130
1156 485
302 443
1489 876
691 1172
623 487
688 1287
800 1015
397 8
762 111
1168 1104
948 158
365 751
422 1117
1409 521
719 1238
1376 417
411 845
1570 97
1572 292
595 972
1401 538
1307 109
84 549
1656 1103
1036 577
1379 971
363 57
252 394
1429 27
739 1221
1046 748
904 1145
810 574
124 568
972 343
1193 70
568 1130
1161 74
590 245
854 284
1083 1002
1504 519
1531 1
1545 966
330 194
144 1248
371 1289
35 948
458 75
591 132
903 835
1341 1077
1426 1222
1217 1187
1124 144
1136 39
142 762
354 792
1631 18
979 112
1394 701
756 962
549 594
166 167
894 231
1640 1194
487 829
1449 1290
412 364
1026 1224
219 778
249 719
628 31
512 731
1263 147
427 341
900 410
659 510
251 713
1048 1300
1015 168
1364 1135
288 1023
760 1253
88 658
129 240
989 174
550 139
1296 276
1064 1257
1215 716
1207 254
630 46
1465 718
1090 599
920 433
296 375
181 95
424 450
1372 557
1638 816
343 455
1281 489
755 88
1171 678
48 970
1657 1110
269 440
883 1149
1551 615
1024 548
87 1097
248 1307
1254 279
338 1240
606 617
1632 32
1668 738
4 73
1434 1232
842 1025
495 471
308 744
1306 423
1506 146
1250 178
1622 40
463 336
366 451
212 609
666 87
1650 669
798 894
1332 672
926 71
934 632
400 576
135 67
1617 542
1573 20
1662 103
698 118
818 259
638 1244
604 1013
223 880
1004 373
834 520
168 1266
706 454
327 612
362 663
1319 1227
321 206
36 247
509 703
1598 687
294 682
687 419
1074 919
1375 209
571 688
995 9
772 107
394 910
494 1154
1011 266
1430 250
727 150
1017 355
922 746
938 234
832 47
1595 952
71 1292
46 387
1027 420
1132 1141
1301 908
1661 483
1383 640
1317 271
1088 1214
575 888
264 289
1114 1193
1443 755
998 428
1648 1237
1541 36
725 189
1030 228
1255 1114
229 162
432 562
1536 1101
916 930
1194 217
781 135
1584 305
1258 274
1614 430
1459 547
33 1321
1645 452
1251 878
305 301
386 92
1626 631
1571 1050
893 238
537 1044
508 415
499 844
434 695
69 94
1446 1279
1277 786
1069 295
999 648
1204 1068
608 1171
234 546
423 526
541 553
1610 1305
1002 1005
333 954
1338 115
699 1084
298 1133
1157 1215
9 1207
1018 644
545 127
1597 1083
1019 72
374 117
1634 750
581 995
312 327
1568 992
208 699
530 470
1213 1062
246 641
45 390
440 530
622 729
1499 920
677 926
1663 255
717 856
521 1045
1303 774
1276 529
1243 493
1511 680
8 707
160 466
358 1052
1272 208
1267 767
1206 13
1549 290
816 205
222 7
197 527
78 694
1382 1108
1665 1107
949 294
971 469
1639 145
1094 212
505 232
548 965
1278 1276
438 137
22 726
1029 987
1246 89
1407 596
369 916
1091 1073
839 932
1189 770
1543 807
1463 61
1201 759
1576 893
406 860
937 723
749 811
477 861
238 895
149 21
722 872
194 484
271 5
1384 340
711 674
992 1161
868 1027
1288 398
1310 700
108 316
180 101
227 957
959 752
1472 1198
380 1196
1596 81
175 371
733 777
1677 1043
1093 1157
77 308
1173 1085
121 823
426 1146
1666 516
1325 129
914 215
612 709
24 244
572 1262
277 154
1059 163
303 317
1108 756
593 514
1567 913
159 938
1186 14
932 133
345 429
1484 825
413 782
558 1072
1135 49
1021 98
40 500
895 190
318 1081
1031 1202
256 1031
617 1122
171 518
1142 497
1594 505
562 143
748 437
1469 551
1122 1303
1328 382
1210 492
1138 34
714 380
1428 985
398 1163
619 1155
669 647
1229 1284
820 611
996 25
1646 1007
1370 416
30 297
721 291
899 803
503 1263
1503 1246
1149 1191
673 993
1615 165
936 441
1369 870
566 51
417 304
1343 376
215 1236
1178 671
388 797
451 667
909 710
547 1046
1101 818
646 791
716 931
642 953
990 334
1517 537
703 1131
738 37
907 923
1321 108
403 1241
1134 978
326 283
1554 1260
484 1261
787 1251
859 310
467 528
625 11
1359 1142
150 1186
133 1314
55 559
143 55
864 943
58 883
1216 849
1085 432
1512 1233
214 148
1009 482
641 1230
182 785
444 958
735 216
329 180
1275 331
1086 149
846 328
1527 1091
1151 857
74 1001
672 827
1605 160
25 1094
1480 128
796 445
511 1148
1457 501
325 421
792 673
1316 1127
1043 991
51 705
447 799
1582 764
373 326
73 1220
284 358
1629 1310
1175 1029
114 386
195 561
728 350
757 293
1266 1183
809 498
831 989
301 986
379 735
1380 662
1367 1185
1253 1167
62 884
840 513
1344 456
668 1035
38 779
1106 638
82 589
912 33
603 769
1624 1293
442 243
481 929
18 1132
1318 191
1294 106
946 397
1174 1063
147 681
618 714
1061 1211
496 1138
110 1037
1637 1280
1264 1304
1198 1121
353 464
651 523
885 1039
255 981
1107 131
1386 1195
923 185
193 824
174 511
300 976
740 833
764 826
1292 261
81 963
452 795
1455 944
544 868
1293 838
233 664
966 754
1587 1058
529 96
1240 616
589 141
1452 477
1363 100
1304 480
680 1225
853 349
858 812
576 697
871 269
130 706
939 434
1581 85
1102 655
1044 1250
1039 955
1242 467
1438 405
852 565
107 1066
1333 1210
291 384
759 264
1667 53
1682 722
770 813
273 219
337 285
368 1298
941 629
206 900
611 1159
456 339
933 692
579 260
443 1258
1644 712
1437 571
943 195
678 278
865 736
702 921
784 15
1158 59
872 665
1014 323
1655 90
439 465
1678 743
1693 506
985 740
391 125
1119 1203
1481 1216
540 836
49 727
204 802
191 525
837 633
715 1089
1620 230
1110 555
861 1277
276 77
660 659
1190 585
783 248
332 794
1378 1158
352 1016
913 967
151 832
270 656
1116 1065
573 1283
1417 12
973 684
1399 980
454 720
974 170
720 1010
200 959
1105 831
1641 592
637 858
375 634
437 38
1125 591
1647 588
54 22
10 10
1100 157
1268 1112
261 1264
1664 890
1361 1315
1636 478
280 30
94 841
176 515
1209 114
788 1006
37 357
1420 299
185 303
1698 977
1476 436
1032 1102
205 859
336 476
152 378
807 660
734 200
1681 968
1672 1231
1180 679
863 424
39 1071
1468 517
1239 1217
1269 949
723 407
1010 1053
500 1118
804 342
1440 1048
1231 481
416 610
127 439
98 534
226 563
299 892
519 1076
1673 6
790 1295
428 422
274 575
1058 186
605 619
1602 116
1454 218
177 366
421 360
361 42
186 869
198 1099
929 946
905 377
3 2
1592 758
1232 86
1200 645
685 601
526 446
1128 1274
689 313
851 318
1611 766
1411 300
1098 535
982 1064
1516 393
592 359
341 927
331 808
1076 1320
1257 406
1686 842
713 3
1533 711
1559 201
843 653
1496 850
610 1026
1331 457
1197 928
613 462
450 509
627 1166
1016 1088
708 1124
1385 556
574 956
350 999
389 1247
513 177
892 197
690 298
615 1090
1270 732
1423 265
1448 182
253 472
967 540
620 1175
1653 329
1412 828
1607 1181
983 636
1000 725
97 1116
126 356
552 901
125 939
731 479
1113 933
106 747
830 233
1326 315
643 29
707 1291
1408 821
1642 583
1470 675
1685 113
882 4
1488 1245
580 402
1413 608
1006 82
153 1192
1419 1017
1008 1120
822 935
42 1204
987 120
17 691
1165 960
710 1019
118 1113
1447 982
390 504
753 395
797 1080
405 403
285 1028
586 1067
1183 463
777 1256
1676 889
364 502
782 306
44 425
1395 715
976 68
459 183
1557 496
644 227
446 281
221 708
