453	921
232	194
1542	171
943	1135
1308	735
524	452
223	594
291	368
47	801
226	651
1292	1028
948	1164
815	629
975	1241
887	228
114	2
235	162
1681	264
379	949
491	806
1452	635
735	66
1624	354
1503	834
194	811
297	1148
762	415
1677	1316
684	34
370	539
1312	910
764	568
769	859
1034	158
53	473
1552	952
317	575
429	204
1655	1294
514	113
1145	21
1126	26
33	1040
316	592
628	1126
1659	515
534	446
648	967
1172	231
675	803
610	650
1473	428
905	1047
1403	856
100	1102
592	954
1370	1080
1372	346
779	253
36	1288
752	388
1002	341
408	740
868	978
437	394
15	771
1443	1131
423	336
1577	611
1120	911
95	343
344	531
1561	884
1684	139
575	1282
1489	330
102	942
1606	687
18	1246
1203	621
866	724
1440	1161
1060	320
1288	384
1449	289
39	472
655	260
547	607
1530	549
222	455
160	779
1435	252
1383	783
67	152
1422	951
1282	209
1265	280
878	266
467	20
985	366
1356	1078
256	1269
1527	1217
1097	577
1641	192
715	303
1220	1051
624	1300
1098	313
523	1220
52	55
1226	772
564	323
1700	499
854	1088
1601	40
952	1236
1039	953
1307	1010
306	685
503	405
258	1202
918	970
1590	527
1188	570
1550	1129
635	1004
1001	1157
1056	90
1693	867
930	1284
239	206
1640	541
946	123
482	245
200	1075
202	814
1388	789
621	41
1386	500
726	1318
207	1012
510	471
558	1159
1532	37
740	853
1474	590
702	614
1175	691
996	1046
193	378
756	492
1275	30
942	686
1173	397
1160	974
1287	825
470	1183
641	3
1691	413
801	1127
1158	1114
736	701
58	1035
1114	160
1522	545
920	1091
501	1193
1100	491
1500	841
616	434
430	305
1018	1104
127	62
395	222
1303	61
479	495
1305	198
1348	559
1051	1201
555	70
387	1173
1617	1027
1041	256
1404	200
1465	1277
107	187
1420	297
760	822
475	396
1642	761
984	892
1010	972
251	620
1119	403
1536	815
113	1258
1028	54
1478	544
16	426
1400	348
990	420
1260	257
772	870
1369	904
1083	813
164	96
1154	518
1255	521
1439	251
913	733
1277	875
971	641
977	25
1476	1002
303	905
191	923
230	1055
1229	118
373	1050
1072	1233
104	795
678	1274
1622	1006
1373	479
1664	758
826	982
1118	1118
129	929
1382	643
1341	488
835	1198
1495	423
1445	963
1351	1176
1434	879
326	547
915	375
553	1309
1613	507
577	821
1408	632
533	440
426	512
1047	138
928	32
1316	36
141	902
499	117
275	161
651	1101
99	1239
1213	846
350	1320
572	402
703	737
939	1307
1453	339
328	1204
495	424
642	44
147	882
1189	706
6	1
125	306
1371	829
1077	860
181	302
98	299
794	1190
27	441
259	416
405	586
692	756
739	262
1075	496
1062	1292
74	984
476	863
1139	493
50	697
1628	938
650	1251
1296	356
540	226
757	291
1350	695
679	169
300	1290
208	836
241	263
1430	224
119	711
10	213
425	409
526	58
110	885
950	134
219	1218
1249	293
486	447
1497	995
1142	981
899	1016
363	664
1333	796
580	1007
1432	669
1620	744
1279	322
525	1215
746	150
595	119
460	969
1633	234
1352	342
860	67
994	548
741	1069
598	148
133	785
352	1098
249	1184
1462	93
1645	449
583	770
311	1053
312	763
1135	467
927	43
245	557
167	76
1438	1298
8	1030
695	696
371	1207
638	762
1519	1213
1103	900
1228	647
1181	556
677	460
907	1005
1660	106
1637	1145
778	386
1485	418
185	519
593	1231
1311	830
960	689
945	627
329	672
1268	749
802	1195
1523	907
400	562
808	802
955	576
1412	240
541	896
1614	1111
1094	60
174	766
1501	1301
1433	979
161	276
1558	114
276	1194
573	781
1323	353
725	417
1363	725
811	461
1607	842
389	526
842	433
1518	1250
823	1264
836	793
367	618
392	78
1397	1163
63	59
1574	1060
1680	345
861	381
398	865
91	432
530	392
1064	1052
797	1254
1261	69
1521	483
1269	776
1618	0
1511	1171
1176	211
1029	976
449	528
1026	116
1661	873
993	275
840	915
1608	65
383	1203
269	765
1454	414
683	901
596	53
636	508
1007	1152
1021	717
654	1181
77	812
606	1074
1658	314
1177	895
1240	517
1682	988
701	68
213	168
657	1234
1467	602
314	469
780	1003
69	1240
953	6
41	983
1253	86
472	1094
1184	470
1406	861
1149	238
1529	1257
356	364
438	39
1284	163
485	513
1401	108
1096	312
507	50
360	1041
418	301
159	442
1198	1178
1218	1071
267	1317
717	660
933	205
545	1229
1654	1299
1183	91
512	588
607	597
150	1206
1515	63
198	523
1185	897
1033	1273
1417	567
1065	1216
355	710
687	956
128	786
28	154
633	315
1178	1066
1090	407
1019	379
1215	371
54	1079
1190	29
1281	1199
1290	964
1479	678
1054	215
658	525
377	807
614	203
1053	1011
1431	876
1603	542
637	75
196	739
1579	1061
188	128
964	324
220	398
1533	184
1665	1306
189	458
1304	16
867	112
218	824
816	450
597	1166
799	838
1623	1077
1050	628
578	617
60	1169
282	540
187	10
828	1189
1587	1081
402	1226
1156	329
748	349
775	991
588	1034
283	569
428	270
708	223
148	543
688	957
1365	833
1390	1221
217	593
295	1177
1463	509
20	1086
401	989
1201	578
963	1289
1037	95
1210	605
1570	760
557	5
1562	355
415	286
1257	1210
1626	1260
852	1225
1205	485
511	101
732	874
1148	429
229	22
857	456
1464	145
441	729
109	1259
120	217
1690	826
1424	156
882	181
1652	8
989	408
1555	1247
474	284
315	1160
257	179
1586	104
1649	1297
560	694
1347	844
1599	555
859	350
1636	819
158	918
1514	300
1125	23
649	1142
567	609
1165	484
674	1154
997	880
531	1120
792	1230
1657	333
19	916
29	934
124	7
704	193
1207	437
1179	427
1052	754
1294	487
459	612
1206	890
1505	57
341	599
31	1008
940	780
1321	126
32	810
1272	591
466	584
508	504
825	554
347	794
1396	438
458	64
552	925
70	242
612	1150
625	791
1490	359
1483	750
1591	1296
90	759
691	46
591	1196
89	132
302	191
786	746
935	640
944	1272
626	581
1580	210
252	663
294	24
1244	1022
1023	565
12	1089
767	259
365	583
1576	389
623	1180
1040	351
452	373
782	550
745	360
722	736
707	137
384	1013
1468	451
1427	143
1256	92
1157	990
353	1293
372	309
793	401
505	71
568	410
1683	997
75	141
1650	103
1480	142
169	1278
656	443
967	637
106	1107
152	800
1232	288
749	674
464	868
1099	1132
1161	1109
765	494
1208	212
877	965
1488	839
1643	372
376	603
969	4
1568	159
48	668
998	1170
337	1249
203	241
1070	383
851	657
1566	655
13	1122
1212	579
55	1283
197	560
718	79
1409	703
1143	448
1376	840
264	230
1567	1186
190	298
1085	80
1627	1063
1258	1185
988	88
832	893
1384	644
1673	1287
182	633
46	99
506	453
987	1033
791	248
863	197
504	208
982	1128
263	784
608	596
273	382
394	1321
1319	944
1502	1304
1262	308
1516	278
537	477
1343	688
112	265
1068	1192
1385	636
451	552
179	185
1498	255
9	514
894	1017
246	881
1481	219
839	362
299	534
1499	287
1276	236
543	598
43	1275
1458	464
471	966
238	480
382	946
1102	516
941	1134
1045	250
1219	165
266	728
1089	601
1692	334
1224	178
1022	848
71	285
262	425
1594	955
391	563
1509	497
1169	1222
721	639
1317	27
397	713
108	659
1326	327
1534	1072
478	357
922	936
527	475
490	666
889	295
1193	975
212	173
1546	1110
61	702
195	1097
298	239
1506	1243
1393	85
520	530
65	524
699	1237
1419	73
211	582
1015	945
517	1162
664	1238
277	1211
1609	18
1686	968
313	498
1375	1267
1042	1219
1239	1208
444	1031
1582	1137
1186	177
349	1105
937	914
680	899
445	1082
579	624
747	1302
366	935
528	311
454	630
487	167
1209	738
827	1179
1182	683
1200	667
594	33
1271	120
1461	1057
1513	877
795	130
1057	338
1337	503
1230	634
814	818
1093	1245
1392	662
1678	832
694	430
807	851
1335	927
1137	1096
770	742
1539	891
163	931
773	254
962	622
838	199
1006	172
1366	587
761	757
932	135
900	642
599	616
1493	1085
335	1083
348	176
1685	1165
1425	183
758	894
176	529
874	466
1012	1228
34	186
719	1209
375	580
667	19
1293	755
1155	72
331	719
516	566
1421	1174
1494	1024
1560	1227
787	390
1414	149
1395	648
225	1117
206	243
138	977
1581	962
730	1070
1679	828
1009	207
253	950
1079	994
1345	328
820	862
443	271
1222	704
403	431
68	1212
446	1100
156	174
80	182
287	1146
644	358
1416	847
1346	1252
1314	220
1472	1286
1415	468
1512	937
1466	913
546	1156
768	1308
521	1106
845	558
781	919
1043	1311
417	9
1164	1167
1107	510
788	1023
1	850
1322	1268
1426	506
824	435
2	89
1362	835
473	619
535	1130
1003	1015
1639	235
921	708
279	1143
727	1009
30	38
645	748
622	1020
