1107
13848 10418 474
1683 14010 89
17208 16558 126
17612 12015 464
18727 17913 169
5362 12891 126
3058 12229 201
4780 1343 150
9185 12474 798
16081 9008 169
12248 19502 713
17803 14687 177
12466 2918 156
14298 10528 258
19377 10005 798
11809 9693 798
10445 15447 798
16282 7593 25
8776 11191 150
7994 12714 169
15563 3720 798
7323 14640 150
5765 8576 89
6975 6975 591
2194 15704 165
14566 4976 126
11960 1166 177
19333 8833 169
11983 11710 258
16648 8067 201
10094 3793 258
13601 1191 258
18600 6765 936
18912 2700 201
713 18237 169
18508 4811 978
7522 12542 126
17653 9243 879
19311 15812 318
17209 16868 853
6937 16294 169
14674 15187 126
18196 4410 201
9425 4733 798
6355 7187 435
17385 5469 126
13047 10432 150
17829 19115 1137
19108 9222 89
2401 14573 169
17426 4849 474
16361 15745 169
68 6016 169
10719 19495 201
2285 18299 318
2554 6992 798
14890 16996 798
11218 10943 936
17829 6769 156
8737 15563 169
4292 2002 258
6129 9680 165
13903 11114 126
13399 5837 126
18939 14728 201
17637 9558 902
8025 3370 150
19148 3467 591
612 19197 468
3634 2039 798
11163 14576 591
3155 2677 169
5020 19364 855
14802 18337 712
12542 16626 126
15187 8958 169
16552 9972 126
14561 1456 201
11144 8637 169
4774 16553 126
9272 16044 150
12334 9516 165
8227 16594 126
15227 12706 779
16992 15985 89
2305 6240 479
9061 7263 126
18472 7122 169
1114 3080 879
18624 14601 281
15512 4410 150
12872 5865 317
8335 8833 201
9439 11316 798
16246 19003 169
13613 3698 591
16361 3704 798
16079 2487 150
18652 16486 879
11615 3104 542
18704 14508 305
1231 11323 258
15938 6757 798
361 15509 150
15509 1621 169
4467 7181 89
8061 14532 798
942 8682 798
15762 8708 150
14697 15701 614
17745 4549 201
3619 7066 258
11357 6374 89
19169 2032 798
17745 11624 258
10324 18195 902
17148 11044 542
9200 5237 258
12633 11234 258
6284 17027 201
333 15356 1059
17587 6595 169
6289 7235 879
16716 3965 126
10727 13294 126
4069 12639 258
8645 15784 798
1872 5321 798
11812 12677 201
1388 9249 968
5825 2700 169
18251 3030 1137
19554 18212 150
14628 7841 150
3961 806 985
17178 4113 150
9455 4593 201
278 6682 855
18277 17913 150
18879 9207 591
16153 13864 126
4566 356 150
15156 1356 258
8021 3625 798
9623 2114 150
13825 2219 169
19022 16068 968
10286 15885 798
5132 18431 258
19313 8191 944
11862 2750 89
7141 589 936
6429 4043 201
10269 2077 258
6397 5740 879
11806 442 126
4922 8947 591
5621 15270 156
14551 4779 798
19763 11883 798
2401 14573 126
19570 18486 258
624 8159 165
13040 3608 318
754 3872 985
12137 16401 126
16716 13920 201
442 127 879
11408 932 798
14539 7882 798
501 17360 150
749 18437 165
16294 17302 258
10280 3661 317
9524 16291 1018
10451 18507 258
19628 17767 150
189 12714 89
7894 5944 985
10786 17913 798
17654 18277 169
11412 5067 258
18521 13618 879
3587 12369 169
15116 5362 258
12720 18542 126
6867 6158 201
16651 15287 435
6135 17201 165
13460 9737 150
6088 7253 126
14997 2860 165
2032 10246 798
6467 12467 126
4974 2529 169
13161 1353 150
2305 615 855
9261 14795 258
14375 13745 89
2268 15447 150
17816 9593 150
14864 16626 201
1987 15684 169
18502 9987 721
8581 19457 879
13252 6108 293
16720 17753 879
6595 12876 201
4130 1262 258
7852 9358 150
13927 9852 169
4164 17762 720
15292 10741 126
6243 8776 798
16680 4932 126
18010 6172 258
3778 1189 126
1942 16958 944
14118 9108 150
4043 15885 126
15187 6583 798
11809 5882 150
15952 8850 150
6104 2010 197
16303 11944 1137
7330 3926 201
6422 9160 944
8626 8792 258
19436 15066 201
7423 8802 879
2395 68 150
16361 8460 879
18450 18683 902
13848 18737 978
13951 7181 169
6571 5580 1007
11484 11513 169
456 17888 902
10371 4854 150
7043 5559 126
356 13322 258
10483 216 258
8580 14267 798
6129 2788 169
19110 3098 474
13294 8405 879
2183 1063 126
13618 1058 150
15988 16428 126
8863 6804 150
1799 17203 126
17592 19020 766
788 16996 879
11305 10718 591
7504 18157 126
137 5356 428
11080 10702 169
16294 9259 201
7280 1926 435
19247 6991 126
10415 15563 201
4318 13709 201
6867 4778 798
9285 772 15
6915 6429 169
6158 6394 798
9176 12904 879
2947 11158 126
8080 289 866
6992 10727 201
1662 9784 169
16148 16237 879
5132 15512 879
19247 11514 258
9752 16183 89
18095 12786 150
5430 1210 1137
12346 9141 835
3156 6451 169
2030 122 477
6986 579 879
4778 1872 89
12181 12677 150
9222 19108 201
1660 1828 126
16284 11728 109
17852 6161 169
16942 10170 879
13964 15517 477
18665 16919 258
17781 16667 89
13834 6796 126
14070 8958 258
13870 14367 169
16024 10600 798
14099 10592 721
10425 4780 150
11530 5690 126
5953 19358 435
8314 3976 879
17291 2480 712
8479 19266 201
4606 8737 169
14630 18021 169
2689 4905 518
6726 115 165
2902 7032 879
1627 15962 169
2216 18528 150
8643 3778 169
12426 11908 126
10986 7829 879
17913 10786 258
7971 1179 844
6496 3070 150
4069 9921 258
15805 13745 126
1030 18653 936
7289 17009 169
2489 19587 126
17310 14116 169
5567 1454 201
18716 17206 591
15993 16205 150
8808 923 258
10723 10788 435
361 10875 798
3821 13247 169
4854 6520 150
12800 2201 169
12675 18472 798
10328 2936 126
13294 16615 201
17098 4270 1151
10878 9495 985
12422 19436 201
14618 16942 126
15211 12551 902
17967 3886 336
18541 11360 591
9711 11687 210
16907 3973 985
10416 538 89
18997 6150 201
17266 13127 477
17816 6818 258
5461 8778 591
18623 10499 169
5839 12024 169
7615 18825 650
4953 10759 201
2057 11974 258
9343 18867 798
12800 16302 201
15641 2739 208
4721 17377 902
9294 13057 126
5882 9693 201
6200 4823 156
11980 10073 591
13668 19584 258
11122 13504 1137
9700 15187 201
5063 3486 435
14448 7555 150
9829 15875 150
15794 15952 798
16358 18758 89
15578 7235 89
14714 12514 169
9067 501 169
19504 6240 479
18683 828 169
17465 15390 169
2750 7177 126
923 354 126
10370 14001 258
11777 6172 187
15867 17496 879
10663 12727 126
13173 17587 126
12587 2132 177
928 11812 798
3028 322 591
5060 11522 89
13834 11530 798
2059 4043 798
7842 13141 985
19004 11168 258
16648 17016 150
13057 12737 879
7141 7315 855
13376 1018 169
19618 3957 258
1955 10626 201
11518 6683 165
14539 11323 150
12586 6189 468
16106 5825 89
9679 13920 89
216 11361 201
16106 1798 150
17933 10582 169
13631 10466 542
11035 5012 936
1212 18465 150
8933 17705 169
12672 9985 177
1874 10286 126
1043 9159 89
19147 16760 435
13240 18420 126
4840 15103 169
19473 4906 798
17231 15556 798
5445 10767 197
12763 16747 126
14957 379 126
19705 9272 879
11617 1672 936
15903 11654 798
14793 16024 126
11669 9906 798
1321 12289 944
5296 6755 89
9428 4122 169
15319 2950 150
2407 11511 798
15920 18129 89
6915 19409 201
68 4122 798
3982 10741 798
17329 11703 89
14253 18860 258
11971 4712 779
18483 9874 902
12668 12111 33
17781 2202 258
10972 7525 1137
16091 4643 427
647 14539 798
15205 12657 798
9993 15563 879
19333 12426 258
2039 3634 258
2774 16539 591
14175 9343 201
6638 14795 89
16279 1579 126
426 15310 660
11558 16490 126
5740 14610 258
9579 12736 89
10853 7777 477
19570 14890 798
2677 3155 879
15919 15145 591
10237 2565 201
18296 14551 126
5295 4063 150
13097 17762 435
11042 2554 798
15903 4067 798
14610 5740 798
8350 10742 169
10388 5959 591
10448 11287 201
775 18243 477
2227 8478 126
15201 1778 126
12802 13758 89
737 13460 798
19042 1677 281
12152 1252 968
11322 1002 558
14714 14575 150
10996 9392 317
9343 3456 169
5202 6095 165
15211 4695 1131
2496 12626 201
12736 16302 126
3440 6590 150
11022 2589 201
8552 4122 150
15063 6481 659
9909 10727 258
11587 2671 126
15324 16227 258
4952 17285 150
2811 14907 902
14630 5646 258
18953 17016 258
13931 2253 201
13489 18028 591
361 5060 89
1968 8864 89
13638 13638 880
16163 9500 798
19125 17057 47
6525 3888 855
2053 2338 89
17587 311 890
4976 19555 258
17754 12774 798
3058 6625 258
6223 9956 737
1094 5218 156
12886 4135 258
1191 8998 150
4083 6981 591
7017 16937 844
17832 18935 150
19133 3717 258
16237 12904 201
6396 1428 165
9829 6800 879
18076 5362 201
12729 12639 798
1110 415 435
6533 1384 798
13864 16153 150
9003 10727 126
3155 14064 150
9325 9301 156
14367 13870 879
4279 11181 169
15812 6415 518
14782 11966 258
14609 7227 150
10379 18583 936
13870 4750 126
16615 13364 258
805 9927 126
16601 17426 499
10054 11053 432
17058 6892 798
10170 14618 126
17148 8795 25
3052 19032 201
8334 11782 201
4848 15579 126
7753 13967 165
15868 2043 169
18948 4387 89
13240 4130 150
16992 11609 150
10724 19668 798
8708 13694 150
4439 13891 318
3690 6991 169
15146 3429 258
3037 12091 89
14150 17064 948
4193 5975 126
11844 18085 150
17705 8933 879
12201 10105 978
32 2677 201
5042 1720 126
15899 15899 591
18791 1985 902
7781 4686 165
3545 4282 978
16278 11669 798
11016 18618 936
2671 2959 126
5559 13013 879
7631 12181 798
647 11323 879
11060 13983 89
15027 542 902
3299 18784 985
17296 5005 258
15463 6892 126
15767 11689 201
7505 1077 591
9724 1542 169
3166 546 879
10445 4606 126
2227 820 258
12673 3753 949
11812 9113 879
13460 10982 201
13534 6800 150
9358 7852 126
17274 16298 150
17508 17483 201
12721 18982 169
10199 11860 126
15881 7910 126
13919 11408 150
9263 1569 798
2023 18039 798
17733 19432 866
10538 13507 798
19678 15334 77
301 18990 258
78 1223 89
4282 17980 499
12969 553 305
6715 10244 474
18370 6774 169
2135 15077 89
10850 12244 879
19443 16858 798
8948 374 126
5237 9200 798
5139 4963 258
3619 5182 169
5558 16556 126
7423 613 126
12032 15156 258
9008 1913 798
9679 18571 201
8205 10346 169
5765 14902 201
15225 19272 201
5202 1515 165
12077 7035 169
18991 15321 165
14864 9067 258
1397 3411 978
6652 19033 591
1142 8140 798
8091 9113 798
14618 7615 798
7816 16154 798
19719 11506 985
14310 3025 978
3812 6405 636
13617 19233 126
14957 15953 879
320 5667 89
2470 16750 798
14575 14061 258
4292 10631 150
15994 4374 610
8643 5039 126
8350 1627 201
18799 12034 459
19133 11703 201
19628 16647 798
7180 4750 798
5661 2470 798
9700 14957 258
6016 16661 150
9259 14140 879
14618 10170 89
6856 15235 150
17560 6556 169
3348 6750 798
16338 16989 258
18602 2071 258
14990 7989 591
6204 6814 258
13927 19233 89
6061 5957 139
19003 9103 258
5080 18576 427
11202 1028 779
9272 1346 258
11663 19077 177
11080 5882 126
4113 16196 258
6986 17669 258
1879 9442 89
12714 189 201
8708 1720 798
14610 3982 879
17754 16889 879
9671 11060 150
16640 12432 89
1156 4261 177
337 2905 879
11287 13084 879
10875 17260 150
8058 13930 542
15988 11886 169
11623 18507 89
2267 16214 89
6418 3162 150
1452 18252 798
12036 10410 156
1189 8682 150
12121 16064 89
10684 15642 798
4292 8948 798
9115 13755 126
14609 14329 201
2608 14942 177
10807 18301 126
17842 1912 879
9821 14884 89
11419 18316 879
3122 19292 169
16909 14322 258
14536 18912 169
15952 2135 798
1427 7051 798
6384 8604 1151
9635 1223 258
3015 12656 165
14044 14508 305
4586 10373 293
15065 6932 798
4540 18199 353
14616 10686 126
7186 6429 201
18322 2057 201
8276 12640 177
1189 8643 879
3809 6284 798
13039 3037 150
3394 13841 1137
17754 18973 89
10127 1754 752
6896 3047 591
15630 14628 201
2830 5237 150
6541 8047 465
7852 16338 89
12004 5195 317
3987 5421 798
11694 14734 879
11308 10724 89
488 2 89
18544 901 169
80 147 258
15205 3587 150
1736 8737 89
1349 1766 126
4193 4783 201
10850 16470 798
15518 18109 879
10464 826 258
18854 10731 879
3625 7854 150
13142 8658 169
9724 14160 258
8641 14615 201
12323 7413 948
5192 5060 126
7631 12677 150
2376 17966 591
12181 15390 126
14795 6638 201
2143 10848 150
10316 16188 126
17581 8776 201
8544 10702 879
10370 1317 169
14440 5590 902
4932 9444 126
3083 5950 591
17933 3948 150
8998 1191 126
18854 1383 258
16680 18494 89
16431 356 169
3499 713 258
13755 9115 150
11983 12119 879
3625 17745 169
344 10986 89
18252 6992 126
8500 11470 177
17284 9096 985
14966 11323 150
3886 15561 902
3452 14566 258
5983 11996 150
10986 344 201
11496 14017 499
8351 8258 201
16358 8104 798
95 1963 591
15703 19584 169
17745 645 126
16947 7127 779
9467 6583 150
11552 8708 638
5570 1661 1118
11360 18541 591
4043 12946 201
6531 14146 978
15583 12458 479
10868 18277 798
3491 7849 89
4488 7605 126
15953 14957 169
17341 337 126
19523 14192 985
7688 3927 150
11529 6804 798
5362 18076 89
17852 7122 150
6533 6625 126
15235 13931 798
19684 16275 258
16708 16196 150
8542 3399 591
8179 1265 766
13364 13294 150
12049 14746 428
7227 1456 169
15211 10642 936
8351 19009 798
4376 9503 798
2216 6915 258
19587 19507 169
18420 12422 126
6671 5220 25
10432 13047 798
8849 9218 169
15011 16431 258
11388 12956 880
2071 5551 258
4678 13227 428
17274 7025 798
6915 18528 879
18636 3446 150
9679 18486 126
18771 14704 1123
8140 18060 126
5125 12506 150
3538 15141 150
15937 8938 591
16490 11558 150
16867 8772 879
3690 9685 798
7246 6774 89
7964 19507 169
12967 15565 779
4546 629 936
17744 992 879
13142 12312 150
17614 16209 944
2952 13542 435
19607 19191 126
15413 16435 591
8258 8351 89
13308 2057 150
7708 16303 1137
9935 7471 89
18143 11468 258
7043 5476 879
2498 14263 126
15684 451 126
13478 17751 543
2088 18021 258
3512 14336 798
7323 7663 169
16207 17497 258
5506 16896 126
10451 9777 150
7127 16947 614
164 18316 201
18189 4955 985
6625 19668 126
41 17835 89
2219 10451 258
1189 3778 879
5790 18325 879
12335 17913 126
2769 10221 968
5192 9479 879
14987 16830 948
17244 13870 126
10749 7504 879
13153 1620 779
14929 9273 798
4418 17107 293
9382 18097 156
10285 5455 126
354 7105 126
14985 17161 737
3006 12920 258
4725 337 798
12286 1542 258
9439 7688 169
18394 18558 985
11513 11484 879
4890 6273 165
15109 11728 109
3396 14459 150
7025 16298 89
14890 9639 150
10433 11432 201
10626 1955 89
14492 5551 798
6625 3058 798
18095 17424 201
17982 15486 1007
7946 14318 985
3437 2582 126
3887 10229 126
11142 5851 974
5882 10702 258
3070 6496 126
1231 19517 169
11558 5295 169
3798 16627 542
3006 19079 150
12472 4932 798
1018 6516 798
9303 19390 798
8074 17880 591
17729 15972 258
7066 3618 150
3412 4887 432
1828 4566 879
18140 19266 150
17696 12714 126
11191 6243 169
8514 905 936
18683 828 258
6573 3021 591
18095 15447 89
19143 15125 305
7622 2534 474
7338 3006 169
3969 19055 798
14783 16634 126
1569 17638 201
15490 11784 165
12729 9921 798
19331 19665 591
928 13180 126
9707 8371 126
16470 17828 879
3434 9963 591
13681 19165 610
15891 12274 985
18952 10965 978
2905 337 169
12422 4927 258
349 1705 879
7700 19689 258
361 8662 201
3076 1732 591
1223 15870 89
5558 12827 879
10626 9870 258
8683 19116 854
18652 2324 258
147 10529 258
10277 16408 936
7853 15193 126
14609 1456 89
8205 3569 126
15574 12542 169
17895 18465 798
5058 11377 169
8619 13150 258
4933 4044 150
16063 1273 798
10073 11980 591
15055 8419 985
8815 8075 855
2424 12492 164
17272 16442 156
7844 6373 201
7304 11084 150
3587 17933 258
10425 19500 89
5740 10741 150
9784 1662 879
9267 8649 165
15962 3499 126
15617 1349 879
18479 18388 591
6636 12335 169
11558 11529 150
15121 1454 169
6284 3727 879
525 13457 659
5636 19491 737
4457 1048 474
2755 2055 936
656 7266 201
11214 18103 614
2498 19751 258
6636 12545 258
80 5283 150
14785 6044 752
17296 11659 126
19598 6977 855
19351 15705 201
5506 10760 201
2193 3524 258
5955 18073 150
8657 11545 353
18683 2617 798
9267 6382 169
5107 5107 844
19500 15303 902
16219 15456 165
13412 18737 944
1579 4467 798
12474 9185 258
15146 8616 126
19556 5898 610
13597 11899 89
5724 16851 201
10278 866 855
11972 3184 201
13562 13931 201
9334 9154 126
3957 6549 150
15152 18394 985
6583 18326 150
18507 15784 258
16574 15869 353
11327 18861 798
15136 5146 855
9252 19478 798
12727 9154 258
4778 6867 258
13213 14111 542
8911 5421 798
8270 19688 985
16791 7840 126
3851 2216 89
10775 447 169
19390 4341 798
15705 10547 798
10670 13313 855
6243 8171 169
8150 9463 859
17767 10432 258
2053 12591 879
2936 10328 150
11511 7672 89
14140 2193 798
1799 10430 201
19495 826 258
15978 766 591
18636 14179 89
13348 18977 89
18500 13429 258
6376 18216 1151
9829 2638 126
17817 10690 978
7841 14118 201
4169 17754 258
5681 293 798
14734 5751 126
17932 5590 902
15749 6503 902
6799 7475 201
11966 13552 126
10345 12286 169
5235 13294 879
18456 5740 150
14707 9548 318
15885 4043 879
9695 13544 427
5476 7043 169
15027 11063 902
6507 4848 798
7407 6861 1137
8702 13697 150
16563 8059 126
5295 11558 879
13450 3380 628
6016 68 879
10445 19746 150
8053 19298 936
19267 14343 721
11022 15814 798
17132 4589 126
18120 6903 781
9590 3743 985
10432 19390 201
543 18056 427
10391 16279 879
14639 13995 902
13685 2790 201
2942 14712 262
1660 12032 169
9132 9427 305
14561 12633 169
4608 13149 477
14890 10371 879
9376 16104 591
7233 13508 978
9310 13755 169
19648 15745 89
880 17390 985
246 18946 1131
10606 2642 779
3976 5058 258
8040 11192 150
15630 9485 150
4436 18091 591
12720 5434 798
5028 11144 126
9806 11788 89
19377 6850 201
6867 1872 150
7656 4126 936
10269 10528 89
11735 14492 879
15814 7564 201
13938 6100 798
18548 11622 851
