568
5272 5973 540
14819 3733 880
4092 7173 273
13490 18860 367
15807 7533 273
2188 19242 273
860 16025 1001
17143 13889 626
5448 19540 273
17924 4491 273
14742 232 273
6452 13056 935
4769 13846 205
13971 14411 205
4537 18930 574
14859 5408 935
6265 1135 173
14613 17479 805
13930 2749 935
739 6860 273
9674 17298 935
501 8268 516
8424 9934 935
16336 11781 655
2732 11795 935
2613 1007 273
232 7423 935
5415 19446 935
11080 6287 273
16106 2298 935
5937 5967 883
13159 19571 287
10907 18505 805
2013 2982 765
17968 10915 1001
8963 1333 287
4351 18182 935
8963 2330 532
14742 3317 273
1721 9642 935
6860 13775 479
4491 14329 273
232 19218 273
5785 16817 273
12800 16440 935
13268 13380 865
315 16862 935
7000 17894 273
2298 15704 935
1168 13665 245
12550 7179 935
1830 17115 935
19488 13946 655
14067 3697 273
4284 11320 935
453 6106 273
88 9853 273
1965 5257 245
18063 6456 273
18522 4391 273
18853 11316 1001
231 6660 430
831 9774 290
17681 10110 887
18489 10211 273
10277 2523 273
10340 14074 193
1877 18489 273
11518 10244 1001
17656 16869 273
7599 12301 935
7559 2844 935
4694 2547 273
9324 11589 273
871 14717 273
13925 1488 935
9243 7290 805
19077 19233 655
10510 14201 935
921 10674 805
4503 4627 935
5060 4456 655
1799 5507 396
17017 13172 242
7085 4510 251
19677 1332 109
17141 16497 935
10469 925 735
16126 19670 935
8510 4987 848
10917 10938 935
6101 11005 290
13270 14539 935
11621 15529 935
13236 1713 805
3399 3263 805
19670 11861 273
9711 7159 245
14659 1009 1001
17323 11471 273
18383 4493 935
11934 16859 655
799 15080 245
8555 15792 273
1598 2328 290
4853 17783 273
7259 4904 935
16241 2434 655
7209 17581 935
17096 18636 103
19074 1753 887
16515 1044 935
17140 16933 273
14498 9936 273
14203 16864 273
16496 17835 273
14737 17225 19
12749 6331 935
1903 201 273
6276 7581 273
13266 14269 238
6304 8864 273
6573 14568 542
14055 17379 273
12702 15825 935
3285 10070 935
8825 3733 745
11857 19300 1001
2641 16693 935
6792 4796 290
18367 4112 935
14164 17958 805
17722 13116 929
15798 13986 935
4721 4558 805
7103 13235 430
12132 1798 273
18789 2862 273
12870 17839 273
10649 10095 273
1788 4050 935
3216 8360 225
15446 9888 273
14880 1203 205
909 12841 245
230 5163 935
8862 4032 935
18719 10148 935
11730 12954 935
18282 2412 419
17560 1149 273
19717 9855 1001
12758 5247 273
14728 15940 286
14737 893 984
18551 10459 935
3059 7690 827
11313 8908 655
2320 17367 655
1270 1270 251
6434 18485 273
2350 9681 273
16724 8989 935
17490 5327 880
15102 1275 935
18448 19540 935
16971 11163 1094
5532 9146 273
17963 4467 205
2715 8981 273
19420 12994 273
5660 4257 273
2531 17859 273
9878 11021 626
5269 10944 935
10204 9784 935
4336 11575 1001
379 379 273
12834 16892 273
19310 15809 935
19581 8154 273
478 12054 935
3296 7027 273
7080 7672 273
4891 4891 1101
17400 14730 935
3056 1135 36
17902 1221 935
15341 7452 935
4530 6923 935
16446 6304 935
2241 3733 811
5974 18124 935
17961 7715 641
16612 7394 509
19254 10244 655
5660 6769 273
15746 15539 655
5040 3881 182
17079 16929 273
8130 12184 290
17215 6352 1116
857 16551 171
14611 1217 935
188 19131 935
18251 15324 273
8099 6899 935
11007 9937 935
5070 2115 935
12721 7355 576
17690 17500 935
11117 1657 935
5214 18266 273
4493 18474 273
9625 18150 935
5322 5534 935
7809 17615 655
3616 7470 655
11532 16734 935
10247 17514 273
3889 5925 140
18485 6434 935
19497 17684 935
10214 120 173
9743 16139 935
7302 4713 935
18499 15841 273
19351 15582 182
5235 3948 827
12589 9647 273
7991 2448 245
5451 12054 273
13308 14501 805
18589 11007 935
298 5135 805
14953 6550 1001
4221 6558 205
8510 7013 848
14872 10157 273
10378 7259 273
17243 925 99
9876 16809 935
15088 17239 182
17889 9426 1001
19487 12419 290
15827 16417 251
119 16193 463
15029 15914 273
7606 235 805
19540 18448 273
14833 19162 935
13917 16575 935
3790 9295 655
18817 1490 935
17684 13645 935
9666 18124 935
14146 2347 273
9437 15446 887
9746 3869 364
2328 7321 935
12642 18796 935
538 12027 290
10953 15153 626
6442 10938 935
15878 10608 697
18623 15741 626
18336 11881 273
5951 14493 273
2308 3121 805
3109 19210 245
10558 4052 935
6389 4445 286
11552 15213 805
8648 15509 245
11221 15653 935
12159 7728 935
10637 1923 935
16440 6143 273
16612 11727 509
6003 10637 935
9578 12732 935
10480 13959 273
16410 3362 626
9118 5980 245
1768 5836 290
5892 16227 251
19658 16687 392
8818 3296 273
5851 15850 509
13903 2196 273
13851 8256 245
1662 8204 273
3102 18373 935
1800 17794 805
2644 6586 655
1383 10855 935
1132 14160 765
7449 8336 420
19436 9437 935
17129 11212 935
1613 12444 935
2403 16558 225
1305 632 655
2909 10164 805
1331 16276 273
9969 5319 655
18084 6899 273
3383 5755 935
5322 4904 935
18438 14942 364
503 1594 1001
7742 2368 479
17406 4335 273
11455 6888 894
17943 2892 135
3291 11701 935
12197 17612 1054
8422 15517 921
6600 17052 655
9437 6182 887
13280 13254 273
16722 12823 823
10314 15255 935
16356 5548 935
6615 17249 273
16610 16659 290
2286 10365 935
10856 14342 509
10969 5658 430
7087 1710 245
980 5720 706
18763 16411 547
15193 8839 273
7080 6500 935
11920 10079 863
17153 4142 880
3456 5496 273
16959 10074 430
11453 5984 245
19658 7706 140
977 3266 935
18465 7528 430
8981 12221 573
15827 11884 251
7582 6099 935
9462 12029 513
19680 17945 273
5240 15851 273
490 13832 731
4312 15578 273
19077 1820 655
11233 15459 655
6499 2641 935
16238 9422 109
18752 17900 338
16286 12753 509
6265 421 173
14201 10510 935
6518 432 273
18266 11532 935
12928 9734 9
16485 17023 182
64 12628 290
3208 7721 290
12506 2825 372
12375 12406 273
11204 8441 273
3048 6750 36
16539 5218 935
10242 7770 273
9437 19638 887
9274 8961 626
858 7044 290
7000 17480 273
15724 9644 1127
8078 14577 935
16214 14439 580
9216 15849 273
2909 16368 805
3336 4922 655
18019 471 290
9507 3663 367
12234 6866 655
15531 7199 1001
18516 18336 887
16630 9342 897
13694 12610 245
18565 2586 273
18812 18421 935
17439 12714 273
5810 10245 626
6463 13061 182
17362 4986 205
2320 10316 655
1282 15788 935
4569 12398 805
8633 17785 935
3538 14522 805
8344 2749 935
10839 9881 273
151 19031 626
15745 19716 935
10905 9064 273
17582 15287 655
15469 14247 367
10643 13250 205
18811 17851 805
16746 12530 273
5489 8165 911
11700 10149 273
10513 8608 273
14892 1686 273
14293 1029 273
4606 9932 1101
15492 4617 626
15136 11992 655
8396 4120 140
10389 7337 935
12582 17661 935
15382 14728 364
980 15446 706
231 8299 430
223 12235 430
8960 17387 273
10944 5269 935
10762 19697 935
12928 15037 9
13501 12581 251
12617 7389 935
5667 18933 983
10532 17652 1001
10367 5056 1001
11007 4098 273
1680 18093 290
10253 9439 273
1448 4832 273
15492 5780 626
16400 1381 655
6685 11027 805
18986 13869 273
12495 15410 290
16953 1826 935
1606 12881 290
4365 12299 655
1459 2303 1001
17961 17591 574
8565 4282 273
18294 7179 273
12994 107 935
1084 8737 103
4104 18316 935
14417 5042 626
14878 2686 509
11305 17420 450
9373 19122 935
7606 17018 805
6769 6807 935
7250 7976 251
14958 10128 509
6610 1704 273
14627 15072 935
14189 14189 655
2605 5218 273
16670 3241 509
2115 1564 935
492 17536 290
17368 6186 205
7758 12755 935
977 18485 273
7085 16590 251
9720 16953 273
3454 5070 273
1784 14164 245
5448 6126 935
18626 386 935
14989 4694 273
15503 5808 935
1561 17587 127
11675 16488 848
2115 9362 273
4445 11588 935
16336 5319 655
4585 2164 655
10665 239 273
9503 12857 805
12755 13119 935
2892 16876 935
15933 11682 935
4484 13468 626
418 16712 273
13053 8363 430
10349 11007 273
6650 8369 655
5743 12777 245
8963 7767 686
2308 2213 805
9654 2812 245
5649 3389 273
13167 14256 1001
1733 15780 655
7821 3049 887
17911 5942 626
3389 10354 935
8578 16421 273
4537 11825 574
12767 15042 245
2586 17064 273
14161 10242 273
17309 3063 805
3054 17330 290
10242 11041 935
17586 6744 1001
7742 6518 273
6923 3819 273
7893 17921 547
18182 4351 273
17172 2562 935
3291 5532 887
5534 7259 935
12923 14243 655
5184 13195 655
14081 11996 245
11668 13951 655
14430 14378 19
8498 18667 935
12695 18952 935
859 15623 805
966 19394 273
4304 3731 245
2997 17880 540
11853 10419 626
17697 66 1131
6128 4675 157
12610 9012 805
18620 14799 86
19734 11861 242
19333 6709 935
12630 11250 935
12805 16701 935
8211 7362 935
12071 18039 935
3336 4982 655
13716 11713 509
13652 5507 140
18620 2173 86
15181 16365 127
18465 1487 430
7639 12034 574
14113 10273 273
4537 18103 574
12406 1056 273
16556 3671 245
10924 6481 1001
5353 17242 935
14772 19401 805
15136 6471 655
3499 3763 626
7921 19492 805
6661 3933 273
13572 1883 887
4599 6372 702
10770 5415 935
7584 17612 173
15505 5918 1001
5448 3240 273
4604 18900 273
1126 3635 109
13356 12858 273
