1144
16811 5596 1061
15172 19041 264
15884 18816 637
2565 2351 885
8453 13389 417
19445 5230 852
7594 16553 1080
417 15274 971
9654 11788 910
10984 17008 1133
17079 11644 247
6405 2169 1064
6665 12681 838
504 4107 838
16842 6861 930
14183 4959 745
13540 13583 892
16856 4467 322
4418 4454 846
7679 15985 838
19514 12271 1061
2414 588 264
17715 2728 466
9116 16251 892
2168 6067 751
13237 13562 1068
18934 15052 852
16755 4000 1150
15358 12375 68
6139 6092 967
2064 3869 550
1796 18131 13
12890 8271 598
3952 18349 1095
19028 8295 713
6458 7994 1080
2436 1644 781
15772 18632 965
13716 9990 838
4753 1903 892
16052 357 261
14232 11415 177
2863 978 1039
1902 14869 41
10030 1827 1043
15145 17293 215
18431 4305 838
5778 4402 967
14533 14514 177
11499 5251 1064
2136 5592 1095
7177 12425 264
16542 5753 362
10133 19520 838
14940 18349 1095
19394 9892 1150
11959 18919 1061
12391 17857 294
10728 11605 1132
11064 11415 592
9061 9533 663
11307 5545 673
11916 11141 838
8021 14603 1095
11410 642 68
5387 11591 283
9442 6676 802
15162 3358 802
11843 4819 1064
10117 3205 838
18701 7436 838
1972 17617 265
12173 12681 838
13424 9990 838
16649 9970 751
7467 195 1095
2548 18672 838
13253 10588 113
7132 9086 466
8367 14312 1061
11774 18730 753
18336 11874 971
14051 18976 961
9064 3016 668
14070 11235 925
2036 5596 1061
6568 478 889
12113 10588 113
17343 10968 889
9558 8322 751
11464 2255 1095
17432 15275 1025
1727 15643 264
12603 6430 838
10631 14484 596
13216 13494 466
5056 15107 177
15432 16042 838
9960 7506 838
2702 17307 1095
14547 8671 637
1114 1788 294
3326 9990 838
11922 11491 188
16518 17710 133
15576 4451 838
9592 12281 866
14896 19417 173
365 1323 1150
3653 17710 133
12204 19295 215
18159 9970 751
5919 1153 753
6388 2078 553
18700 9866 852
11727 7657 1132
11306 2275 778
9528 10843 892
2800 17661 215
297 19591 1095
17503 7386 778
4873 12787 767
5640 9970 751
14767 1955 1133
18291 17530 193
17935 12271 1061
684 1365 753
16245 5303 361
13369 11141 838
85 3575 967
17200 13562 706
8048 12436 751
12622 6046 1095
15323 6642 1080
18816 14797 11
16775 9892 1061
19093 5949 1095
8448 16927 889
15918 3978 1025
6327 15352 892
6869 11724 106
244 10588 113
17262 6277 838
8871 12425 264
17762 4153 953
8456 11201 852
3799 5999 663
894 9892 1061
9995 6124 852
7725 1423 663
86 5816 735
1925 9742 322
4925 6855 907
13857 10596 838
16830 4815 264
4406 16768 400
10822 17545 482
3381 8779 833
19511 9970 751
15476 14284 838
494 1827 1043
14472 13500 802
5131 17376 322
12578 13502 930
6235 9414 490
10067 1769 1095
16071 3977 971
18913 19441 265
3792 3869 550
8856 1479 1095
6085 8295 713
10429 14773 264
5873 17907 889
13018 1462 751
5093 3785 802
7994 6425 1095
6505 14466 1080
1423 3799 52
11288 14161 892
18503 17617 13
14012 808 361
4717 6510 838
11714 1462 751
6397 14419 322
14254 17948 1095
13428 16701 738
3731 5725 971
14366 8004 265
14261 12043 838
5573 10224 68
1921 3229 778
9014 14470 215
507 9892 1061
15957 17160 892
15991 13364 44
18315 4839 838
9418 4839 838
17655 1412 668
16129 9174 802
1092 1462 751
1208 5423 772
8532 19333 309
19663 17252 838
14518 5596 967
6124 9347 247
1007 10596 838
8496 18594 838
13957 17697 907
13354 1983 925
1418 9970 751
14173 1157 751
6421 14786 1080
11044 12527 1095
8564 9990 838
1376 4205 1095
8250 18147 322
270 723 802
13025 13313 13
10261 18503 637
1046 17645 1009
5090 14419 322
427 8895 689
6023 14426 866
13791 8295 97
13101 12625 550
16094 12445 1095
19215 6392 777
145 8295 713
16985 12425 264
18189 18711 177
11721 19597 399
8150 10931 68
16264 11056 489
18563 19527 907
699 10400 965
10781 9877 160
186 6422 965
16571 10605 13
13445 16160 322
13034 9892 1061
3688 10484 11
11497 18868 75
1263 10605 482
11493 12109 322
19629 17506 925
10063 17806 1027
12427 7696 68
4994 9970 751
6508 6277 838
1897 4778 1027
4250 6277 838
3756 7506 838
15468 175 751
17403 11895 1025
4207 13583 892
6745 5795 361
7725 6964 482
10502 12043 838
10060 6510 838
12546 2275 482
16098 16160 322
11934 9086 466
3112 12009 1132
5981 4611 283
15990 4451 838
16825 11175 106
15794 10331 1095
10162 9847 264
2446 9139 1095
11430 18450 852
3139 13831 892
970 14644 482
3174 454 663
154 9892 1061
1138 5596 1061
16838 9866 889
13875 15274 971
3735 5201 892
13420 1048 412
8418 8798 1027
12813 4839 838
8786 11605 1132
17612 9384 364
12315 14086 482
18350 5992 1061
6369 9892 967
3200 11582 852
11959 8445 524
12872 10775 852
12482 9219 781
18826 10019 892
17896 1462 751
974 11326 838
5821 11898 322
1615 1612 751
14065 13562 1068
18917 5050 971
16864 9138 417
3868 4839 838
1943 1827 1043
14648 14352 889
14799 4190 751
14676 7352 177
1410 8418 11
2166 13326 892
4484 2275 846
5795 12625 550
10962 1479 1095
18784 9990 838
10852 10021 751
5195 4406 13
12685 12012 598
10131 8295 713
4778 19441 11
17502 8295 713
15534 16483 13
17277 1796 524
4515 2877 838
18648 18483 215
10135 8295 713
12148 8850 264
1389 1410 265
7374 13794 527
3602 1694 930
9635 4613 264
6835 13532 802
13910 16571 1027
15422 3458 852
15136 4402 1061
5580 13968 1064
10401 16251 953
16378 19295 215
13247 719 925
11061 6425 1095
18566 16042 838
5750 8047 751
11151 9138 417
4017 3665 663
12752 3252 838
7140 10428 753
16953 7755 637
9549 17710 133
8594 11000 90
14457 6581 938
15851 12746 453
15102 12043 838
6589 3766 322
13327 9892 453
4628 9847 264
3761 1036 1095
10254 14839 1077
14835 7867 322
11620 12123 838
6685 4056 713
12610 6634 215
3254 1462 751
5354 3229 13
6124 17005 326
15312 10400 965
955 5452 215
10823 1827 984
13635 202 754
8458 3205 838
9385 19656 889
15506 8695 1095
16795 8454 772
118 1154 667
8805 12625 550
9069 6366 584
8122 6513 519
4202 3486 802
15025 14603 1095
12318 18491 802
13819 10979 264
18322 19520 838
17370 13690 68
4512 15470 907
8807 11491 188
2151 17477 768
12892 4714 930
14332 11118 767
12891 3081 482
10711 6067 751
3268 11893 322
16610 2571 751
8269 16571 265
11885 11175 106
13536 18919 1061
9778 1769 323
13770 17290 1080
2645 1976 106
7967 6277 838
15176 6631 800
11605 3969 565
5805 895 361
17462 14427 751
8866 10052 751
3535 6534 127
3283 1532 1095
18957 2030 1133
964 7965 751
2682 14869 1009
3425 5956 768
12526 3704 1132
13246 14869 41
9059 8810 232
9412 8295 97
14006 8882 892
17988 7258 772
4454 17622 482
11306 2790 637
6551 8429 599
7972 8200 4
9522 5753 489
2230 972 1043
12058 8295 713
6922 19553 443
7370 1378 1080
6342 10605 13
16241 12328 1045
1323 16973 1077
1815 1757 1140
7845 9865 1095
18474 8872 1095
17802 14869 1009
60 6855 907
15060 9892 1097
15018 10398 264
6309 16616 971
19389 10197 453
8938 808 361
549 4454 778
18168 4451 838
4854 1769 1095
1776 12425 264
8917 12756 1039
3548 4162 215
9412 5592 1095
2290 3869 550
18702 1273 885
4484 5816 596
12486 18632 1045
15257 9742 322
12031 17698 68
2637 9932 838
10081 4056 713
17310 808 824
17243 6277 838
9217 15224 264
15672 5981 144
8599 14869 1009
1354 17617 482
15361 9970 751
9266 8586 889
13463 4415 1132
2666 9760 838
12936 6422 965
15852 1641 215
19571 1983 925
15945 1036 1095
11249 10388 264
4428 4582 1006
3234 6558 892
19172 7467 802
2645 5048 777
4746 3458 852
17868 4584 1027
12254 2013 778
10155 9990 838
8848 18001 1077
11595 2275 482
6109 4451 838
6016 13083 852
5274 10400 965
14302 16708 673
17963 283 125
5872 11582 852
6387 1201 430
19603 19520 838
5143 283 869
11797 12458 322
11663 3011 889
9121 17398 322
8260 17045 838
13617 19520 838
5000 9886 166
12444 6444 264
13606 18796 971
11648 5775 1095
1439 17617 265
9438 6356 13
19442 8295 713
12874 6855 907
11391 2843 729
13214 18976 13
15461 13363 838
15269 16768 892
978 17204 481
6804 8088 1080
8079 17005 971
8291 19520 838
5288 5126 938
17900 12108 1095
9684 240 385
6672 3342 599
10883 9892 453
7070 7583 1027
13031 11326 838
8473 19595 361
6294 18632 1045
7362 19417 173
5635 1323 520
3765 15161 1132
5258 8872 1095
1176 9151 264
18701 1826 802
11246 2632 1140
2482 6430 838
13106 8695 215
16046 11141 838
8291 11553 1095
19055 1172 188
1521 6430 838
4735 13562 706
9451 8963 713
8942 9763 751
16775 3075 490
17753 6475 1095
10496 16377 751
19261 18868 967
4241 5735 838
4922 10246 1061
15917 16727 777
1891 18632 965
9513 16983 967
10063 11639 13
11234 7862 519
1935 10295 838
18454 8016 1080
978 9056 13
16556 6510 838
16245 8659 361
2275 10605 1027
19188 5055 971
14124 9990 838
16097 149 4
17722 1991 751
7742 4305 838
10328 11190 322
15641 6277 838
17458 5173 1061
12098 3229 778
12596 5753 489
986 4609 1080
8302 9643 751
11036 2649 1095
9313 12033 925
9557 8295 713
11925 8401 637
18373 15096 1002
13289 13127 361
16300 11354 150
17935 1263 13
9653 2566 247
6642 4055 1095
9592 17796 978
15125 4834 1132
1304 6855 907
13775 11326 838
15700 6538 361
6458 14965 838
4224 8295 713
15449 808 361
17934 7085 751
18426 18072 1095
18602 2275 482
4791 8295 713
11617 15360 852
11425 12855 838
15255 15179 215
18247 12215 261
14254 13759 1080
12880 12281 777
1697 10106 910
8322 15093 193
12696 3174 846
13350 3704 1132
19504 2275 482
4282 15623 637
118 7189 247
9491 454 778
318 9161 264
18090 16255 866
2448 9865 1095
11892 16193 913
1621 6334 177
15646 4389 1080
10985 8649 1095
10970 12625 699
80 17431 584
19777 9892 1061
4414 5893 971
5601 9892 1150
7241 6277 838
9834 19642 802
11024 4100 4
14517 4402 885
18930 8295 713
7202 6277 838
15399 8735 1095
12925 10311 892
9282 5753 489
18094 4190 751
16938 19743 322
10060 8989 838
10457 2275 265
11641 11141 838
12536 5950 154
16152 16571 482
8671 12271 1061
6137 6855 907
12482 18041 781
256 9865 1095
6273 10605 778
7322 14642 261
15236 8330 1095
12073 10398 264
6589 865 751
7409 808 361
14220 8882 892
18187 17293 215
9329 3474 322
14604 8295 713
16483 15984 1027
14394 2248 1140
7307 12348 751
7829 11326 838
14848 19520 838
11410 13690 68
15850 12586 838
10516 9892 1150
11803 3205 838
7705 1827 984
16699 439 322
6105 2673 317
16869 15179 1095
14587 19105 753
5935 17622 778
12310 9138 658
2805 4584 1027
5952 10393 1095
9007 10169 852
4991 13166 971
3452 6932 322
18489 8721 322
16243 4708 745
7241 17948 1095
18944 12625 699
7576 454 778
18364 1280 1095
5335 19683 215
18785 1280 1095
7678 6422 965
14295 17506 925
7020 6277 838
5030 17948 1095
7266 9990 838
7391 10584 127
8915 7932 778
17543 1827 1043
1414 865 751
18741 13186 215
17048 10596 838
7953 11139 667
7711 3205 838
889 19611 524
18360 2428 777
10484 978 637
10258 10295 838
4732 18711 177
5090 9892 967
10171 494 68
14849 17948 1095
3636 10281 166
19159 11008 938
7448 1864 767
6438 14300 340
12315 1410 637
366 19678 13
1592 4295 1095
11452 19291 885
16735 2124 1080
18960 5816 596
2526 6277 838
12313 6430 838
4097 2775 264
9172 19611 663
16315 16321 667
912 7443 753
9481 13562 881
16797 14312 1061
17270 2127 264
19206 9190 852
3812 6422 965
1131 4402 1061
13835 9970 751
1810 7344 322
13683 4112 1140
7932 16398 961
18362 11181 193
10888 10596 838
15104 7322 1061
5277 10734 925
17630 9086 466
2854 6922 990
10617 5126 938
6600 2803 264
11945 17804 1095
9842 17343 892
3426 11180 738
12504 12043 838
7786 13107 1095
15917 17796 978
2912 9990 838
5501 240 978
8239 7386 482
8883 1462 751
14979 9892 1097
16394 6855 907
9916 16052 889
11852 11181 193
11729 5753 489
4211 9970 751
14768 6277 838
6728 1647 127
18425 12043 838
17158 16089 892
2357 5775 1095
9752 7566 68
7367 6277 838
11701 13326 892
16484 10844 838
17705 9970 751
18341 15623 482
4349 14456 524
14293 13839 1061
4518 283 869
11242 13542 4
2230 15967 1043
5153 12499 264
6564 11141 838
18831 18270 75
8396 5735 838
8382 13795 361
8827 11175 106
12769 2361 361
18869 14869 41
866 3071 768
743 6526 852
3219 18632 1045
14787 16179 1025
12927 11326 838
13399 14039 925
18014 16913 125
2813 16768 892
2916 15053 75
16247 13714 925
16941 3732 802
11060 9621 1029
3585 1462 751
16860 5735 838
4490 195 1095
3973 17710 133
13428 17949 971
14456 6105 778
1790 10920 738
18839 14797 1027
9466 5126 938
10650 3799 524
7461 14284 838
8494 1201 1045
4975 9970 751
16133 8077 838
8021 14284 838
12958 4056 713
9976 6855 907
6816 9892 1150
19284 3303 309
3381 240 978
15127 11326 838
3634 11927 892
5082 18730 753
12738 15928 13
11529 1562 925
9062 3732 1080
16874 7859 261
11437 19357 264
11944 3189 1061
5989 3470 736
1029 6201 1095
7853 6535 536
18928 7506 838
6674 19707 1080
11601 5354 1027
1418 14869 41
569 19132 889
8638 12391 751
18726 11582 852
13150 1921 1027
4088 11242 453
10040 6635 971
2200 11112 1095
10878 8295 713
5529 2127 133
11173 12421 264
6849 18538 1095
1562 1983 925
435 6510 838
2190 15165 777
18843 16571 1039
13817 1544 892
10068 5195 1083
4201 14419 322
4778 7583 1044
11423 18270 967
6078 1727 1140
16211 17687 90
18723 2186 838
9967 15152 1132
260 9990 838
15410 9990 838
5863 2570 802
7714 9151 264
7417 9990 838
3510 6277 838
8461 8383 1064
16953 18919 1061
2008 19247 582
7624 16081 1080
3494 712 838
14399 16521 1039
11647 10588 113
6259 1788 294
3335 7374 264
12430 11852 751
4072 16271 75
1930 2920 322
356 8330 1095
7709 18023 215
4188 9648 668
13746 18539 892
15988 7323 802
18288 5948 772
9208 15107 592
19598 17078 127
13763 4839 838
15847 14114 892
7025 9383 838
2334 12213 1140
19317 7448 264
4489 11895 1025
11962 8295 713
15586 16398 52
18890 2692 1095
12084 6146 361
9377 17751 68
2275 1410 265
3107 10594 215
12923 7800 361
7005 621 1061
10762 9446 412
3799 14811 482
10169 11663 889
7973 1462 751
9712 12033 925
8088 10724 1095
2119 11491 188
3121 18270 967
9890 4073 751
11010 11326 838
4359 16605 925
4512 11175 106
18948 895 361
8544 13798 838
16021 1048 412
5499 17584 322
18602 8401 1027
11277 4577 802
19409 9219 781
19456 18853 802
11 15349 736
2932 16042 838
13481 1201 1045
13421 17448 4
17073 3205 838
1130 9847 264
6448 16042 838
5622 9481 550
9903 18632 965
10230 12887 838
11348 5842 519
347 10605 778
10445 9892 967
15525 17078 127
3131 5388 1080
2028 11833 637
16089 18535 925
1720 16377 751
5191 11305 971
3688 17890 524
5677 14456 961
18768 12910 1080
1961 1525 751
5968 17177 1132
15750 3716 323
19132 18671 667
7584 4022 1077
1368 9231 215
841 735 1095
17743 5735 838
2388 8295 713
11057 8077 838
10192 14514 592
7678 8649 68
4567 6277 838
15257 16269 852
10475 66 1140
15775 6277 838
7529 1511 925
11947 3205 838
13017 18136 889
10122 6372 1025
7277 3205 838
3956 14419 322
2584 11141 838
18981 7980 261
4528 10931 68
4584 10605 778
12168 11087 792
6500 6444 264
2359 4451 838
7281 17236 250
3304 13562 706
16351 8810 751
12475 9742 322
14908 1462 751
13055 7779 1080
8237 8896 1095
18503 2013 778
3612 898 925
19579 7806 838
2296 13693 484
2665 14419 322
1881 14265 1095
12608 8775 1095
13669 8041 892
11908 5725 938
2390 9621 814
2945 16467 261
2519 8559 361
15824 14869 41
16884 8295 713
12525 3766 967
2190 16708 673
12422 13252 215
1625 8695 1095
11979 283 125
6479 12530 364
5573 6603 68
463 8795 706
1592 16561 215
4109 8295 713
768 8695 1095
2852 1434 264
16288 15609 1095
19591 3512 838
5393 9892 1061
7708 18919 1061
2417 3205 838
18602 8401 637
8505 12425 281
16234 5684 1132
1675 9886 166
14592 18955 667
15809 9629 802
3319 19291 885
5474 9892 658
18843 2078 553
13487 8783 971
10544 12436 751
6275 6510 838
13982 3205 838
11650 11141 838
3938 15470 505
3438 4980 453
4242 9990 838
19414 19417 173
2171 1462 751
9870 4695 1061
17903 19334 106
13331 7977 489
15239 11087 792
9532 4205 1095
1864 6535 1021
7461 12881 1080
9250 15416 264
7873 3716 215
8093 4190 751
15256 18991 767
6515 15997 852
13640 8978 1045
5954 7322 967
9448 6475 1095
8053 13321 13
5924 18868 967
1354 18503 1027
10073 3205 838
5222 6422 965
8184 11892 264
16765 9990 838
4444 16708 673
8456 17003 852
2488 10233 1095
12546 4484 1027
10431 5596 967
17529 7448 264
18840 9892 1061
4120 2531 995
5262 11326 838
7649 10596 838
3900 1963 751
14144 1036 1095
13048 9970 751
10112 16387 1132
9800 10605 778
14875 9892 967
14335 16160 322
6126 9892 1061
14533 7352 177
12561 19289 556
7267 10266 754
9177 17584 322
5186 2349 1095
5512 15470 150
18758 454 961
1025 6277 838
11584 9402 736
18768 9865 323
6137 15470 1029
13127 12625 550
1469 10400 1045
1265 1983 925
1881 2759 802
19189 7901 323
9514 10775 852
2157 7352 177
3938 16708 673
4936 13562 706
6307 1827 1043
4925 2170 866
10105 15179 1095
3855 6818 1080
11808 1255 1027
2055 11141 838
10798 3732 1080
47 4190 751
11482 19587 1095
1151 2711 889
13062 1991 751
3619 13628 892
11923 8271 751
4912 1479 1095
10763 865 751
4290 1365 753
15092 12681 838
6852 5791 846
15960 12436 751
9172 14644 778
17887 6543 1095
16725 9990 838
6127 12596 264
15936 8271 751
7011 4582 1006
4230 808 361
10 6422 965
16437 9557 1080
3979 5343 322
6342 17204 893
3694 859 264
2185 9648 215
19474 15093 193
19421 14948 838
15942 6277 838
1625 14663 215
8027 7551 838
12813 13798 838
16100 9481 550
19051 18719 322
10980 17710 133
15 10393 1095
7086 11312 264
11312 4701 490
18792 12681 838
8543 11007 1095
5464 11326 838
4827 16402 215
11635 8057 430
17622 7970 1061
1504 6605 1061
19623 17307 1095
16654 10605 11
2643 15817 768
17282 10552 1095
2126 7506 838
19519 12681 838
1255 3702 846
9380 240 978
5534 1462 751
19233 1280 1095
15426 6855 150
7498 12530 453
2079 4451 838
19504 8401 1027
15700 11895 1025
5636 3005 889
347 17617 482
8930 15449 753
6338 8523 781
16098 10775 852
6958 17343 852
4477 3016 215
3420 14963 1132
6005 12002 127
14720 1371 215
19043 2381 838
5635 19553 443
12718 240 978
5485 14284 838
15022 17213 892
16517 9970 751
5816 15325 663
17185 3644 264
14390 7889 751
13930 6527 802
