2265
17723 166 431
8690 18919 684
3602 7123 615
11374 8412 172
7797 1655 80
19696 865 98
13129 9285 577
638 3766 292
14390 2331 219
10866 13209 1151
19657 3376 510
16239 3394 3
17846 17005 218
816 15135 172
15111 16358 3
17922 5517 510
9555 15352 510
12591 3441 674
4601 7519 851
11887 4705 510
7227 421 218
7332 13764 510
130 14401 172
8593 11713 828
19344 17959 172
242 13234 292
6005 2629 903
14048 13590 3
8016 18454 218
8891 10099 1151
9681 11526 438
10801 4794 674
4434 6684 218
6798 19380 292
19427 12851 435
10728 12213 435
2982 18036 510
2596 16649 1151
10543 9892 178
8741 10549 218
6325 17846 431
18317 18373 292
12373 19648 218
18986 8835 178
10677 7763 1151
4931 12962 435
163 6647 674
4802 18724 431
15495 17829 979
6347 3669 207
9332 7739 14
6534 9544 1151
6062 5979 292
12806 14771 358
10716 5378 615
3881 11832 218
13188 12262 172
2939 13943 16
8078 11711 851
1700 7705 172
10522 18982 292
8160 217 3
593 15338 675
2681 519 684
15817 8784 847
19776 8212 577
3345 527 414
12422 16855 325
4907 15679 172
5472 12004 172
16649 10277 510
19327 9687 172
17141 3119 510
1534 19055 1118
263 334 674
15625 10249 1118
12145 8251 332
14485 10326 577
10368 9892 178
16413 19028 172
12057 12133 172
9437 14821 851
3528 2352 674
15330 10233 218
17523 5779 674
9212 12319 438
17154 654 218
6115 9892 3
18156 6627 172
4504 527 414
4019 3075 640
9173 6704 172
7770 9659 207
694 5881 640
3441 11682 172
16167 10146 1151
12578 19766 615
14390 3447 218
18114 18982 3
12301 12271 3
18874 18965 1151
9054 3781 414
15519 18919 3
1594 9892 178
14921 16626 53
12455 14812 207
3786 15970 128
5108 17307 674
15790 9101 219
129 2371 172
9441 17633 207
13423 16089 577
10507 16939 207
7520 7462 835
10041 17049 218
1396 6660 172
6863 11208 1151
2596 9892 3
13198 5315 675
10081 11682 172
3413 3766 3
16637 13565 1151
396 6338 1079
18335 5725 218
2803 15970 128
4543 14069 414
12449 18373 292
18807 1323 779
11016 4439 89
638 11000 292
19057 17351 178
8118 11329 325
10277 898 3
1700 18145 1118
6063 17692 207
221 17904 3
18333 6213 53
9778 16670 218
12837 9892 3
7348 15998 674
6119 13111 218
4391 5979 292
15028 11000 3
2865 11476 3
9184 8730 3
9869 14221 3
18408 307 510
16974 8066 435
9041 11983 3
8887 8515 292
14349 8202 555
18290 12592 684
5566 19663 674
3013 13571 438
10507 12398 207
13148 15553 207
15979 2913 218
1352 5063 218
10623 19689 358
2051 6647 674
7773 9719 510
1895 19553 615
13927 2880 764
14776 5741 577
14721 5539 358
15025 9070 218
18474 12004 172
12482 7740 3
7407 13630 3
2303 12271 152
13936 18919 178
8645 14821 979
19309 1885 414
11188 6027 172
5447 8518 172
7773 15153 510
2842 7689 435
12336 16525 3
7675 7285 764
5703 14801 3
7362 18378 358
11229 15826 152
14558 554 675
11711 12664 851
16650 1826 218
18865 4706 172
8753 11317 207
1435 19325 435
19776 18040 431
2234 7285 764
16424 14664 218
2104 15568 218
11453 19179 332
15599 7542 674
13583 12846 292
1707 7529 577
7362 8344 207
2683 3009 172
6234 17157 674
19329 10572 510
13152 5926 218
13851 15419 435
2188 9892 3
13840 17311 828
19631 4600 3
19158 13628 1151
1391 18255 53
2407 13254 675
17902 1365 3
3907 16133 325
7407 11138 3
8420 18919 3
11094 18919 3
10212 4151 979
10847 4710 332
8522 3768 80
13623 4581 675
12886 9231 325
11626 9892 684
3934 7487 431
12967 12967 218
6564 4644 218
12124 8642 292
1633 6521 172
15435 9687 172
12825 5725 218
1944 11509 1151
4565 16525 3
10921 14535 431
4527 3635 510
3177 18632 54
7675 11454 764
5682 6922 292
6275 9892 178
15630 14458 292
10754 10754 906
18893 5320 218
6589 6589 218
15646 4709 172
2910 9892 3
15988 9231 325
14821 17754 851
16003 7740 3
13445 9892 292
2222 3266 431
18119 13810 414
16399 5614 435
18889 14694 218
19068 11239 674
6736 6660 172
17423 8344 435
2720 10231 979
18607 3969 218
5595 12824 1017
17340 6627 345
2102 4297 3
13429 15338 3
1580 15679 172
10117 15020 218
5394 19166 435
14691 10249 1118
7993 12108 325
6675 18919 684
10269 15815 1151
3262 15679 172
213 17587 172
19579 18784 674
1533 15679 172
1036 9687 172
18047 19277 435
1945 14685 292
1214 19152 80
14137 6484 218
5976 5916 435
17926 1110 218
15670 2880 764
15227 7443 3
921 7291 207
11121 3773 414
9558 11217 510
4666 801 510
7265 2214 3
19769 190 1151
12531 11675 358
7339 16631 345
180 41 325
15754 11719 218
13571 15677 438
1607 17959 172
11257 14766 218
4136 19766 615
4556 12004 172
6026 18919 684
12793 5893 218
17997 13845 674
17768 6054 3
18326 14875 979
15008 6357 510
12028 8050 1151
396 11409 431
12185 6702 358
12214 692 510
15232 4830 218
10809 9537 431
8522 18022 352
8631 4501 674
8164 16213 435
13569 17597 218
11753 17441 510
285 5855 555
9159 4709 172
8001 16031 1118
17672 9584 684
10286 713 414
15224 15970 128
10607 18539 577
5702 7542 674
8136 10791 152
15916 3114 1151
7740 13631 555
29 1046 577
13288 16739 1151
13666 6660 172
14193 2026 1118
10549 15469 218
11996 9126 979
5372 6703 435
9534 9138 3
14604 19049 674
10325 572 414
2748 17033 674
19378 2936 577
16929 9892 178
16333 9892 3
13348 14340 53
18566 17340 172
4433 3514 979
14948 9687 172
11693 1170 577
19713 15142 684
3685 5900 16
11572 9947 979
2729 18627 3
7332 10296 510
178 3766 3
9018 2371 172
16499 1669 510
17374 12607 510
11314 10924 431
3881 10307 218
13461 17151 152
1713 15679 172
1288 9032 1017
209 4709 172
404 15877 325
18511 12004 172
7068 10681 152
7760 17025 684
15797 13847 3
1873 10745 218
4303 3887 218
2847 8178 3
2084 18318 615
13523 9864 851
1134 12004 172
14960 5071 851
6287 7024 674
8075 8001 979
12296 12560 674
14057 14615 172
3896 519 684
16257 355 431
19242 17583 53
1177 4038 674
2947 11492 674
6697 17748 218
5875 1177 325
17785 11567 414
9825 18347 207
4173 16414 674
14777 12340 435
55 13298 674
17566 14031 53
5175 1205 510
941 16428 152
17712 13694 414
4180 5026 851
440 9756 979
14782 18627 3
17994 14845 903
1204 9443 207
16828 17007 218
9441 2969 207
393 4266 3
8952 9892 3
8837 11403 577
16583 12896 218
10675 11449 19
9908 4205 674
11670 13762 80
9292 14523 3
15627 10134 218
9424 14221 3
18117 67 218
10178 1901 615
15277 8031 218
18797 19503 851
8977 8799 3
7662 9050 615
2065 15679 172
14636 14190 674
17265 1336 1151
7602 2369 53
6328 11357 510
15402 8515 3
7856 7321 325
18338 11329 674
14647 1496 172
4656 9892 292
12021 11777 207
10188 1197 53
1817 7437 979
15892 5316 178
7649 389 218
2648 12582 674
19199 18730 178
9715 6092 292
11974 1039 3
4427 3320 640
8634 17222 779
17290 2706 218
17439 14457 431
19134 18249 851
4605 9687 172
1140 94 30
17339 11528 3
14793 2475 3
16799 4149 128
2694 11235 1049
2680 11263 510
16379 13193 172
11101 5654 3
16795 6088 172
1071 12342 292
5158 4125 627
18917 5050 218
6269 4706 172
8148 10965 510
1755 11682 172
17553 4709 172
15283 15620 172
18024 7169 684
19276 17839 615
12769 5173 857
6217 8534 438
18619 8261 207
15836 7388 510
13760 4709 172
11455 16403 1151
4194 4194 674
3874 15612 1079
10731 12004 172
367 12560 674
19043 17587 172
4356 18919 292
11399 815 1049
13200 14123 684
11329 18338 674
13228 5112 979
11241 17157 325
13985 14929 844
8021 9687 172
7268 18632 314
11153 4038 674
18440 1148 510
8282 13338 674
18470 17222 3
11929 461 3
10623 14708 358
17559 17858 218
5667 16076 207
18352 11755 675
3164 16243 779
4636 11402 355
4280 14384 674
18138 3028 53
7659 6459 674
12422 9880 218
9701 19665 178
11194 14335 431
15402 8627 431
11793 13160 510
2155 6594 431
5097 16846 577
9801 8504 555
18310 15679 172
10907 7011 510
17539 15868 435
6943 6062 577
8347 3711 510
6989 18462 1151
10776 10012 1151
16975 11682 172
12159 12004 172
17805 17854 577
19133 3286 1151
111 4310 555
14712 14016 1151
10785 2459 674
16100 4702 684
1407 14089 325
7952 8276 674
9380 1953 829
8009 4112 207
9596 12241 438
3564 744 218
19557 6127 435
19757 10560 218
15808 568 414
3927 556 89
2024 15907 684
18389 14064 3
1224 2399 292
11352 7882 1151
3485 1573 438
17120 7238 414
12336 7051 431
11077 4636 851
3685 5800 534
5345 1609 674
7303 2399 292
7060 7740 3
18005 5182 19
4562 8515 358
6336 3951 675
5587 12162 1151
16189 16189 207
8182 12310 835
6245 14529 218
13650 4709 172
5032 5829 358
18581 12004 172
15795 9138 3
4689 3521 684
5684 2247 675
13222 10061 3
11361 2266 675
2103 18539 577
18462 17846 431
3939 10892 3
6942 15663 19
17027 9719 510
14690 14123 684
17922 13646 218
18558 19056 292
670 5293 1118
12628 3490 3
3264 18796 218
18606 18919 3
2942 12908 1151
1700 7829 674
3815 17005 218
1729 17179 152
18523 9687 172
2253 9130 352
14114 12033 292
10544 11398 3
1009 5138 178
13743 16525 3
13212 15235 218
11314 2302 431
1957 12106 615
7770 17133 675
8250 12325 3
15824 15060 1151
6863 9892 292
17653 4166 3
18087 16737 3
16060 8661 172
9608 3693 684
1447 12073 435
1869 9737 867
11887 5063 218
9019 19700 218
2354 15679 172
17059 9226 172
13060 11441 675
9320 19267 3
16260 9711 3
1494 18919 292
226 14287 510
17079 5908 292
544 3969 218
14976 8682 510
15806 6521 172
775 6744 435
14425 5987 615
5207 6012 435
14030 3766 178
14515 18919 178
881 16700 674
18221 16651 675
8913 7322 136
6993 14499 358
18702 1273 3
18417 18919 1102
4387 4853 438
13395 10587 218
19240 16858 577
5546 936 1151
10127 18209 577
3946 173 1151
914 14915 1017
2259 8165 674
17248 18877 1127
5663 15733 207
4490 14615 172
1290 18919 292
13300 2801 615
1664 18703 80
13798 6627 172
2306 18697 435
16839 10503 438
18197 6521 345
14986 4481 218
9480 3756 674
10371 10729 1151
3618 4256 674
15829 537 207
15297 19506 414
8286 5471 675
13018 11903 292
18461 15679 172
8038 14401 172
17335 18919 3
17250 814 615
7657 14037 207
10326 9663 431
10146 14820 431
5242 9213 435
14997 13764 1151
129 3576 218
7115 18373 675
7711 18180 674
13344 18846 675
736 3996 510
16640 12004 172
15572 10396 675
7659 19466 674
14963 13176 207
17845 4709 172
3632 10905 218
4459 15064 218
16796 10564 615
7322 8236 19
10846 10846 218
11619 9041 510
2679 114 674
19121 7638 1151
10550 10909 1151
18483 3689 674
16580 14362 53
8950 5870 314
16901 10326 577
5710 11766 172
19156 15050 178
6347 2274 207
8528 7714 435
14552 4980 178
53 13353 218
779 18685 577
11198 9320 979
10097 15541 218
10729 18730 292
16740 12560 674
15900 12945 555
3709 14458 684
7779 19301 218
9556 8573 218
2761 17923 577
17589 16353 218
11526 923 438
16583 18661 218
768 12941 218
6253 12763 1151
16200 5615 218
18726 6623 510
547 16455 903
2719 4906 152
1477 6927 218
11359 15679 172
938 2266 857
9512 4775 218
16548 17427 557
3830 16886 1151
18157 12004 172
13568 15770 674
7407 4956 431
9331 9892 292
9368 9687 172
16557 162 172
8349 9591 218
14034 7740 292
5020 17270 435
5129 9892 3
11511 554 1151
17683 18664 1049
11840 13938 675
15074 1289 979
17302 9138 152
103 3766 292
15706 16776 292
451 9892 178
17137 11844 652
6195 2918 218
4562 12006 358
11423 18027 3
12364 5263 54
17780 18428 674
13267 1323 3
16234 4240 3
6702 6520 675
14474 12215 218
2800 3766 1102
7358 1716 865
17290 11129 218
11361 92 358
17453 7101 675
8116 4709 172
4472 9711 292
17326 1733 674
4955 14615 172
16642 2716 3
7376 16144 172
14150 1323 3
1632 7110 1151
2320 638 510
16992 18416 172
178 6932 839
13826 9717 510
13726 16621 1151
3917 18957 764
14806 17959 172
14490 14950 1151
4636 8158 979
5026 1416 979
10019 13112 615
16117 5480 674
8264 6624 128
2455 16276 54
4029 6343 438
5312 9887 207
14114 16605 3
13869 17621 218
2103 9892 3
19466 12004 172
12495 10177 401
6648 7887 510
5165 9944 435
12751 3842 979
14604 14283 178
15357 5894 851
6485 18298 674
7748 18965 1151
14277 5063 218
11404 16716 358
121 11549 53
2195 16353 218
1807 4709 172
2211 3002 218
11426 6027 172
9145 12623 414
14721 1884 358
5972 17157 674
2613 576 325
3944 7266 325
11497 32 431
2355 11904 979
5667 19418 207
17829 291 979
16008 8612 534
15334 6232 277
3769 16737 292
2424 12097 431
2244 18587 1151
10322 15679 172
4235 16097 53
1607 6521 172
7145 210 218
5079 10162 435
15010 10392 431
15257 18795 1151
5337 13890 1151
8038 9687 172
8027 2835 172
3620 5609 510
13370 9892 3
19169 19267 3
9331 12954 292
12275 16767 358
14381 19210 555
10760 9646 1151
4220 85 851
17316 8400 1151
11936 19199 674
13691 11917 3
6062 3199 615
10851 17542 948
7207 4446 555
18097 7735 851
11552 4277 358
4423 9786 414
11770 12413 577
16717 4472 1151
284 14989 218
6072 1496 172
3609 5019 3
7181 6426 3
16333 16737 292
3457 14401 172
7603 7848 674
11889 4709 172
4787 2699 674
1341 18006 3
16597 11942 218
11751 621 684
10384 3577 358
17137 10766 358
19247 5115 675
7201 6660 172
16374 10201 615
2773 16719 577
15118 4524 218
9204 3854 292
19216 3766 152
9550 14265 674
18204 2276 684
4449 4464 438
17137 17820 358
13347 9892 3
4818 12592 3
3498 15338 292
9415 5326 675
12583 18224 414
3368 11074 19
15289 9892 675
14133 12303 435
3123 19267 292
12531 18415 207
2837 16890 684
7954 16144 172
2401 8015 510
9912 17863 54
18704 8117 435
11111 7739 14
14902 16737 3
18744 7619 674
17685 7238 414
1593 3009 172
754 17495 218
14595 15679 172
277 1496 172
3512 12262 172
3133 4874 684
4834 9887 207
5061 15135 172
5848 534 54
3736 11302 325
5416 12954 292
11055 14236 435
10487 19056 292
18012 5596 779
12730 2371 172
10603 8136 325
6960 3766 178
13617 12538 674
9121 18237 3
2513 5867 510
11071 15180 1151
5944 15386 431
5847 1496 172
4864 16227 674
2730 5371 438
7367 11000 3
18298 4709 172
5528 19055 1118
15010 9715 1151
18518 14901 431
13997 11766 172
14887 4709 172
634 15862 3
13885 14615 172
16342 1243 674
14221 1285 19
17841 9687 172
1644 2436 442
17067 17469 179
13357 621 3
9521 4326 218
11572 10830 979
19117 9473 510
3853 19766 615
10190 4702 3
921 8231 207
12967 6092 292
5700 7127 577
12028 2033 3
14147 1101 172
7650 9687 172
8034 173 828
4298 16525 3
17157 15200 1118
1412 8130 172
8241 9562 76
10270 18006 178
16854 17156 431
6603 19579 674
3062 13762 80
18180 394 674
16520 1268 414
17293 2287 674
15571 17662 615
15911 5138 510
2413 10087 435
16542 14812 207
13726 3517 510
3043 19247 903
3437 18632 54
7322 6539 19
16850 1707 510
18461 19524 674
13288 4153 1151
12671 10520 903
11564 6660 172
7184 3030 851
1496 11524 987
7735 7109 979
12698 9687 172
7538 6660 172
3647 14997 431
12943 6660 172
5546 18335 431
10114 18573 1151
6614 18373 292
185 17858 218
15630 13270 3
12021 16241 675
680 13362 675
17248 15886 1127
11356 11156 1127
13954 13460 510
11208 97 1151
9274 16993 218
14153 6905 903
4692 10130 172
3475 11682 172
7099 19445 431
8593 677 931
2692 17246 674
1643 18730 3
17234 5209 172
10557 14980 172
5009 9687 172
10386 3695 3
2105 15679 172
4960 13742 431
12633 12301 14
10633 19347 903
5821 5821 218
17262 12262 172
17345 1323 3
7 14512 510
11136 6932 355
10898 10746 358
17193 11358 1127
16929 19666 172
13083 16525 511
13539 14089 325
10200 4793 847
8304 7718 1118
17978 2333 435
9732 7140 3
13060 1259 675
4435 6660 172
10888 3142 674
7626 9313 1151
1414 2046 510
12552 16322 292
1974 16338 1151
2679 15679 172
9175 4664 172
4345 5180 510
17629 9687 172
6336 10272 510
2777 5948 325
3103 15576 674
10522 7480 3
3480 14615 172
16470 13433 851
16842 9050 615
2972 4508 435
5803 2444 3
13876 14615 172
5731 11190 355
190 13133 431
6727 15760 382
176 17587 172
5647 18982 3
8952 15870 3
11246 11343 435
18898 12530 292
2138 8558 218
8069 9892 292
16975 19545 172
10960 158 1151
7324 11682 172
12671 2183 903
3587 517 414
504 12004 172
2748 16792 674
6680 14712 510
10561 6264 1151
2163 13003 851
16912 466 640
531 2784 178
12406 15369 510
12373 1177 325
15673 9892 292
11626 599 684
3073 19267 3
18386 17378 199
2155 10712 431
4698 18373 3
8986 6623 1151
5814 17740 510
15619 9738 510
7589 14353 435
5564 2861 1151
12806 460 358
9452 15338 675
3756 9480 674
5317 4366 8
18117 15110 218
2116 5063 218
13091 9689 857
6886 19056 292
3030 9320 979
5149 9480 325
11727 7936 152
7861 3720 1079
16902 18919 3
2402 8389 218
6735 1884 1049
19692 12970 218
3189 15051 54
17047 5361 14
10102 13043 451
5463 2464 510
18245 9687 172
12977 19525 414
12309 3575 3
16780 2351 675
7696 17595 674
2455 290 54
4220 14437 979
2174 19665 3
4262 9213 435
9231 17059 674
11043 9714 218
7907 16725 325
9921 12018 435
14949 17049 218
2420 7950 435
3319 11000 292
2548 2351 178
17994 16455 903
5152 3343 218
8911 8737 53
13650 9423 218
19732 4858 674
3503 18987 218
6035 18919 3
19506 7238 414
11834 8130 172
12783 14077 325
8022 3580 325
7242 15352 1017
11116 7969 414
950 10676 857
16542 4806 207
6240 11733 851
3774 2380 325
5803 17876 3
1844 5238 851
10692 9628 810
17210 12530 152
19476 19545 172
2608 13809 218
3620 2159 1151
17536 15679 172
18984 17518 510
11048 13123 903
4901 6088 172
13523 12493 292
10231 12475 979
2188 11543 577
9348 5487 674
17067 9130 179
3657 19231 684
1371 19556 674
6371 13273 510
17758 14820 1151
12401 13754 674
16810 11589 314
11255 13839 3
17803 17068 857
7891 17049 218
5301 2302 431
6441 13494 674
12930 3144 1035
6564 2584 218
2596 1092 510
10960 6028 510
2794 16718 932
15276 475 19
17926 7565 431
3313 14691 674
2448 1200 218
16227 8412 172
3756 12527 674
11554 8002 435
9219 7740 3
10712 9473 577
869 18919 684
15774 435 674
7818 15135 172
13465 10157 152
3881 4241 325
4103 7083 674
18522 8661 172
680 12975 675
14437 4220 851
16283 11093 292
14960 5127 979
13715 12004 172
2115 9687 172
5451 15778 1151
13435 11718 292
8273 1906 207
18178 5297 435
13079 4709 172
5483 17644 674
16583 9160 218
10891 19655 218
12475 13003 851
12407 17723 577
4994 18183 577
8307 12789 19
17074 9892 684
13990 7692 674
18333 2993 53
12809 5371 438
1661 909 1151
6660 6027 345
17018 973 325
6717 15232 510
7593 162 172
1437 5728 557
2596 5063 218
5975 6088 172
10183 2979 510
15152 4013 207
522 3952 218
841 9687 172
9064 3331 172
2748 1884 178
19648 4709 172
11358 2647 1127
2866 1496 172
9811 3438 1151
15409 4299 341
15802 7339 172
7067 7326 510
19180 11577 414
17971 4220 979
3524 315 325
12474 14615 172
17258 12004 172
16477 18919 3
1317 4657 1151
5233 3092 779
3112 10246 3
13851 18919 3
11623 4691 314
10001 631 577
7003 1937 510
12898 12271 1049
17075 17075 218
18855 12213 435
2046 5725 218
12804 15544 435
16982 10420 674
6219 12530 152
1011 9687 172
4645 9797 674
9517 9647 3
13426 11442 510
11891 11329 674
1806 5188 674
4713 8189 510
1561 18372 431
19518 6994 218
14 11983 292
10091 5992 3
11004 3176 172
781 2882 510
8013 15436 835
14760 368 674
219 1907 218
16171 18457 510
5615 2109 555
17776 11807 431
4887 2341 1049
13298 8419 674
2492 2492 684
3277 4026 438
5599 11000 675
7484 12592 3
11516 7051 510
6960 4709 172
13301 9892 3
13071 19298 675
3058 10130 172
7926 13619 675
18483 1568 1118
12039 17829 851
8767 12213 435
773 9687 172
11365 447 1118
13059 3331 172
18403 1853 218
16542 6102 207
14298 4702 684
735 6627 172
16419 14510 435
12573 9925 510
1592 8176 172
5054 3580 325
8479 10233 218
7184 7735 851
12275 13516 358
9365 18729 684
4972 11526 438
723 65 218
15905 4709 172
18431 15679 172
19143 19553 615
15075 14268 358
19007 6295 218
5467 10145 577
3865 1786 218
16225 13270 3
5831 15443 674
2148 9892 684
2622 7095 435
7337 95 218
8922 1008 615
4379 12004 172
3339 10761 674
3595 1677 979
1520 1323 3
17502 6378 172
6474 4439 89
3507 9185 1151
4420 18919 178
13277 8189 1151
5891 12530 3
5663 7373 207
2404 3009 172
10960 10301 1151
1856 9858 510
10785 5899 674
10839 13873 358
14082 6660 172
13731 13237 218
7003 8361 1151
8955 17396 674
775 6442 435
6345 15923 414
1576 9687 172
15565 9648 325
611 15135 172
6603 10944 674
1646 6660 172
3988 16366 851
10126 2445 172
19409 4069 615
15173 677 8
12578 15331 615
3507 5451 1151
1779 4440 857
12373 6119 218
7712 8318 431
14111 12004 172
13486 4258 218
2116 13929 1151
8251 14666 54
5000 4961 1151
6050 5908 3
3769 7110 431
5652 16178 218
10008 7039 1151
15518 16814 674
19273 12004 172
7110 11874 218
14792 14640 314
7770 8781 358
15550 6660 172
5983 15645 510
8265 13847 178
4235 5119 53
3354 7714 435
834 572 414
15126 11039 172
13912 18865 218
7323 9267 218
15474 12603 674
4636 85 851
6347 11980 207
17019 1323 3
13785 3915 207
263 8130 172
2164 11095 3
4871 2406 1151
14375 2248 435
18521 4709 172
10488 19026 19
8412 17587 987
17315 3670 438
1011 15679 172
5231 17361 675
2796 3236 674
128 7544 510
15901 9892 120
14279 13096 53
6090 12088 172
17779 16423 3
8957 15877 325
8171 12494 510
11420 11420 655
10024 2296 184
2896 17698 89
15236 6687 218
6017 2653 431
10898 5985 358
8773 12280 414
5258 18474 218
8458 8494 3
4115 14845 903
7198 6378 345
12938 9790 1151
18765 9613 510
15264 12773 675
5034 15806 674
4425 18919 178
9995 17005 218
10992 16716 1151
16856 9285 577
1902 13291 1151
19475 15338 3
16013 3263 510
9098 19273 218
8788 14077 325
14193 6660 172
5792 12530 292
13216 13611 172
5149 11379 325
11079 6772 435
4459 10533 510
11513 16552 674
9597 15562 218
13024 5640 577
10412 7366 675
6645 17262 674
15491 13622 3
10398 7999 201
4708 964 555
8532 7620 358
11572 6155 851
18607 10576 675
2345 10669 3
1240 9892 178
17230 15679 172
12572 8518 172
7099 12825 431
11553 4709 172
5027 16076 207
18967 5490 435
17528 11161 435
5180 6581 218
18606 18919 152
6119 14008 218
9159 13079 510
11003 17595 674
7400 6862 1035
1609 19381 178
5351 6834 845
11432 5520 1151
17685 527 414
7657 6524 207
16021 3382 615
4220 16160 355
1940 10555 851
10533 6717 1151
2036 18982 152
6262 4509 218
18211 8518 172
7757 11198 851
7748 14712 1151
2766 17439 1151
4807 12798 218
18477 19772 675
16772 18305 1151
17348 11807 431
5437 739 1049
16354 14463 979
9331 16317 218
5603 12851 435
2653 6017 431
8012 1716 865
1669 677 931
13282 17910 1151
14836 6027 172
13406 10051 14
13954 5725 218
1119 1496 172
14960 7833 979
15664 4867 577
4446 12945 555
6776 9724 979
17307 2371 172
5704 1586 555
5649 16240 219
14865 9892 511
18228 779 1151
8513 2585 3
6017 13646 218
6336 19321 218
19698 12755 325
1693 11542 510
8640 17138 510
8556 17661 325
1599 15877 325
16663 9205 14
9832 18349 674
128 19691 510
14880 5587 1151
12216 7310 3
4066 18135 435
4991 18898 510
1874 16598 218
2613 13768 218
6069 3181 431
1221 3084 684
5272 18919 684
2413 925 435
12552 19766 615
3189 14316 570
9214 16603 178
7521 5263 19
9967 10570 435
7757 12751 851
9763 3715 577
19201 3766 178
17333 135 774
17275 7366 857
504 13915 325
18086 14002 510
8733 926 435
10200 16349 847
4234 19055 1118
15220 9687 172
14960 3841 979
15940 6660 172
12275 11707 358
14896 16076 207
12585 2519 414
14042 19110 851
12071 9970 218
6280 2033 3
16542 11983 675
1375 19507 510
1851 15882 3
18087 2860 3
798 7635 615
15455 3485 438
722 6732 1151
9211 4709 172
18477 554 675
14271 2486 828
2330 15031 511
15880 7002 3
13955 1268 414
8079 14110 510
11193 16153 675
17754 14821 979
12813 13763 674
1396 12004 172
15062 15051 54
7415 16868 674
11164 10284 414
13650 11682 172
11558 8026 3
17953 3488 1151
11222 11088 218
16570 8115 577
15686 10966 218
12203 12578 510
2917 15338 292
14124 18145 1118
14851 6660 172
10296 14820 431
12590 1462 218
3186 10081 218
15612 9138 292
2368 18145 1118
10382 687 431
6515 6017 431
11107 5870 314
11205 3076 325
7168 19291 927
6296 11341 979
5145 15679 172
11423 6007 14
6328 7869 152
673 9251 53
890 18416 172
7735 19153 851
12236 13277 510
9111 4673 435
17377 9403 89
18455 9687 172
10532 5076 903
413 5893 218
10414 16859 218
2596 962 510
6119 4709 172
1600 6707 577
3200 4307 1151
2339 2583 903
16642 5571 510
13733 12901 325
19336 9892 178
493 14123 684
17705 10686 218
4667 17587 172
12321 1838 218
4459 16096 510
16037 15060 510
1947 7219 435
8125 5193 3
11050 7962 414
12643 5413 1151
7186 4038 325
8698 10487 1151
13885 1496 172
63 14622 674
14137 7494 89
19691 5316 684
8125 4326 218
15706 586 615
3635 5926 218
19586 19096 828
6527 13930 218
9200 15386 431
12121 7718 1118
4574 12530 292
17489 10708 1151
5128 13432 1118
5912 8332 435
5351 19304 845
8717 16729 292
15042 903 89
3114 17005 218
7266 4488 674
12278 9648 325
5777 17005 218
10090 5826 3
1390 6092 292
3093 2514 218
7269 9892 292
18935 726 510
14747 1935 674
2858 15135 172
15797 19056 292
5873 11093 292
6070 10345 325
5027 12340 207
11238 4709 172
11051 18237 3
1204 9144 207
13002 9255 615
17762 9892 3
16823 1562 510
14234 17396 674
19721 4028 314
5741 18177 431
8442 5532 414
16067 13856 684
402 6938 3
14817 12004 172
11404 1650 358
11097 6088 172
11442 818 1151
8820 8031 218
16194 9900 779
12211 13845 674
10562 19029 674
10613 8984 435
2848 13765 674
10286 12364 857
3478 5353 674
15412 13632 674
2242 8593 1151
19253 9892 3
8153 13110 1151
19642 6531 218
15457 1675 358
641 18730 779
12790 7231 431
10346 19123 207
7322 877 19
2104 19149 510
2225 18849 3
7173 11789 435
13834 4402 857
17781 11008 218
10562 19556 674
10345 15135 172
4562 17680 358
4436 5076 903
1536 2444 3
11122 11509 510
10494 1496 172
14598 1323 3
12381 12342 292
10992 9759 1151
14908 5926 218
4540 12018 435
10899 18487 218
5684 11317 207
526 5749 352
18483 8670 674
1450 6594 431
12799 4033 510
4154 6500 435
5145 2368 325
18999 18874 510
11245 4205 674
4415 11579 207
11822 12212 684
19523 4464 438
9450 17899 684
17141 19056 292
3600 1520 431
19697 15970 218
14912 8073 3
6821 9892 3
130 9231 325
17854 6092 3
19395 4709 172
13066 11182 414
3819 15277 1151
15348 16750 1127
7382 15468 577
3704 10087 207
15706 11668 3
11051 5127 851
3203 8492 172
12459 16631 172
13269 14612 510
13827 16338 78
1657 16317 218
3582 13269 510
18662 12332 674
11117 15518 674
9939 12954 178
620 12194 577
10346 14168 207
18308 3580 325
8636 12004 172
3517 18776 218
4220 440 851
6643 4927 779
10839 18635 675
13003 17842 851
4660 2915 684
2657 9765 674
1025 4709 172
13066 2059 414
1471 6772 435
3424 865 218
14536 18276 54
17453 13446 207
13642 18919 178
16889 1977 438
24 15679 172
16118 6990 1035
243 16737 292
15170 9892 684
13895 6260 510
6627 2215 987
5951 728 3
2124 8144 218
4904 18708 577
10927 7612 19
10848 18434 218
12511 11039 172
7108 11221 218
13763 3009 172
16129 8219 218
2856 798 1017
3293 13788 615
15599 13765 674
16543 13842 1151
3456 4153 577
6815 3747 675
7482 8275 3
15918 19525 414
18086 1018 1151
13268 6777 3
19178 11865 510
6318 7538 674
4800 5526 903
502 239 684
967 3747 675
7820 12478 1151
4540 7313 435
19090 17005 218
14085 7185 207
17262 15679 172
14721 7361 207
8090 17313 616
5114 7424 684
4721 18006 178
5704 16679 555
276 13639 325
5684 544 358
3636 12573 510
16021 10397 615
1018 6092 3
5986 13977 172
13288 16403 577
9755 10064 979
4592 18006 1102
4688 13501 218
15080 15135 172
4323 12004 172
12906 11008 218
1132 162 172
408 11682 172
2049 9687 172
5743 572 414
11018 1020 674
4452 461 3
19436 5324 674
8477 15877 325
19766 2700 1017
798 2878 510
10055 5377 435
5534 14540 577
9020 6144 3
16918 16737 3
451 8412 172
16983 15997 555
1957 5595 615
4433 8884 851
16114 2784 358
11614 4306 325
6252 12530 292
12146 3108 435
3438 19553 615
5032 8377 358
13090 11008 218
5446 1769 325
7692 13990 674
19178 2341 3
5684 12444 207
7292 18408 1151
8991 10130 172
11572 7836 851
7246 12004 172
6579 1270 207
70 16843 1151
6320 13291 510
15118 9719 431
17333 18919 3
5352 5788 218
9613 17799 510
5783 8669 1151
13133 4952 431
8955 4295 674
3670 7941 438
19286 5140 218
4256 18145 1118
8137 891 435
18441 6616 1151
6647 12133 172
12845 18919 292
6195 17095 218
501 2242 828
18338 18006 292
19002 19002 218
5222 9687 172
9066 18147 355
3061 18634 1126
3907 6142 325
7770 18997 207
5122 11813 414
7696 17587 172
753 7293 764
16114 4674 358
5178 15002 3
12103 5169 510
6088 11039 345
4770 17766 218
15476 12004 172
19535 10907 510
97 9712 1151
5684 8261 207
9415 18919 675
7480 7923 555
15498 8318 510
11567 572 414
9277 16890 684
11702 19676 684
6419 4602 510
11374 11039 172
18945 19766 615
12838 4702 3
3223 16608 218
1216 3766 3
3063 11403 577
17705 18373 3
478 16603 3
5363 13202 352
10839 6716 358
542 17959 172
263 17344 674
7795 123 218
19511 16251 577
18470 18303 292
10093 10651 865
3591 2850 674
12853 714 1151
3900 5805 218
15075 15035 903
374 9854 1035
18800 7705 172
8534 17245 438
284 14008 218
3815 18730 292
18647 4651 1118
9898 9591 218
9120 14877 207
481 19055 1118
7543 17753 218
3618 9687 172
18660 19553 615
12023 12488 218
19307 9892 1049
13665 2880 764
9140 2071 675
1089 1983 684
16210 435 674
15373 7150 292
9713 16491 510
8960 6836 674
9521 3766 292
2051 12133 172
8101 18898 1079
9769 6062 577
17366 10458 218
9486 5209 172
648 18759 1118
12454 7740 3
5273 9892 1049
3409 7132 684
12021 16737 675
5175 5055 218
11341 1668 979
7207 6476 555
4188 18416 172
14328 19553 615
13215 15516 577
6971 9382 325
6125 19553 615
12724 14640 314
8388 16205 152
1494 4709 172
15648 7950 435
12184 1474 3
4229 4595 577
18468 2979 431
17741 12910 218
14517 12530 3
7726 7866 1017
8175 1594 674
18986 387 674
4893 11704 674
10265 11756 1151
3829 16112 54
9216 15118 510
9801 18442 555
19691 16891 684
6005 2986 903
1534 18145 1118
15679 11039 987
16871 3808 435
9759 336 510
13749 1496 172
11553 2949 674
6818 2774 218
7558 15679 172
2549 17664 431
18311 8079 431
12146 16438 435
46 9892 684
15860 8010 684
15087 4709 172
5715 6185 674
16950 16605 401
9704 9687 172
14272 3514 979
19552 14070 577
2269 5972 674
480 8995 640
17521 15135 172
7776 9892 178
679 18147 76
17816 11682 172
14199 10213 414
12285 19224 674
15625 19057 674
17416 6768 674
19268 249 674
4072 17303 857
12493 5329 555
12153 5563 435
15211 15679 172
12494 724 510
12260 19553 615
1121 1496 172
7246 4709 172
8406 13177 555
15931 9175 218
13189 14070 577
14070 16719 577
9692 18145 1118
8248 10252 674
14270 8565 3
3004 11545 510
11408 5000 510
9825 10930 207
14579 11333 510
7849 16396 674
3527 10543 674
3831 12983 857
14251 9711 292
15304 8735 674
6692 5640 577
13914 3766 178
12216 15679 172
14271 2733 218
18743 1397 1151
17434 4000 3
17991 18507 3
6759 1406 674
9217 5510 1151
13510 6994 218
4007 2371 172
5468 4709 172
12868 18919 3
15352 9555 1151
14896 16716 358
17493 17719 577
18989 2634 851
6970 19766 615
16387 9892 675
3880 7926 1151
15320 2033 3
8690 7022 684
7993 12004 172
11471 4581 3
7246 13193 172
10597 3490 684
9490 8208 1151
10545 18416 172
19535 15701 1151
6737 19367 948
7362 18010 358
15203 5210 358
13626 11766 172
10909 10550 510
430 9892 3
11830 14843 510
19769 14070 577
16860 9073 218
7212 11546 764
15625 19055 1118
15790 16282 1151
14072 15064 128
18353 12212 684
13287 14663 674
8645 15406 979
3917 5713 764
11829 11955 435
11897 18438 1151
16876 2248 435
4001 12215 218
18778 8282 674
5027 3727 207
13609 18416 172
18198 9892 292
16981 6864 829
11554 11777 435
19017 18040 431
14143 1496 172
7765 14555 1151
11237 15064 128
14896 10612 358
15075 13103 358
2228 18869 577
12055 19698 218
12175 17606 218
5030 14448 218
19524 9892 178
2221 4097 435
2796 6627 172
16252 10737 218
1288 19237 1017
17161 6092 927
6692 1300 510
7212 13058 289
14626 17959 172
18057 1268 414
16542 15398 675
7050 13685 674
1593 17587 172
7470 14825 172
14721 4392 358
17349 9591 218
15950 18919 684
16865 1311 674
7772 9558 431
7060 12530 292
13785 10429 207
11596 1497 674
3121 14419 839
4358 12143 218
13785 4084 207
13740 18349 674
19401 7047 640
12336 32 431
15397 15765 1151
18468 18305 510
4585 14363 764
5803 17894 292
18535 16362 218
3429 16144 172
8160 217 152
2499 6983 19
12273 18919 178
12985 8797 207
4169 16227 218
8223 9892 857
15960 6870 510
6328 7869 3
6258 3331 172
1562 4980 292
15466 10131 218
17816 18413 674
11341 5129 979
10159 14353 435
13680 16605 401
11559 12880 1151
13701 4322 903
14765 6092 684
5721 11766 172
16240 9711 292
16241 2045 54
6584 12004 172
18674 18962 674
18177 3934 1151
11257 16884 218
15829 16105 358
17835 10329 979
18117 19479 218
5412 14132 851
636 17272 438
1248 9651 3
12835 9995 431
2754 440 979
17785 17785 414
3881 6493 218
2265 18919 152
18699 7705 172
19378 7262 431
18727 3017 218
5312 14168 207
9045 11518 674
7439 19471 352
4143 18237 3
12401 19459 674
18696 6772 435
8504 17005 218
5419 10924 431
11446 10587 218
11141 4709 172
14837 17757 3
5633 9892 292
14533 18896 640
7496 621 857
3881 12004 172
14197 2255 674
2079 15377 674
11449 2041 414
7774 1607 325
8636 41 325
15723 12312 3
10346 10654 207
8504 7991 1151
17905 7936 3
2917 18097 851
15316 6784 3
15135 4709 345
3848 12004 172
17769 13193 172
12917 11000 1102
7495 9892 292
13764 14997 510
18617 8089 414
8016 15221 218
4433 7500 851
9232 1426 3
19523 7941 438
19535 3329 510
12606 10651 865
8070 18919 292
15096 594 684
5513 18919 675
19435 6480 1151
16664 3766 292
4776 6378 172
16318 18919 3
8593 19096 828
5321 14089 325
7439 11546 352
9659 17380 358
5587 722 510
13971 4773 675
7697 19525 414
6726 10892 3
7965 18055 163
5254 2025 557
506 12527 674
3039 10328 510
11728 9231 325
19292 16219 684
524 14410 292
17051 9892 1049
4691 15923 414
4523 1268 414
16167 14457 1151
16552 4285 674
12764 17623 674
18795 17005 218
19639 17469 764
18886 12004 172
18391 1917 675
13631 7740 292
9450 5316 684
17335 7409 152
2339 4793 903
6834 14204 80
254 8682 178
3407 9679 282
9924 14820 1151
14849 18416 172
4856 3575 292
15788 3175 438
13765 14604 674
9609 9589 674
12531 16205 207
18172 15740 615
13982 12351 674
13354 4980 3
1527 1657 567
299 19106 674
5739 4402 779
2234 2695 764
4135 4581 3
9512 9970 218
14979 4153 577
46 7599 684
18691 18945 1151
6488 4206 624
353 9851 438
9568 9207 218
19067 5962 218
7770 17826 207
3331 18197 345
13370 18373 292
9597 8518 172
6470 7599 401
19686 15826 3
14009 15338 3
13569 9687 172
1177 14382 674
4885 6306 218
1317 19341 577
10494 12961 674
12605 16296 764
10174 13646 218
7007 18497 414
15900 4446 555
17347 9177 431
17782 19545 172
14746 19766 615
6771 10587 218
1910 7219 435
3740 4430 172
9362 12875 1151
2334 18919 3
8156 419 218
12223 13645 577
14901 11409 577
11157 460 675
11240 6719 218
10298 8073 3
5032 17724 358
16386 5039 53
16202 18973 1151
346 14048 510
12130 10363 829
9681 4026 438
5032 2731 358
3651 3091 615
12341 911 674
6649 5699 1049
8911 11081 53
14960 9660 851
16171 5276 510
19022 1280 325
1455 2371 172
12220 1082 218
15205 14089 325
15750 16465 325
16120 17578 152
19654 4709 172
5277 11403 577
5074 7422 903
12985 2741 358
5603 8247 435
13186 9892 675
