690
13858 18362 668
5692 15245 600
5403 12390 666
6056 6332 865
10003 8449 820
10307 4244 104
6955 17197 51
15877 4164 754
14272 8450 435
13485 19043 134
14353 18089 635
13645 2720 210
15436 8935 744
748 15149 389
14131 13520 820
12189 10411 711
2143 2195 754
10679 4705 435
1263 9810 134
5252 9589 22
12707 1643 156
2744 9388 451
17399 10849 537
17404 11874 711
3013 6930 155
18539 19396 307
4707 13322 156
12786 6267 754
11050 14305 820
511 9394 640
1723 15923 435
11046 2218 723
18909 4113 435
6735 6005 570
4286 16783 229
827 3284 435
1045 9135 101
5243 15520 744
17663 19006 210
14676 1575 865
18272 1610 754
6006 14688 893
4815 4239 134
12598 6681 435
14116 415 220
9911 11284 306
9135 1045 316
15644 15020 307
9482 12160 865
15905 11633 570
18909 16970 307
7895 7390 177
10136 10038 70
10867 13856 879
17902 5344 156
6037 10199 754
17240 1747 546
14265 9499 865
17519 3001 754
17189 17189 739
16798 13120 744
16128 9402 723
8322 14426 435
14798 10579 23
14294 13822 622
5307 9866 134
19515 15911 512
17106 17748 137
10967 3938 636
1768 5743 319
8788 12929 156
3114 7678 307
11350 6527 304
11855 2381 820
16323 6477 865
14990 11633 711
8768 1263 134
18714 12805 890
11770 8974 565
359 6846 306
17339 9017 435
18551 3362 744
19006 17663 307
9377 10545 389
14429 8194 570
593 6957 753
10578 4252 711
528 14439 760
2861 2242 723
679 15574 744
17153 15634 570
16332 5838 754
1032 5101 51
6651 2237 865
16135 3866 134
8302 16112 104
827 9499 754
16378 16887 776
11539 10919 596
14735 2843 744
1029 18585 210
5788 18749 177
6244 13407 261
11005 12322 435
631 10874 570
17704 15161 441
3873 7408 711
8150 7881 723
9981 2885 570
5356 14028 512
13263 8904 723
18972 6038 570
18810 28 210
19078 14265 754
8174 10889 334
3863 5289 230
16644 5704 820
13179 8122 134
5441 11751 820
13329 436 90
1975 16567 156
1904 12981 156
3612 9312 239
7994 7364 865
16403 3842 723
9267 6485 156
4196 10688 753
11318 10025 871
17291 6806 307
14096 11659 744
10265 8275 307
621 13968 134
5954 13918 723
17697 738 753
3878 1169 155
1622 4044 134
2543 9253 134
19101 9464 865
8330 8832 565
16473 11130 754
10225 11221 622
19656 10797 156
17324 4018 210
11219 13024 570
11893 8293 820
16715 8005 307
4327 15905 865
8192 14712 754
15250 5559 134
10389 13657 744
15314 15203 22
14123 4458 820
9245 17423 565
13891 15397 51
19181 14721 210
17895 1445 820
14802 18272 711
9662 17848 537
10805 18017 698
626 13175 441
9981 17867 307
6383 5670 134
18585 17755 754
6449 2671 70
6171 7710 754
5159 12727 666
8275 19043 570
17434 2330 588
15150 1883 104
13092 14926 711
18295 9762 723
3742 13070 760
4315 7193 250
9530 10370 156
2814 18410 865
5815 8138 175
4759 14300 893
4239 10566 711
14022 19329 711
5660 10744 319
16656 14590 306
8567 7946 261
6857 10277 723
1622 12087 865
981 9983 760
3078 12620 753
13092 14329 570
13067 18220 736
18049 9855 711
16763 7710 435
14929 4116 229
6464 12919 546
5838 1783 754
12533 10456 307
19435 5020 865
16260 14684 210
14086 16557 156
1577 13578 723
12453 7361 210
17415 11968 104
17811 1263 210
8005 16715 210
3893 8159 552
1740 16767 698
10885 728 570
11902 3774 210
16630 19132 441
10126 8403 156
2748 2836 723
3681 10899 441
17656 13551 754
7813 3026 865
18828 3595 698
19132 16630 104
7463 15176 552
8796 2195 754
13155 112 51
68 15922 422
12728 14290 156
16148 1812 865
1632 18878 666
4473 2753 865
15877 250 435
9693 18737 890
8166 17806 570
11792 15032 307
4823 4110 567
12222 16818 306
10840 11794 156
2143 2195 210
12327 11278 801
13716 15216 672
8769 2220 744
13846 11997 70
1651 15178 366
7713 19497 570
3349 2995 797
4143 18238 698
17924 1876 261
13897 11391 820
13172 7270 307
11751 5441 104
706 13890 275
14537 6898 744
3943 2975 250
16242 16260 435
19564 16406 711
14277 6617 570
15967 8243 754
18714 11540 890
5343 4950 307
11928 14213 134
7824 14239 744
15905 10165 307
15794 7578 134
4772 3218 820
10829 7275 389
19424 12751 306
19238 4130 891
19304 6787 210
12752 15239 441
17404 3216 754
7062 8888 155
254 6249 744
13172 15755 754
1516 10808 723
13480 12751 220
16601 10214 307
11439 16281 134
7772 9142 134
13607 3164 435
14780 7361 711
10298 5872 820
19496 3139 820
18918 344 744
7771 8726 711
4462 778 723
2265 1516 723
6478 9464 865
11327 16511 162
6007 11340 156
7664 3974 156
5313 6432 564
9091 12914 754
10507 2418 210
13348 2421 54
4275 18224 512
1643 12707 744
5838 7713 570
1538 16968 435
4418 16768 104
5229 16476 723
10581 5971 879
7159 1903 744
11318 18595 104
12018 10413 250
16336 14946 307
17924 7269 893
5510 1086 723
2885 1179 865
14806 19365 744
1628 2627 279
18329 11418 56
3216 17404 307
9837 8117 865
8689 5034 871
6247 1392 865
2096 11697 635
15006 11877 753
8249 18199 210
9981 7364 754
19541 9536 156
19110 6085 570
17469 1485 666
12804 6419 435
13003 9077 766
470 18535 723
5707 6323 307
17180 1127 394
621 12420 435
15398 12958 742
13191 7719 744
3536 12192 744
16974 4596 865
16603 15481 441
17253 12063 435
8197 10008 261
1333 621 210
15760 10284 156
13109 17171 134
12475 19497 865
14676 14795 754
19359 19497 210
5671 3721 156
7488 10815 893
236 13450 820
15032 11792 754
7544 12236 156
4217 7188 570
8987 10835 22
6107 6243 893
17670 17134 865
12021 15238 820
13212 153 435
8743 13839 210
2565 4565 753
15363 12217 570
14204 14064 134
5029 9905 316
10459 8243 711
7613 1890 723
17570 3158 229
19435 2127 210
11005 4815 711
15019 8821 134
15864 11613 570
16396 13186 307
17034 3243 753
12368 4978 319
7488 17030 161
17018 2276 435
19025 12804 865
11484 13302 307
18912 11005 711
8275 18999 711
15343 3577 134
17348 12634 389
5707 3851 435
12675 8011 744
16105 1677 301
2845 12065 801
10113 16775 723
17187 8411 156
11993 6103 871
12533 10456 435
15363 18109 435
17707 42 435
7837 7578 711
12120 6696 104
11039 8615 893
219 1053 820
7876 13744 753
5559 14070 754
2246 6858 312
12420 7090 210
1822 4520 871
13225 14668 435
16960 18486 389
14205 2040 54
7004 366 754
13115 15929 565
13002 16640 210
8159 22 116
14470 281 441
1375 14926 307
7770 18838 890
11005 4815 307
13561 8585 754
18972 7615 711
5101 2156 51
7992 503 156
14076 18540 753
10211 11447 261
2960 6425 744
4815 1490 134
3631 17672 435
3723 10165 134
14562 17879 754
8914 2096 441
2507 7799 134
7249 18989 820
5670 16970 754
8070 7019 210
13225 933 711
9559 6965 753
7130 4000 565
14669 13159 639
11564 8585 134
1322 8987 711
8879 13176 580
196 15281 210
175 12063 570
16327 6239 307
657 7840 852
14709 10647 723
12150 16871 797
16763 376 210
6651 9320 307
1096 10540 210
5089 3595 220
17018 3217 606
15789 17774 512
17382 8270 723
16058 1766 129
7390 15146 13
3718 10821 565
7757 18498 723
18049 3359 865
9341 945 156
12488 433 893
10411 13807 307
18176 10002 723
555 13003 766
14517 17672 210
2283 555 766
5708 14184 156
4569 10199 865
13657 10389 156
13067 1124 564
2946 1447 893
3088 2201 753
4473 1268 210
7702 17670 754
3800 7884 820
13952 319 865
14774 17225 753
6627 6837 711
728 17987 588
17065 16773 156
13721 9263 820
19627 10408 307
13607 13186 711
16507 133 177
4596 18894 570
11955 11633 435
10421 5816 261
13551 17656 307
2398 16530 115
9230 4848 435
7713 19359 570
5284 8510 307
16378 15838 447
3598 15901 546
10432 6105 389
19595 12258 711
19541 14191 744
12110 5445 565
12353 6364 576
9684 17722 723
12044 12509 865
2669 6696 820
13886 6081 134
5411 8354 570
16178 12515 319
8842 9887 820
1672 9403 744
6559 1981 156
14064 10672 754
15755 7232 865
14287 18742 753
11019 10303 394
7290 16771 893
827 17673 711
1333 4437 134
13553 5569 307
8766 11447 893
4702 18208 744
4890 5569 210
657 4922 786
8250 16277 564
12037 12571 441
2317 19482 435
4581 17742 307
12987 12987 723
5127 10351 754
6721 14595 797
10251 12492 162
1161 8074 90
10524 8866 250
12822 9661 754
3255 7182 880
11866 4252 865
4213 16835 570
15962 1497 760
17811 11580 570
8651 11599 225
6735 11439 210
14519 4459 210
6871 14099 772
13175 4896 104
5559 11172 134
7047 1091 744
14178 12226 177
9037 4539 865
18244 16769 134
11820 19635 797
11102 15930 156
10943 2143 754
17140 13744 753
14711 98 275
19339 7072 744
15767 7065 723
7380 9458 744
12337 4929 622
11670 11530 622
4179 10823 753
473 14743 754
8827 17528 250
10498 3647 307
17704 14228 820
2481 12330 307
3782 16406 570
8216 5050 512
4993 16397 698
18429 2086 723
17875 3896 104
8562 7024 681
17707 4205 565
1728 13144 754
19497 18765 754
109 16541 570
5872 8574 104
7713 19595 711
19252 14113 564
15538 10318 723
16391 6037 210
3114 12330 307
17829 14471 723
11969 8005 134
10674 12150 820
7772 19104 134
18464 3500 711
1739 3505 512
2053 5253 820
14020 11344 753
6452 10251 275
7559 45 156
14882 19289 389
14342 14786 820
5551 6858 229
10411 17291 570
11173 18682 435
15793 12495 865
12208 9529 723
11406 15881 113
4265 11130 307
6570 16762 210
5411 4218 210
13085 11866 711
2177 15202 435
12330 7678 134
3263 6827 210
11480 15753 723
2465 17201 250
14764 8816 723
12663 16299 441
77 9898 250
15595 11373 753
4999 16493 890
14517 18288 711
18530 3903 820
10055 4077 753
11095 11607 879
7335 16871 820
9866 14415 570
11084 9258 156
4815 12322 210
6465 6730 723
13954 7669 307
17005 19435 210
14476 9713 723
16692 4749 753
15799 15035 54
7375 18822 797
3761 11305 537
16770 7407 820
1610 4781 865
2948 14319 129
12923 11715 588
18170 11633 210
4209 800 744
8559 12667 711
11195 10754 788
9727 4239 307
14509 13657 156
4521 16605 210
17312 16760 820
3018 18452 570
17625 893 820
10090 12220 820
14287 9844 753
13390 9175 321
15725 3239 890
6245 937 306
7490 1983 134
15708 6495 890
1079 7667 753
3235 14642 129
13896 752 570
6477 1193 865
9148 6688 565
17471 14608 564
6825 2177 754
19129 804 156
11415 19171 865
16487 4576 210
7257 9520 570
6910 6108 767
5578 5615 711
14070 1031 210
7701 2697 455
9068 19501 210
9117 13288 512
3218 4772 104
12720 15970 435
16365 14820 744
10351 18900 210
9249 67 879
1807 13766 890
101 1403 316
2543 1812 865
1488 3736 441
168 8092 711
16723 6175 101
11086 12880 723
17921 11423 156
5093 4332 104
3711 3628 865
18664 11969 754
9836 2317 711
12985 8910 879
15089 14946 307
9279 1432 210
9443 5495 650
4992 1491 711
18256 17342 711
9320 6651 210
68 19115 865
8849 722 250
19564 6015 865
1452 8462 54
14954 473 711
105 5353 711
17290 19108 512
3273 690 753
2148 9110 70
10960 3692 570
6379 5640 820
8275 7341 865
865 308 210
10958 15977 435
423 3787 754
3577 15343 865
3626 17543 820
1413 275 570
4146 10195 177
5707 13551 435
18539 9790 435
2336 3030 441
19292 9729 754
