347
18372 18947 544
5459 9207 189
10130 1339 150
3772 13405 189
6749 4108 445
13459 3110 189
5716 3894 150
705 10322 315
18643 1214 189
3328 7465 165
9305 13199 87
11960 10395 684
1418 3980 805
18236 16822 510
3060 16077 868
12813 4027 166
5684 8118 840
17090 18698 672
2923 5808 189
3557 2867 189
1366 1356 882
3505 10705 422
5845 16531 147
10231 13358 49
14543 11134 368
15033 10002 248
15923 8201 684
1152 13981 189
13600 6955 315
1430 19473 150
12461 6181 150
589 17599 0
10470 8292 189
8827 12596 150
13875 9521 93
10195 16164 107
13842 18667 684
10833 13428 260
8128 925 805
17806 17327 150
7556 12032 885
2060 2060 189
19115 2723 181
13292 7159 241
2195 12305 688
12103 6783 805
13267 8885 805
19616 2294 556
8502 9977 368
880 8919 134
12384 18523 561
4782 13020 315
3060 10086 840
4020 12979 684
13170 1588 805
14861 7542 150
13379 3638 349
10448 8876 49
10833 2561 260
4022 2073 604
7312 16100 805
13394 5793 684
9405 10165 77
6610 1848 844
17863 8723 315
12245 1722 509
5696 19483 886
3120 2820 422
12056 10782 87
13458 18797 688
10 12418 660
2372 18141 454
4384 7478 274
10661 13284 422
10427 13174 274
1801 2317 805
8275 4599 805
5459 7218 189
7186 2858 571
6431 15298 93
16323 8807 747
1290 11475 692
6784 6826 805
14898 16704 189
1455 963 165
4096 7070 544
19320 13252 503
2852 10129 150
6532 7288 165
17090 18941 672
181 14583 189
3531 4855 422
4445 1369 688
13621 2950 556
17909 13711 241
17090 510 672
11026 1653 805
15169 5443 166
10231 10844 150
17347 321 684
2446 10990 209
12365 12365 189
6246 19303 544
13614 11372 503
8788 180 556
17388 11512 165
11476 13566 503
7953 11897 315
11564 11210 274
4634 19136 87
13428 19340 315
2645 17493 368
8210 9493 315
4220 1872 684
5679 8913 87
19515 5479 150
17797 3943 189
7296 4981 684
15915 4655 604
17260 15520 688
7789 620 688
3303 9346 595
15450 16699 844
19634 8303 595
820 1965 315
15590 10735 882
9833 8701 166
1072 14425 422
4384 18640 274
1828 15446 49
12584 15707 422
17238 8176 752
17247 19215 751
11594 11411 510
7129 14035 684
12748 8556 315
4618 18481 315
13448 13999 690
522 8039 241
15030 7644 150
10461 13884 752
13643 17027 882
7208 17046 189
6122 7520 688
5747 12791 805
1450 12999 345
9305 7982 87
14366 13459 49
11815 1175 189
13371 18072 805
10873 14310 209
6451 15454 544
5046 410 571
2856 3753 248
14619 11947 49
2130 9949 436
13200 2984 150
19101 7014 209
18909 5708 747
5772 17342 49
2460 2294 556
19071 6522 241
14500 2663 150
8182 9891 189
3356 2662 150
1930 16953 684
4664 6839 510
16323 13039 747
9352 5628 300
4409 12728 442
14118 17295 571
1131 12694 150
1843 19285 684
16924 13113 544
10976 10653 684
11024 4353 189
15169 3925 166
16 3122 422
8801 7756 805
11706 10391 150
3282 1886 747
11138 8108 672
11610 7720 128
10461 4371 315
16008 385 591
8827 15828 150
7953 4103 315
268 19221 75
1611 8782 571
4807 11049 217
10031 3158 688
7142 3455 165
15033 4030 248
13920 19476 544
18126 7006 571
14030 6721 688
18052 8290 42
3062 12351 422
11080 7405 882
3555 1822 189
18595 2409 150
4889 2813 666
12719 11831 150
15767 15767 49
17470 10517 684
2415 9383 315
4292 15249 651
9715 14189 431
5105 16627 688
3045 7270 751
17797 4250 189
11159 59 591
15566 8448 87
16008 11456 591
4441 4133 150
10195 13227 605
18321 1249 102
5257 17620 189
6353 813 49
5459 4540 189
15695 8093 189
11925 1980 93
15527 2362 241
2060 12648 189
12242 8091 747
10482 19017 315
753 3747 49
17679 11430 150
98 19428 392
9085 15429 150
17797 9842 189
705 11520 684
13875 6271 241
14748 17364 189
16995 15351 342
16273 5826 150
19652 3693 422
6220 7813 75
3916 5153 209
14637 10693 315
4384 2300 274
3368 19194 189
6755 5126 49
2060 6871 189
7931 2768 189
13986 7678 688
17044 13123 315
10299 17662 503
16962 4075 150
297 3092 761
11445 3534 510
10502 5758 368
11962 5032 128
6456 2679 315
5700 7984 688
14030 14580 688
12660 4089 609
10735 2575 747
15915 657 87
16555 12848 49
6265 2255 844
9426 16743 514
469 11353 510
3748 19520 601
13563 2343 805
12768 3882 591
3593 11241 688
14631 1408 166
14784 5261 189
3306 2887 150
8182 13803 189
7618 556 688
6512 3002 367
17457 2354 150
12335 10511 209
11066 7274 150
19380 417 150
9085 7262 150
10515 11673 367
1152 1038 189
17254 3001 150
11111 9765 567
17865 19443 503
8392 18886 345
1777 4152 556
17797 1612 189
14217 17643 422
3895 3778 189
4605 25 422
13577 17614 110
7981 3554 241
9352 5185 300
749 10741 189
5280 7320 150
9223 19009 248
5209 7659 87
4346 11594 102
8743 13227 87
7693 18877 189
8048 7209 189
6202 621 150
7884 15325 209
4498 6349 747
8043 12703 93
19376 5673 165
15675 5085 591
242 1219 66
18507 6595 422
12606 18190 179
12461 12178 150
12461 978 150
14657 11776 688
19373 2122 688
9870 768 503
6395 14752 454
15283 9745 422
16004 14673 49
19448 13714 684
7302 10725 49
12103 2463 805
2546 8625 805
7160 5907 315
10873 10358 0
3706 5347 241
19127 15964 209
16268 17811 514
18671 10707 150
10931 8418 544
7947 19471 93
9056 5290 509
15644 5501 315
19001 2395 189
5203 6932 672
2254 13222 315
5280 19477 805
1146 16306 241
10252 17920 315
7092 9848 805
18297 12178 805
15376 3554 241
12264 17752 684
16984 15474 692
6294 109 805
15662 614 345
4270 19303 747
9112 12501 510
5772 16264 49
