1350
13065 16555 703
17252 266 703
4434 3155 843
887 19495 97
7932 1741 155
1196 13117 270
15295 7307 299
1296 19646 10
9634 19650 97
7806 16528 10
12638 16337 486
13672 13283 843
19033 9052 17
12043 12811 486
13274 12831 10
9945 13846 3
15931 18390 10
6043 801 486
10076 18093 108
6993 17849 10
13572 14757 486
10645 3631 97
4508 11508 652
18135 15892 652
14300 19646 10
17525 9264 220
14285 11291 227
16633 17738 550
5881 14245 486
15181 9877 665
6539 19397 3
4940 18120 11
5623 709 701
12749 3446 764
934 13990 97
16067 4300 764
8070 8405 652
4336 181 576
18446 17710 242
5997 9052 576
13424 14837 576
12522 11343 11
17045 18594 703
17726 11449 195
10689 2889 652
11811 15993 471
6034 9356 703
13793 8318 22
13588 17561 648
18255 6189 778
17089 2752 299
5355 18075 703
15277 4327 703
2126 17738 550
11407 16214 819
16719 14549 778
5824 14729 701
14444 11572 3
16608 5064 270
14702 5840 155
2039 16983 486
1617 2343 270
17286 13535 843
17494 9624 155
12977 9700 296
17043 12446 652
19270 12446 652
2726 7739 687
10797 6894 155
15526 7598 195
12539 16104 3
6642 3491 652
15874 8933 270
10149 12007 386
2761 7872 652
19013 12831 10
7475 12831 10
4879 16902 703
7320 6817 652
14756 7269 647
1941 2888 3
11855 1297 398
17252 17052 703
11065 6474 97
12074 7396 652
3853 6054 641
17676 17318 817
2964 13978 652
18257 14870 424
14477 14904 576
1320 5042 270
19265 15949 17
14149 9318 553
19181 9390 3
11620 12831 10
5626 10549 486
16860 18464 531
4438 14122 270
3161 8286 270
13402 11348 647
10548 8199 270
15766 6054 641
16608 9792 703
17993 17738 550
16435 2098 486
15255 13336 486
344 1562 652
8739 18390 10
6043 13807 819
12520 14904 576
190 2939 576
17910 13150 486
14530 16983 486
7007 12446 652
4568 10363 220
18512 12061 155
670 11723 97
10535 16278 270
3311 10956 819
13070 18026 10
11431 13950 779
6748 14262 553
18033 19064 318
10958 542 242
16237 11508 652
1788 6054 641
10423 16582 270
10822 14826 97
14763 12331 819
13629 16388 155
15051 5317 614
7757 8760 475
8727 13721 195
4288 16104 3
16256 12339 531
1137 10955 703
1693 6089 191
3101 11570 270
11604 3519 652
4467 19650 97
15462 6054 641
12649 16600 155
64 11343 805
3183 12406 155
13400 5083 779
8911 12831 10
15415 10793 270
15348 11291 227
19387 17866 681
111 8041 97
11027 11527 703
15667 2280 10
14325 16179 843
355 18484 486
13302 17007 531
4099 12905 270
9992 18936 611
16613 15236 121
19265 3177 17
6737 9473 17
13075 16754 652
6002 11003 227
19379 12788 296
6527 16380 270
1128 14463 242
11750 8760 652
10746 11302 10
14690 7981 652
16470 18463 703
11091 14259 10
8600 6961 647
12361 13945 296
13543 12446 652
218 5453 450
16367 11011 703
4747 406 769
13601 12009 819
19014 17849 10
10645 17000 97
8296 7405 17
2235 19339 110
6097 3918 242
18589 8575 531
2360 13205 703
17639 11605 97
18109 5185 75
5529 7195 703
9547 18644 486
6043 12331 819
7628 3143 220
13815 13224 155
2577 14851 17
18780 9162 97
1240 8499 652
16232 12008 703
14702 17250 10
4226 13096 486
6757 4817 703
10654 10573 59
16796 14178 531
12579 13358 270
9187 8424 854
9970 505 531
19347 3134 576
18559 5299 3
8540 6416 299
18010 13778 703
3722 17112 639
13024 9282 647
19282 16337 486
18663 17826 821
14278 19258 256
14855 3920 576
19570 12974 703
17506 6005 195
8760 4454 183
14061 9425 10
2410 1687 3
2593 9411 619
8816 18227 652
10433 2179 819
16430 18114 843
2184 12553 648
12031 2474 764
9205 2675 662
8526 17280 97
1561 14372 296
3103 17050 819
3664 7292 703
9945 16702 531
6983 14263 647
10138 6054 641
7829 13990 703
5783 11162 703
18568 18113 242
19100 36 703
10291 2867 843
12707 10929 256
15046 17752 558
8566 17738 550
16120 4519 843
11126 11508 652
2837 18492 652
12005 16807 819
6883 6054 641
1498 13662 764
5000 10668 652
1818 17666 679
13595 7981 652
12803 542 242
16635 13066 97
13210 16292 183
12992 12446 652
8355 13937 97
962 2999 614
4408 18936 611
1186 16292 183
4357 18804 576
12175 1073 819
2233 4454 183
19025 17066 703
5802 709 701
2244 2565 110
16903 1502 155
4139 17052 703
19525 6005 195
9585 9473 687
8843 542 242
13594 9425 10
13832 15581 570
14885 6054 641
7478 11185 220
4927 13089 220
11060 2889 652
1972 7226 652
11336 1763 97
14808 11011 703
2154 12446 652
13346 9052 576
9058 6957 819
13184 3253 703
12069 16451 97
15619 6906 531
15370 12831 10
15788 9877 251
6670 12213 789
10107 8213 789
15362 12831 10
4160 11631 110
17252 266 97
101 8213 789
18044 6326 22
13152 6520 652
15382 7981 652
7111 10725 3
7928 19528 519
1925 11302 808
2516 8667 764
14366 15990 764
15062 406 769
15237 3568 652
9861 14339 687
5665 15785 486
3777 11302 10
13244 15949 17
12523 505 531
4509 2257 486
9623 5175 167
15249 6520 652
6974 17738 550
13427 14524 553
17770 8346 821
9450 1878 576
5984 12831 10
13516 10956 519
7901 6054 641
14975 2367 191
8836 18673 760
1068 114 652
19361 5060 576
18212 494 703
8068 2565 110
9046 14398 155
9357 11608 17
6419 4520 531
10324 36 703
12003 9119 531
15340 9473 46
8536 5060 576
1250 15492 648
17701 1250 46
5312 10551 97
14303 10577 652
16517 15508 270
14141 16398 110
6979 16934 687
2821 17752 558
12597 3464 97
15837 6005 195
13813 542 242
10303 18390 10
15705 7979 97
13234 11527 703
15788 1213 112
8223 16193 647
9385 2797 46
10433 2179 155
11573 17867 398
3400 2226 270
8559 4825 10
2402 11041 97
14825 6456 398
1350 12831 477
1107 18981 97
996 1628 17
1334 19646 576
16153 10575 519
18089 15966 486
17065 13780 703
18483 10973 819
221 11738 256
7211 542 242
7196 13339 3
4057 3378 486
18712 17666 679
16587 6729 296
7625 7314 821
13309 3515 363
15128 7003 486
2381 1501 647
9927 13300 10
19475 5509 576
18828 16528 10
6268 12446 652
18743 17468 819
12135 10001 760
11122 14988 486
18400 855 703
14597 6870 703
15679 540 614
17541 7414 531
13139 2820 607
3520 2236 48
3956 2079 576
14884 15112 703
16779 10553 703
9088 662 531
16792 12008 703
1105 17752 558
13745 13347 647
11491 6961 647
15606 7089 296
16893 17666 679
4630 3920 576
10171 10194 819
9796 14339 576
11964 6934 333
10183 6894 155
7141 16883 256
9568 604 486
1494 17666 679
16741 19646 402
11407 423 155
15799 10577 652
1914 18960 843
3756 2239 97
6301 16949 296
15053 9214 576
5391 19262 17
16816 15478 299
1759 5813 819
15351 6396 296
7721 6054 641
12857 18390 10
4868 13236 819
15372 4514 576
1182 11169 576
10658 10909 703
80 4790 134
7461 15402 242
13084 15310 270
8826 16336 703
13640 15473 486
5730 18491 486
18402 13893 97
15705 1499 97
2302 19408 531
15689 1763 97
1997 16388 155
2447 16156 10
2237 11508 652
4341 4766 764
8880 17666 679
13324 8760 652
18005 16855 764
6140 14904 673
12538 7491 652
7200 19055 531
14962 12061 220
16528 18378 687
14887 12831 10
12647 4954 270
14128 14729 701
14670 14729 701
3915 3975 703
14514 18534 220
16996 18223 332
1140 18491 662
5742 8535 819
5665 5386 242
3958 13982 155
14052 12446 652
7271 9109 3
10592 14904 576
8999 5690 764
16084 18113 242
16887 14463 242
18689 8223 843
17132 1084 155
17143 15330 486
11264 9119 531
12246 671 591
16486 18359 110
6830 9235 614
13394 19646 10
7434 17499 652
8812 369 10
18100 13872 703
18649 17195 687
7270 16857 576
13516 8346 363
11145 15236 121
8290 14082 819
13888 4188 3
1017 18098 398
6936 5284 685
7193 9321 155
12530 4454 183
16264 484 10
6921 18534 336
10004 6499 703
7242 19495 97
3831 9931 155
17630 4047 687
11159 4173 296
4454 15005 760
7736 3519 652
16260 17666 679
1263 9473 46
334 17347 703
13128 7598 195
6993 12587 819
12152 4967 531
1549 12067 779
14636 505 531
11197 2845 703
17572 14904 778
240 9498 270
11324 19380 703
14640 2420 220
12523 13721 141
11127 2832 843
11554 2889 652
2054 16289 805
1169 3920 17
2445 18008 486
11085 11527 703
12467 18762 75
12694 18075 703
15144 14163 632
8895 2390 155
14962 14420 648
5216 1697 242
6783 19646 10
11071 7916 486
12912 13150 486
872 14721 701
12568 11629 242
8403 9494 703
19631 13123 307
14196 16340 764
16654 135 576
1970 14093 242
4457 4229 3
436 7665 703
15372 11466 843
7428 8364 296
299 1496 296
15077 16918 17
143 12690 769
16402 6662 652
9993 16292 183
19564 13223 652
8050 14180 439
17889 15987 703
2659 11016 270
1437 4604 591
19408 13721 195
11010 2367 191
19432 13100 531
6811 2239 97
14602 17666 679
10966 8499 652
13429 4928 652
4701 9624 155
1617 6054 641
1904 2752 299
11439 10549 486
18529 13315 764
2796 18948 819
11428 6054 641
13626 3633 97
10284 15236 110
5989 6363 296
6888 8499 652
10797 3920 10
17555 7491 652
15366 5663 819
14222 7011 673
12273 8945 486
6932 2800 576
9628 1863 819
16760 19055 531
18122 16225 363
8886 3010 819
8096 5854 97
17768 11011 703
17580 17638 819
12409 11302 10
4931 9494 703
6473 6054 641
8597 10841 577
6893 17645 701
7205 8213 789
18949 5414 486
18212 6272 97
3491 18673 760
7264 17307 159
2599 8229 155
8837 8213 789
7940 15003 519
6932 8346 576
3606 10755 531
10040 7396 652
18977 12682 97
14052 12831 10
14160 345 270
7423 18932 819
14409 16391 3
1784 1630 764
14722 19650 97
1967 15892 652
9819 6318 10
2088 11393 296
15652 7998 97
8077 17849 576
630 6662 652
1669 17111 195
931 10175 864
12553 12340 701
12639 3344 687
18914 9500 296
8148 8964 576
16674 16949 296
7543 9107 473
10639 9620 647
13413 14339 701
12451 17052 703
38 8760 15
1957 17666 679
10209 9044 10
13519 8760 652
14119 16949 296
8059 18936 611
3654 2367 110
2120 9994 843
4547 1369 673
12333 2044 602
6256 19495 97
18210 15942 3
18142 6456 398
18641 2257 486
6135 10012 97
12131 13592 486
10180 19283 703
7143 71 59
6043 14459 23
16719 4766 764
17409 18936 611
9070 8180 778
12399 13219 486
8886 2365 10
5207 12192 819
7221 13080 576
1114 4921 97
11083 14565 270
12368 13778 703
8406 15981 648
18879 12160 703
11620 9517 576
10773 14933 805
8623 1521 10
5649 15966 486
13418 5380 97
3353 5904 648
2365 16841 687
6258 14178 531
6593 18113 242
931 1117 870
17910 7153 155
5616 12019 764
16471 3220 398
11401 16330 3
6630 2065 703
5452 6054 641
5627 18229 703
13253 8667 764
15086 5564 155
14240 11929 155
18672 16702 531
442 19495 97
9808 14336 819
6783 367 333
6021 8213 854
16274 1741 819
17506 5443 703
2592 8760 652
4098 17195 778
14918 2257 486
13219 1223 673
13478 12831 821
1018 8760 652
13894 17455 699
14612 5173 195
15437 7314 17
17517 1596 703
7125 11011 703
16997 6007 270
18160 15365 220
11822 6179 242
37 10411 819
9750 18821 703
15904 8710 486
2602 1355 398
3683 10110 703
11881 12974 703
4936 9669 673
7839 17847 10
1526 16955 159
13255 6290 701
16386 3568 652
15495 18075 703
4364 4742 576
9620 268 843
17622 8455 398
1049 6969 652
10529 1271 576
11024 15990 764
6378 657 155
13941 2845 220
6066 16665 652
11657 5197 701
18351 15919 17
17047 5453 450
5396 3755 10
14395 1687 3
14204 12751 701
14807 16949 296
6888 18020 652
7407 10766 703
1119 4045 10
10171 9879 647
2336 18464 531
3120 12459 849
9927 17666 679
14962 12061 155
12655 10114 242
14578 12059 10
4945 17666 679
15329 14286 270
14883 10184 819
16405 19387 687
14569 18007 681
9528 12970 576
14646 11415 576
726 12831 10
12442 17386 769
19294 19495 97
760 14227 687
8367 4170 647
10687 1629 3
7662 18762 23
6094 12339 531
16443 8515 843
19261 17448 652
4705 12951 48
9212 1742 648
7971 17849 817
13942 1828 819
16302 17724 652
17676 11302 817
15880 2934 242
15561 6054 641
16170 11087 10
3251 304 97
12616 14790 819
10532 13501 270
2567 16701 760
2778 8230 701
12694 11530 270
10295 6870 703
12800 16292 760
17606 3992 270
7096 13721 195
546 6616 652
10424 18890 703
15717 17666 679
12981 9503 843
16437 17769 186
16784 6777 778
231 18317 703
2540 14673 864
8380 18567 550
2051 19316 576
12835 17007 531
3094 17919 652
347 8896 270
15593 15303 687
7050 10060 843
16577 13327 270
6383 18669 652
16269 3920 576
12597 6499 703
16509 5286 17
18986 19495 97
2416 16605 652
17072 13080 687
16318 5203 155
16148 13953 220
15157 6005 195
2652 10755 531
1463 17168 3
1732 14676 220
5732 17849 817
10617 11393 296
13031 15133 270
1417 18359 110
15841 12819 703
2717 9425 10
2255 8229 155
10218 505 531
16533 8213 789
6377 10299 843
2792 2835 576
19081 6054 641
858 14003 647
5260 19495 97
13350 2775 819
12250 18359 110
16159 16485 486
11757 11893 97
10261 18190 270
17447 7822 270
5037 5407 486
2658 4990 703
5603 8499 652
10884 6290 576
5523 8684 685
17391 11379 843
17184 12172 276
13820 15672 270
7296 17723 296
12151 11709 548
4621 12339 531
16561 17512 195
10126 18359 110
13274 12831 402
15423 542 242
2068 8455 398
16827 9624 155
17692 2434 17
5166 14780 10
10683 3428 703
2202 13264 23
17060 3802 779
4201 6054 641
8968 4188 3
4546 13807 685
17604 16409 652
2954 13036 687
220 5573 673
12085 13096 486
18182 1763 97
5919 12831 10
2018 14201 647
5180 16528 10
12860 6054 641
16789 10001 760
16501 4970 652
18933 15742 242
15667 17666 679
7291 18223 576
9468 3992 270
16909 542 242
10844 13224 819
14785 4967 531
13181 12408 242
14626 15577 97
15635 2239 97
7565 14904 576
15485 16588 652
13764 12831 10
1895 2889 23
14201 17208 843
749 3756 270
18263 484 576
14036 19520 414
6187 11585 652
11715 3802 779
3177 71 59
3697 18981 703
8138 19646 576
3811 12880 17
19342 16499 220
3798 761 652
14292 18464 531
10072 9422 652
2822 11152 3
4826 10835 398
2291 6054 641
4336 307 843
12069 8764 703
13194 5224 531
6782 18098 398
17527 3215 10
3300 7855 703
6735 15553 819
18235 8160 652
6549 11888 486
18739 17500 843
18153 16612 424
2497 7003 486
1010 6383 819
6548 18936 611
14210 9624 155
13502 11048 819
17625 14339 576
13832 6290 570
17516 19495 97
2399 16398 110
7173 6290 46
13127 13721 141
15775 7074 703
13815 12952 576
18325 5259 3
9561 7210 245
8482 12831 10
3773 12885 97
9359 7463 576
10671 2534 652
5225 16588 652
14412 18143 17
575 13721 195
14550 16388 819
4233 341 270
3804 6054 641
8230 12617 22
7887 11588 439
8761 8176 674
15696 5591 652
6084 6005 195
6179 4791 486
8566 10465 673
725 8760 652
6237 3926 3
6411 19495 97
15185 19495 97
10959 22 576
459 9052 46
8199 1898 703
4936 18721 673
714 10095 296
9746 505 531
1560 14310 843
9154 7618 673
200 6290 576
17392 6347 687
4613 507 10
3938 19505 652
8138 19646 817
2103 10971 318
19250 1077 819
1113 11393 296
17479 17666 679
13669 12446 652
3431 17280 97
4002 9993 819
12349 12831 10
14744 969 398
5003 13887 703
11061 18419 333
10155 7981 652
14346 6054 641
8744 2800 576
17370 6470 652
3314 4113 703
1305 6064 270
7225 11608 576
9815 2239 97
5368 11857 648
14716 1573 333
7781 17453 652
1347 19646 10
11366 6111 602
3973 18464 531
18559 14178 531
18120 11343 439
11074 12008 703
17990 3618 638
7009 2933 819
2803 14339 576
15788 8760 652
9053 12972 685
3343 7279 270
1856 22 576
2314 10929 256
7686 12831 10
1655 6054 641
17091 9052 17
8968 17007 531
6098 14398 819
4797 12831 10
6646 9737 97
6636 5214 843
7226 10001 760
18191 18167 3
3041 1250 576
12171 11302 10
18637 11302 10
9689 7089 296
8411 12831 10
6898 18669 652
13933 6616 652
3737 19646 10
17710 10194 220
6464 905 602
1083 17007 531
16984 12831 10
13404 14527 446
825 3053 652
15782 3446 155
3958 2632 486
2487 9624 155
2982 13592 486
17992 5541 819
872 16266 652
2975 11218 647
17749 17623 652
3251 1436 270
19567 11059 677
14581 18225 97
17404 14206 652
10677 7153 155
5439 15014 819
3378 2096 673
13741 9540 652
314 6054 641
3210 3053 652
10958 10136 155
15856 18464 531
15167 11527 703
2177 3046 648
482 6163 121
18018 2783 242
8207 16535 10
6625 2832 242
16575 18981 703
5713 12025 270
8856 18936 611
7442 8006 220
8707 16361 97
14943 6854 673
18636 2845 703
7418 11444 519
6002 6029 227
12470 13938 819
3440 11011 703
239 3587 652
10802 17154 155
19090 12831 10
9951 1084 155
18527 19127 296
10972 13950 779
8335 10194 220
10851 19200 486
14002 4367 3
10776 18825 10
8077 13830 220
17466 19251 270
2402 6385 270
13390 6054 641
3760 230 531
15662 13053 270
5761 8760 652
9046 14624 819
12752 10184 155
13313 14302 10
5824 13091 819
17942 15112 703
1847 9164 97
13519 2363 652
2804 9259 155
1249 6400 652
18916 4520 46
5774 11260 819
11368 2367 110
10527 9506 155
2488 17504 652
3832 12895 659
18020 18176 674
15933 19262 576
15270 1920 647
10358 427 647
2858 10417 450
7387 6344 270
2017 16344 647
3269 324 576
4352 9473 673
11998 4149 576
13281 13592 486
9426 1250 17
15722 12446 652
6593 1057 648
1937 19495 97
382 2367 110
12281 7405 673
12627 6906 531
574 11059 320
4821 5241 220
12328 10040 576
5435 3571 701
11244 2257 486
9090 13982 155
16321 17570 270
10300 1250 17
8728 6616 652
15309 15219 296
19086 641 819
5112 6054 641
483 11648 3
14243 16528 10
16230 6616 652
10550 556 819
4860 16702 531
14539 6763 652
18802 540 614
19547 6005 195
14345 13596 703
18352 12831 576
7007 11508 652
10021 1836 703
17524 1355 398
9752 17810 97
10552 10110 703
8913 6969 652
8579 2832 242
546 2363 652
5519 5046 764
12393 81 220
7923 542 242
1056 6551 486
6079 16736 673
5257 1123 242
8361 9696 23
8894 4984 11
3956 12831 576
9703 18359 191
9832 4520 17
9568 7186 486
15094 12980 778
13279 13300 10
19120 14362 97
489 14708 10
10365 12788 296
8101 2786 242
11957 13721 195
18804 14974 652
8913 3568 652
16002 18390 10
16994 6719 652
50 19449 652
15135 1383 764
2196 8667 764
2797 5827 59
3891 3253 703
7003 19433 531
10729 12831 10
6923 6054 641
14355 19413 256
11504 9560 303
2832 2968 647
6665 11660 3
8807 12831 10
623 7782 10
13933 14354 652
7283 14339 576
7806 6520 652
18865 11527 703
2448 6272 97
18423 12909 97
1224 230 531
3288 14217 749
9736 2065 97
6016 17345 647
19366 17574 602
14864 983 638
8979 6054 641
19580 6662 652
7281 10139 296
13838 16876 652
18490 770 845
1444 8213 854
13637 10766 703
19363 14139 155
3629 11740 195
14152 10877 270
9247 1447 843
5400 2367 110
5869 16385 819
8936 2861 155
1826 1736 819
4498 19646 576
1620 14904 576
2017 13240 256
3596 9877 652
18256 8558 819
4987 19501 296
15782 16388 819
16386 17666 902
14050 1223 17
13819 7819 17
19052 12446 652
12936 11415 673
12616 6179 242
691 16930 333
9803 5771 703
16954 16528 10
2836 9357 652
4784 18936 611
1901 6006 648
9402 542 647
18715 6054 641
9913 11011 703
5503 19249 703
5180 16857 576
11252 11415 673
2178 5824 843
10772 15125 843
5561 465 648
10865 5975 17
19226 4194 110
12195 18521 296
3874 15479 652
12055 13721 10
2649 3391 805
11932 19120 424
13198 1763 97
12253 16388 819
6468 7959 764
8468 19339 110
7641 1117 870
4025 7874 296
15 4031 673
248 540 614
7810 18682 333
16483 4717 703
5318 13721 195
13493 6089 110
10326 17738 550
8543 7318 647
16045 7399 155
12259 13982 155
2017 14989 843
16535 15958 726
259 8499 652
12445 10473 703
2913 3576 97
18184 10651 296
1582 17168 3
12123 11660 3
19414 11207 703
7822 15987 97
14794 3358 155
2739 3631 703
8277 6657 819
11240 19495 97
12855 11888 486
4287 41 652
2204 12394 652
15758 18335 703
8360 7855 703
15087 16955 159
17642 16041 687
15250 16480 576
14700 7089 296
2690 7981 652
10690 19262 576
11553 11011 703
8717 2065 703
2751 507 10
2101 12682 97
3393 17666 679
17916 18936 611
582 1843 296
9712 3005 648
3821 104 576
1525 16538 789
11995 11508 652
12960 12831 817
8748 8760 652
3697 15164 270
3392 15895 647
1590 17720 652
17043 9265 701
8218 1208 97
1995 11449 195
12332 3381 23
9675 6005 195
15436 11731 97
13524 18521 296
16922 15949 576
7167 1061 155
15421 15342 703
14418 17211 318
6805 12446 652
19119 6005 195
6276 19646 10
9568 17666 679
10071 13721 141
7819 7562 531
5661 5724 270
7696 4241 685
14040 6804 778
11274 13626 270
15012 9259 819
14018 16958 155
147 6314 10
2443 6714 511
13331 799 703
9802 2380 845
8388 1077 155
10630 13100 531
37 17640 378
11463 8351 296
2993 17000 97
18658 13953 220
7222 17248 486
12091 10139 296
8970 16225 10
19277 16973 843
14037 9192 703
9322 2939 687
10501 1355 398
1664 18878 108
8029 3154 10
4645 12446 652
18323 4020 424
18106 11302 10
2720 8124 299
15997 16767 296
10337 1193 673
6739 1832 97
4533 570 97
4212 6551 486
6860 12831 10
11687 12831 576
18039 11449 195
11222 17666 679
566 9491 373
348 11962 703
779 1828 819
6852 14372 296
5657 7169 486
16791 14339 576
19588 836 486
10638 16830 220
2175 15036 652
6345 12360 685
5655 17455 819
6011 8704 576
12593 3631 703
16956 19055 531
5792 12339 531
15657 12446 652
19593 17738 550
7117 17425 843
17121 19646 576
15181 8760 822
11089 19646 10
12514 3388 652
1623 13659 59
9002 7598 195
5180 14093 242
2923 16884 652
11284 1863 819
14087 8213 789
8026 19646 10
706 6054 641
7384 4967 531
15753 19380 703
