2463
14583 16438 430
18658 19504 496
15583 14561 284
576 18494 577
9128 17163 2
17390 11408 284
1907 6905 196
9823 19236 196
5059 8381 120
14915 18484 163
3907 9086 437
12226 5997 166
5548 16172 166
14526 16147 75
11588 4656 196
16769 15128 809
7172 15128 809
14930 1858 878
3854 6957 75
2681 18274 419
13015 17125 196
2425 13376 522
10059 6744 166
15257 11769 196
16375 6915 2
12238 19183 872
16626 18088 510
14225 2526 120
10939 3401 730
15213 896 2
16776 552 2
12704 17123 692
15757 3630 120
2491 18142 773
9436 3483 284
13431 761 120
5393 10931 2
18172 18459 872
16387 2577 387
15005 13098 791
3834 12290 478
15213 16628 2
17285 552 724
4126 9384 284
10976 8628 120
7867 487 773
16110 14857 120
14372 18815 196
16294 10870 649
654 14779 2
7781 17976 446
14034 7369 510
5144 2791 75
17071 17777 2
15783 1576 791
2920 6915 2
14153 18532 809
11802 11245 809
9471 12182 773
8304 13950 166
7192 2068 218
7907 6751 2
13776 2323 380
9128 12587 2
10877 5422 325
17743 19193 764
13458 12069 196
4976 10102 724
18257 5874 780
1970 2774 758
32 3270 196
5997 10951 649
4004 506 872
3214 18786 649
8414 11183 2
2484 133 166
8319 6645 2
16644 13533 437
2803 12069 196
14945 723 839
4157 8391 839
12129 12698 196
432 12874 142
11579 8381 120
12301 13444 780
8142 6527 166
18004 19366 369
5441 18273 437
5839 609 872
4948 12633 530
6127 3285 706
16677 17724 2
5024 3720 2
10839 12555 773
16054 354 888
10341 13159 706
8293 17764 791
19254 4093 780
11651 2881 2
4641 2000 649
11663 2479 530
18416 19196 649
2049 5997 166
12131 14577 284
15640 924 706
8728 17026 656
14322 552 525
16769 3050 809
2232 5971 656
3082 15654 276
3744 310 724
6982 8029 120
5797 17248 75
10535 415 166
6887 14679 284
17555 15556 196
1500 4582 272
17084 18879 530
10702 10225 839
14488 8617 145
16744 4644 2
2608 9155 724
7124 6868 166
17757 2281 773
4507 7806 35
800 6912 196
10732 624 2
8917 429 496
12540 5903 272
19364 12587 2
2178 7840 656
19230 9155 2
93 13454 734
18735 3579 627
5046 1795 380
18110 10579 166
13509 18232 2
5104 16393 2
3268 8138 773
843 15171 196
2690 779 724
15099 5689 2
7712 9138 872
15992 12587 2
15734 14127 196
524 12841 773
18414 896 2
12826 5544 380
119 3076 872
13753 552 724
8340 13911 872
19380 6251 365
15860 8003 196
18881 8722 166
11603 10535 166
17960 8427 182
174 4661 506
851 2690 2
14163 10768 2
11198 13131 365
3698 3178 2
4416 16628 2
6799 7293 872
5300 3948 284
13736 13222 196
6644 1935 430
16294 11450 120
5283 14323 39
17509 4076 280
17005 18484 163
6228 8427 182
6528 875 2
16019 12587 2
18413 16013 773
11557 19636 478
8380 12587 2
6492 13510 724
10195 10881 166
684 162 900
12133 3720 2
1469 3050 325
693 8469 75
18924 10608 734
9721 3055 2
13427 16870 365
6510 12995 2
5993 14462 734
3117 2200 166
3356 16742 773
11146 12735 166
18110 9457 166
6088 1114 872
7070 7840 872
9443 9290 518
8702 7347 872
19177 1559 706
4721 15563 773
15738 8840 877
4250 10910 35
16739 18118 166
4624 17258 284
6692 3583 780
13008 728 872
13060 11183 2
6622 14508 166
13673 19401 2
9664 3229 120
15161 892 656
9753 12756 734
4345 38 2
13357 1700 780
14779 19350 274
3474 17264 120
14115 14322 2
12862 7186 773
17713 171 196
17560 2954 166
6885 624 2
11863 5225 839
297 6915 2
16059 11457 503
15983 15615 196
11811 5383 75
18841 5306 200
4803 5661 380
5629 2403 758
15940 10252 196
1394 5537 773
14542 11843 2
960 18164 478
17091 10767 365
5791 960 280
2089 18687 764
16307 8103 120
11907 6905 196
3356 9415 773
7432 5499 888
1325 5193 724
3107 2577 872
11603 2347 166
6858 15007 2
14522 5606 706
10935 15271 166
4779 17509 478
8663 12587 2
15273 17523 163
11647 15518 274
7671 17258 284
9183 3759 618
2042 369 196
7095 16228 166
11724 3846 196
851 6184 884
8167 13759 196
18165 16420 446
70 18856 2
9905 19441 758
15696 18660 166
15063 4731 839
6887 19505 284
14679 16800 872
13330 14308 166
10364 624 2
4421 3920 75
14117 8003 196
14537 14728 2
711 7539 166
10746 8463 166
9956 2328 365
19092 8664 2
7299 3435 120
15740 7770 780
12203 18742 763
7571 2223 39
8831 17523 163
16499 16450 525
9050 19100 644
1275 8029 120
8769 3080 2
6915 12846 525
6498 10100 478
17266 19350 2
9931 3229 120
14197 2323 380
174 5267 365
1785 2245 773
4822 4585 706
2833 16628 2
18984 3313 365
8572 508 196
15748 3790 284
5200 7709 120
16096 8029 120
133 17690 166
9604 2577 872
8651 13986 810
9146 14779 2
19164 9009 2
8297 14101 166
10845 4617 284
1561 6645 2
12274 8334 888
552 16179 274
11007 16360 120
12633 6135 780
12600 8211 872
13253 1166 706
19498 11967 2
443 18273 284
13967 954 773
19560 16628 724
6384 16360 120
960 18947 478
16110 8425 166
8303 18532 325
17944 12498 503
1077 3703 75
838 1282 649
17091 4000 365
6644 11329 120
17559 2508 884
18742 12203 780
12419 5548 166
7015 619 196
7942 5314 120
3132 6437 872
17710 14452 872
3194 3000 248
8869 17576 75
3520 12987 780
16283 12818 120
18080 14982 734
16116 12544 706
1936 11913 120
2390 18186 344
12131 11779 656
11212 4887 430
13950 7893 629
5661 9503 634
1495 11059 806
13943 14144 791
10061 8977 2
16004 14352 196
14522 1724 365
2769 875 2
6982 10951 649
15155 14912 284
3650 369 196
5684 16179 2
19074 9638 196
8664 18635 248
17624 12069 196
3780 13622 196
4359 8108 75
5863 1741 75
4508 12214 166
17725 12587 2
14637 12857 773
133 11935 166
13797 18574 2
7332 16628 2
4658 5199 764
826 4508 166
4597 17163 2
9805 10536 839
4896 9012 437
1355 17876 867
8963 1092 2
4349 19583 773
8146 2386 839
3353 13976 2
17207 2274 525
19029 13521 380
11646 12587 2
10787 16628 2
13427 11573 365
18594 16478 649
1095 13188 734
14989 7095 166
13636 12587 2
19177 15858 706
9900 6751 2
16508 875 2
10052 12031 773
9087 14986 706
7745 7840 872
364 1292 380
595 14196 884
13879 17719 634
15477 16617 780
17122 7186 773
9971 1739 634
16871 16421 2
13895 394 2
8018 13491 120
13432 8700 120
10405 4976 2
8509 9646 649
16038 6915 2
1087 12995 2
4653 10579 166
13869 17084 530
4612 16463 120
14508 2526 120
5255 15007 2
19296 6591 196
715 9010 773
6449 8203 875
8849 8620 120
1492 6499 706
7146 16400 75
3268 17850 773
17500 624 2
10385 3790 695
7584 9211 163
12092 875 2
3941 6989 634
5390 3435 120
10748 9700 365
887 19047 349
3545 12975 780
15421 14779 2
15290 4945 839
5400 10349 773
14624 2322 758
12587 18856 724
3218 4617 284
322 18533 196
8363 10102 2
5689 5977 274
14775 10768 2
4983 7645 773
18957 14728 2
5248 6751 2
15749 13037 872
12855 2234 634
17825 779 2
5107 2929 284
12540 17106 272
2125 14469 284
4203 17984 2
11227 16119 166
8664 18232 274
13567 19236 196
6729 3080 2
12421 6905 196
12319 1100 196
14951 12587 2
18744 13515 75
11848 6519 260
3586 875 2
13074 5890 2
12432 3877 280
18331 16684 280
11198 5759 706
1612 14171 764
2778 13991 649
18599 310 2
14562 4559 325
15834 13379 430
9956 2647 365
604 3124 166
14087 2510 166
14303 7823 2
4917 7374 734
3104 13613 577
5705 17871 634
10864 18670 872
2954 4422 120
3142 17536 734
16413 2791 75
9406 18856 2
4423 17228 437
18849 8103 120
475 2866 365
8834 5792 120
9558 19251 166
11360 16628 2
16274 11098 284
1464 2214 2
9965 5738 872
4168 17727 284
6604 6151 2
11026 6645 2
19547 4223 120
12722 5702 503
11993 171 196
3422 3209 706
17952 10768 2
15425 19064 884
3688 19562 166
479 2439 196
12067 12033 2
13466 14349 629
1777 15518 2
2723 6822 166
777 896 2
4397 15696 430
4214 13585 166
2310 6823 872
6127 4653 706
9165 18326 634
10708 2323 380
13432 16438 166
11115 19338 39
12374 17916 166
7707 2609 780
6644 6403 120
15786 78 656
15007 15164 724
4090 7816 196
9562 6454 634
8183 18856 2
9174 6905 196
5624 11563 39
3922 7883 280
12891 12319 884
3005 9026 791
3422 4583 706
6036 9577 166
8234 4466 136
1011 11267 634
10746 14137 166
13207 7601 884
11199 14779 2
4960 14950 884
1439 6638 284
9625 18532 325
11997 14245 875
4015 19349 780
19280 9220 872
9689 3405 734
18660 18538 166
3345 3055 2
10839 18188 272
6977 12033 2
6899 7840 656
12431 6645 2
8891 1092 2
10595 4797 872
18974 18815 196
2741 6915 2
19325 4752 196
4617 8977 2
16987 9989 75
7397 3710 734
1922 16127 780
13432 7299 166
13804 8003 196
6150 8664 2
776 18574 2
18412 7840 656
6179 9572 2
10033 17555 284
16963 17472 530
10295 6488 791
1467 18103 122
7687 896 2
14493 2441 872
536 900 196
8423 6645 2
15757 10602 166
4577 9182 785
8246 8664 2
177 18693 649
8232 17572 365
1932 6926 478
10755 4644 2
10064 892 656
7225 18072 791
16916 18909 872
14067 6459 872
15282 8992 773
10386 238 706
5183 1212 872
796 13474 478
14505 16785 734
16532 7046 196
4927 4527 780
15486 1862 780
15490 8530 280
12308 9898 365
12396 6915 2
17011 11196 142
12324 17766 111
13509 12069 196
1350 1412 2
8014 14074 773
5000 1795 380
11570 13474 280
14372 6317 2
5879 18815 196
10574 1559 166
16272 8067 196
893 16326 284
19391 2694 166
12662 5986 764
174 10919 706
6828 17777 2
11883 3116 196
11848 9460 260
2558 4553 791
2105 3899 248
19424 11531 773
17949 7535 166
17998 15128 325
11479 13610 530
703 3846 196
2214 805 724
566 14449 284
9509 12587 2
17714 6878 730
14421 10013 773
5122 13114 791
7237 5455 39
12242 2523 200
8839 12751 773
8158 4269 780
18700 14137 166
15834 11141 120
5456 18232 2
12419 13991 649
4755 624 724
8325 15311 430
13928 4825 75
13054 18484 163
14338 16433 120
2958 3055 2
15763 16421 724
3199 6645 2
15681 12265 654
8771 9809 39
2939 11078 34
2333 892 656
347 6392 75
9561 5861 166
174 8335 365
9414 11179 196
16096 924 166
552 3295 724
19474 1434 196
15109 8739 692
14884 12909 724
1397 7831 780
12315 5689 2
18433 17749 196
13983 19193 764
18403 552 2
8323 18856 2
8402 7966 120
6879 8263 780
12539 896 2
3698 5393 284
6813 17764 791
16119 18881 166
7248 1900 780
13305 624 2
6862 6178 577
9533 15796 478
8843 15171 196
1752 12818 120
10225 14249 515
18769 11965 75
2426 3939 872
7987 3435 120
12602 18574 2
363 15387 419
3990 4752 196
3917 7388 120
5330 6645 2
4307 12166 166
10981 9155 2
7845 508 196
14145 7748 724
2673 379 142
19380 13128 166
15116 3116 196
18689 19401 2
588 896 2
8802 7031 75
13379 2723 166
13521 17758 634
19273 14812 166
16779 3116 196
1711 7840 656
2588 18301 2
18015 7470 724
7658 12102 166
9109 18784 839
15005 5977 2
12616 17163 2
4837 13611 634
1464 9645 196
10307 171 196
7159 6905 196
15001 11097 734
19240 13491 120
960 15209 478
9515 14606 734
2804 2095 196
14267 17984 274
17509 3922 478
13011 7046 196
16880 11769 196
9540 16628 2
18738 17163 2
16240 15214 780
13274 1095 734
7297 12205 734
6848 6638 284
14718 17094 166
4917 2372 734
11249 16542 276
10186 5977 2
5968 10776 773
17146 4093 780
1606 13035 196
12551 15327 2
8918 723 839
16578 18142 773
885 609 872
3049 6488 284
18879 4293 75
12891 2168 2
10646 8067 196
1243 16179 2
16854 9244 791
5390 13431 166
14758 552 2
7350 9614 380
1121 3897 734
10263 4944 584
13538 9155 2
12884 18532 809
4835 3846 196
4276 5489 763
4065 4223 120
7352 18291 584
16291 6645 2
4214 519 166
7298 16013 773
11392 624 2
7612 10497 196
5438 8762 280
16854 8226 196
13984 6645 2
14055 1222 260
13860 8610 166
11882 16833 166
17553 4526 75
5043 896 2
10682 609 872
12966 17038 872
7461 4659 75
5452 4631 75
6622 14981 166
11212 1954 430
11153 16982 35
6506 12116 196
10341 8752 706
11119 6822 166
16912 12261 478
9406 4644 2
5122 13114 284
4103 10163 284
17303 12995 2
8311 12587 2
5609 4305 780
878 7374 734
18959 10089 577
16485 6882 73
7457 7956 584
17726 9275 75
12348 17521 872
12559 6841 196
6411 16814 839
19591 11019 888
1591 18532 325
8893 19515 872
1186 3050 325
2192 4644 2
16690 6905 196
8740 18906 785
2593 609 872
18521 2394 634
133 5314 120
8425 5209 120
16838 17749 196
3625 7046 196
2721 82 773
19488 11843 2
15771 2736 365
2589 4752 196
12226 13469 120
3259 4759 577
5595 15751 872
12836 1845 729
16313 10611 764
5558 10390 809
10913 14262 370
2766 15933 166
8933 12031 773
13398 429 496
18994 11019 888
6263 13082 284
14908 11245 809
8470 6915 2
8232 8827 706
16911 15677 2
18405 18232 2
5948 17250 75
11419 14245 872
1484 10931 2
103 624 2
711 3258 166
3853 6202 39
16786 4180 166
8297 6126 120
15801 12699 75
15271 2526 120
13223 12182 773
6973 16628 2
12987 8139 75
2812 15097 166
3016 19320 503
19376 16628 2
12676 1739 634
7281 6225 872
5761 3329 196
4354 16822 75
6678 2000 649
11941 13037 248
6644 18881 166
14338 3811 166
2682 8205 884
19161 937 773
6575 2523 200
13515 7045 780
14193 728 629
4627 7417 503
13500 14423 401
18238 8628 120
12098 1813 430
5078 6783 773
11035 11913 120
6140 4287 284
3460 18326 634
19268 952 75
3546 7342 75
15974 18217 430
14242 349 706
17155 10582 166
19656 16157 656
14347 508 196
15950 1813 430
3596 10579 166
8018 8620 120
12744 4177 120
430 19401 2
16854 4656 196
14757 6220 419
6918 15048 649
1318 8018 166
9570 2881 2
4450 7288 764
16119 14636 166
8302 19553 196
9730 12069 196
7730 10935 166
10869 13354 419
18373 18232 2
12903 369 196
17765 6728 75
18509 8979 780
13722 8308 2
12997 12041 142
6170 3063 75
15640 1264 365
5622 1493 75
10535 8292 166
6611 16628 2
16567 624 2
8509 3376 120
15869 18819 496
4405 16053 884
4976 9155 724
14100 1299 120
3472 17225 764
4483 8136 872
14447 1795 380
9390 10976 166
12847 13696 75
15371 10044 280
4206 19321 706
17303 9155 2
960 5770 478
3440 718 839
8750 16628 2
12927 18271 2
10918 5203 196
12895 7000 763
8885 19236 196
10901 18166 284
14811 12587 2
566 2827 196
9036 11769 196
18663 16013 773
7470 7122 274
7174 14397 780
7354 12873 196
1533 2981 656
9404 4821 654
12445 9955 872
8834 2377 120
1502 6488 791
5672 17290 163
15574 12587 2
8526 920 2
10734 18484 163
3477 17550 387
14264 14779 2
10924 19236 196
11647 11876 248
14364 15415 584
6064 3230 634
15209 11684 478
15598 8844 75
475 5997 706
14613 13911 872
8920 552 2
11430 728 872
12980 18533 196
18340 11963 430
11891 19316 764
4907 11667 724
1239 4926 764
1208 283 884
21 690 764
14424 18066 166
8413 2577 872
10632 3674 872
8375 552 724
18847 6905 196
7390 998 166
13417 3720 2
14164 896 2
16784 10378 780
19235 12182 857
13950 19608 166
18243 5466 276
11800 3561 872
8278 8759 166
19388 11471 773
8959 2087 196
18165 4644 2
13980 9639 734
2779 12587 2
16421 10102 274
11187 14138 2
10797 17617 878
2450 11534 163
1454 18635 872
9597 14986 857
6724 9955 872
2939 15922 34
689 1746 166
12607 2110 649
15704 17749 196
15710 10628 773
9577 2924 166
12497 19553 196
793 8980 734
19452 15006 39
4050 14779 2
18831 805 2
17238 10682 446
11604 6282 503
1927 9155 2
17419 5410 2
7172 15128 325
8212 19291 2
6877 12802 763
14233 10631 166
14233 133 166
17226 19401 2
10890 14590 773
7177 6751 2
5161 1447 577
18785 18815 196
10252 19350 2
9695 3068 120
5175 5488 284
16913 9366 780
5414 4680 706
8146 15029 839
11198 838 706
1891 17038 872
11270 7533 166
11347 18243 120
11883 171 196
17688 14777 120
16393 14138 724
6231 11292 166
10341 8335 365
11738 8100 734
6893 9802 734
8064 483 791
19273 1123 166
9165 6989 634
10380 7192 706
4674 2323 328
3766 12587 2
19392 643 196
12037 1434 196
10901 3790 284
2510 8687 166
8518 16525 163
18413 10510 773
11616 6068 764
2098 19504 496
8883 10218 734
7801 3596 166
9971 9678 634
12939 15677 2
5745 7764 75
15049 3124 166
14747 7816 196
9026 19370 2
18241 4431 598
18698 7485 424
14463 18187 120
3843 4913 280
11017 553 369
13105 19594 35
13432 17721 166
14778 18574 2
4795 6751 2
2722 9173 75
10378 16784 764
3978 11654 2
15932 11232 35
18474 18773 649
8563 720 764
6691 875 2
8278 11938 120
2036 14779 2
12239 875 2
4936 1758 734
2033 6915 2
7209 5796 166
174 18849 706
1559 16659 166
10059 11261 120
4554 15062 2
8097 4093 780
5907 18440 791
4644 19401 724
12850 17830 196
8773 3426 75
16110 13892 430
18766 875 2
5876 19380 166
15311 2526 120
15425 9067 284
6245 16013 857
3422 7513 706
18128 12995 2
6394 6300 276
2578 9535 2
17949 7833 649
14061 19553 196
1951 11510 163
14669 3285 706
10727 166 478
4591 13705 773
2687 5873 2
1615 181 166
12143 10535 706
11706 3665 2
6860 6018 284
9134 12346 75
8613 17290 163
1565 144 773
383 12587 2
10925 15677 724
2957 15618 734
5019 3899 629
7492 11469 872
363 4001 419
8834 1849 120
10571 4644 2
17287 4257 419
12669 1973 478
16161 17372 503
2213 9259 39
10386 728 872
15899 3463 163
8212 350 872
17219 19553 196
6697 16628 2
5414 19611 773
359 82 773
11250 17026 248
2274 5811 274
7948 9695 166
8752 11603 166
6469 12386 764
5699 14159 75
19106 18450 734
12499 6671 276
5269 1782 503
15640 7717 506
539 5544 380
748 11399 75
9792 10342 649
14145 13037 248
15530 805 2
18238 15426 166
6765 16470 773
6396 8883 734
18931 4370 649
2615 2827 196
9437 16879 872
12710 17830 196
12086 12573 577
7250 12167 867
11250 6886 724
12142 18788 791
7401 11019 888
14579 7122 2
17067 8075 166
4093 18744 75
8337 12033 2
18892 6001 780
18533 624 2
10746 3678 120
11082 15565 32
16707 14591 369
16189 16948 430
18438 12399 478
15420 8592 773
12906 5062 773
15037 19395 872
5200 8191 166
17903 2404 75
5932 9347 75
5379 12033 2
2866 10977 777
9933 12033 2
9515 6233 201
632 2032 773
3837 12069 196
12810 9155 2
7049 12102 166
5863 3703 75
3414 17977 872
12102 16294 166
14067 12300 780
17405 6912 196
5629 2774 758
7747 16470 773
19240 2910 166
16048 17984 2
12528 9426 839
4534 16283 166
3919 13231 365
15561 7046 196
38 6908 724
993 3661 39
16790 12587 2
16697 13622 196
9721 11842 872
4404 12884 629
15238 18856 2
18655 3295 724
19580 6282 503
4253 12975 780
11751 18856 2
16932 12587 2
10410 18941 872
6644 16951 120
4046 4752 196
430 7823 2
12735 18051 120
16845 5261 627
3703 18182 39
1957 16588 35
16736 7665 419
14114 18669 872
8220 11179 196
9300 12359 872
8214 11791 872
7737 3952 274
16820 15556 196
8788 9394 791
19315 17163 2
2435 9611 758
14162 17015 791
17626 15311 166
7544 11419 884
6638 12995 2
8233 4351 75
3107 6645 2
18912 16525 163
1629 609 248
14828 5757 380
9830 5113 2
3178 4543 248
893 10009 437
17294 17509 280
4534 7801 166
17577 6605 791
3389 3562 780
4199 3650 584
3721 16628 2
13431 11261 120
3595 15039 692
11353 302 196
1055 4214 706
921 3116 196
5398 6751 2
2396 7250 867
2331 8865 734
6350 17074 872
16420 15556 196
6530 17015 791
12939 12033 2
3877 9286 280
10997 10631 166
7934 8164 584
2448 4324 276
9473 16179 2
3095 2890 446
14138 15164 724
2562 10768 2
2382 8067 196
11058 3674 872
18066 5007 120
8075 11938 120
3857 5200 166
7143 6645 2
11795 3925 2
4276 2170 763
11971 17576 75
5953 6915 2
15628 12182 773
18947 7883 280
4165 369 196
15675 6751 2
11570 19353 280
18514 3150 878
18908 10630 724
10410 11851 75
15221 5544 380
7049 6745 166
7563 16664 200
6872 707 166
9515 11784 734
8023 3178 2
5116 10801 166
4315 8628 120
174 12326 365
5051 18175 75
3562 15289 763
10072 7046 196
15027 8749 120
14247 12846 2
8380 13181 284
16152 896 2
4814 3152 365
167 19553 196
15770 8437 75
17919 4676 365
10397 1092 2
13205 6915 2
6004 17510 875
14989 3251 120
18416 16585 120
1275 1027 120
9165 6726 634
17475 1338 695
478 18581 2
18408 18574 2
4656 16628 2
10195 1619 166
6771 19553 196
17049 5562 872
8252 17085 872
12935 6527 166
18849 11603 166
19003 9448 2
13515 5080 75
9927 12069 196
16659 1005 120
1679 14638 75
7332 12587 2
1934 6751 2
9002 12587 2
14942 19236 196
16655 9443 248
13224 13012 39
18689 875 2
10613 624 2
14684 17290 163
13844 3116 196
15165 10939 780
17993 15385 734
3394 4752 196
13941 17777 2
11545 8983 872
4336 10320 634
10239 1528 706
15533 18301 2
7411 4863 75
19160 624 2
16707 15377 369
14656 14450 75
12421 3665 2
2658 17777 2
3802 728 872
8703 9206 780
18355 2241 780
15662 8003 196
11424 8138 773
11359 10335 380
8008 12587 2
2390 5692 344
1318 11426 120
14042 3376 120
9197 13595 888
3800 11769 284
6622 3646 166
1500 12902 272
9385 648 2
14466 19340 773
7285 18142 857
18175 16641 39
6626 4768 872
14522 6351 706
18856 6886 724
16190 7347 872
8913 10157 120
12808 2577 872
16629 16179 2
3829 18815 196
1923 15677 2
7722 15807 142
2833 18232 2
3504 12846 2
4612 6403 120
10417 14345 872
9131 8710 510
6876 12587 2
10621 19236 196
3911 4755 2
6762 394 2
2105 779 724
7302 4754 2
17333 3596 166
10850 4333 325
19649 2323 380
13132 11570 280
10980 2128 764
7802 13622 196
13892 13829 166
15696 19327 166
1524 3520 780
15345 16294 166
8509 12636 166
3583 2128 764
6317 12033 724
7285 11056 857
413 15002 325
4323 13558 325
1056 11877 75
13956 7650 2
14669 4000 365
13631 369 196
9906 16217 365
18846 6309 503
5548 3376 120
19291 394 724
10040 508 196
3421 18574 2
10587 16996 380
1802 5694 872
10746 13469 120
584 11245 39
57 8668 780
17009 18659 872
1752 11603 430
14559 18815 196
6870 11152 780
798 17207 274
14764 10902 75
16810 16796 196
15080 18856 525
3234 17984 274
4199 6905 196
15407 15615 196
8238 13159 166
16112 3270 196
18552 18207 734
18301 3925 724
5623 6645 2
15415 2608 2
7417 12125 892
19547 15904 120
14948 12341 872
9359 17110 872
11891 17660 780
3892 6645 2
1973 3850 478
9953 19553 196
12672 15298 872
17040 10919 166
1003 1092 2
4126 7840 656
13295 8544 785
15832 14074 773
14311 4148 577
19175 12137 629
5545 16676 888
739 6317 2
9766 8798 284
13427 10786 365
8236 9182 785
12286 472 872
17220 624 2
7612 15007 2
9461 13558 325
1692 2499 780
3882 508 196
11914 14590 773
6127 8285 365
1414 5867 780
18004 9038 369
3650 12587 2
357 10983 734
13751 16628 2
918 3595 166
15012 4534 706
11548 7650 2
11623 5873 724
6533 2526 120
12846 12995 724
17955 14779 2
1546 6645 2
8005 16525 163
3701 6706 773
6868 6952 649
10778 11098 284
14218 5758 419
6868 16925 430
1549 9448 2
1261 12721 888
19140 18440 791
6634 5792 120
5608 4093 780
15704 12550 437
14923 6645 2
14225 5209 120
5727 13222 196
9553 602 734
4546 684 706
19536 12069 196
19623 12810 437
12102 17721 166
17682 16535 75
8660 4155 166
17263 17792 780
15920 14697 32
4315 12102 166
5430 1114 248
13427 17511 365
9174 920 2
6110 18986 142
6921 7587 872
7748 13001 248
6613 11777 872
13565 15556 196
165 6965 75
5526 18581 274
13532 14790 872
17023 12846 2
644 732 503
14905 7153 75
14463 18051 120
15053 9665 284
3137 12587 2
18147 10931 2
6868 4508 430
2203 14921 276
17920 6751 2
18667 5410 2
15330 18574 2
10800 3630 120
5398 11183 2
4315 4177 120
6985 14779 2
297 18574 2
16508 3116 196
10571 805 2
13389 12698 196
7330 4752 196
3112 11019 888
16896 2032 773
9748 16628 2
17797 6915 2
1149 7748 724
638 11505 200
6745 12098 166
16243 16243 35
17086 9563 166
8050 11608 75
6256 7193 629
1847 7846 478
16443 15556 196
8018 3435 120
18883 7439 780
5372 12587 724
3702 18823 75
4359 9657 75
5655 7490 872
17690 13491 120
13205 17835 284
9442 7108 276
9615 3339 75
7087 5873 2
17509 16862 478
7492 12008 387
4241 12698 196
10312 5601 656
6260 6915 2
16179 17163 724
2867 13082 284
9823 17163 2
7956 5873 2
223 3257 201
13430 11647 2
18238 7987 166
3258 3279 166
13128 15747 120
13672 2827 196
404 18136 369
18665 15556 196
654 3178 2
7168 19048 654
13043 11183 2
13729 8794 884
19525 4752 196
9008 508 196
14449 16198 196
4925 15171 196
13950 11940 166
13790 3706 166
18491 1434 196
17922 8844 780
5222 5957 780
14669 5267 365
10569 12033 2
17285 18232 724
5070 6346 284
2612 1858 884
1549 18856 2
3082 12959 276
17922 16062 39
5387 3669 2
8246 18815 196
18651 16949 32
6386 11325 166
8075 18660 166
19614 4656 196
2451 6915 2
9733 8530 478
3910 7684 2
19133 643 196
8859 7116 478
13678 17111 706
19343 18739 629
16048 6905 196
9076 1162 734
9457 16015 166
11589 191 196
14850 6615 280
10296 6567 656
5651 11294 166
8544 17420 729
1025 12290 478
6106 15869 39
14782 18574 2
7506 17180 888
18920 11643 75
918 11603 166
13060 896 2
18958 9664 166
8200 12270 2
1675 8953 196
12819 1434 196
9577 1646 120
16206 920 2
19435 18484 163
17961 12069 196
12611 1418 734
13236 7898 120
19558 14449 284
879 15164 2
6104 7122 2
3950 9451 724
10670 5422 325
18301 12016 525
841 53 872
8661 19441 758
7125 16805 773
13212 6233 629
18066 4519 166
11123 17781 577
11795 310 2
13410 7217 634
8649 12587 2
14220 4333 325
5530 171 196
6625 12587 2
4519 16583 120
9256 9275 763
9102 8080 724
7530 12182 272
475 1264 365
5494 10301 522
8276 16013 773
11496 4922 518
7632 624 2
4196 18608 39
10570 12415 734
14903 711 166
15185 8779 276
9002 6915 2
9950 14496 584
14235 17112 878
4398 3233 780
7424 3720 2
11198 16906 365
10322 13405 284
12479 1114 634
11147 4270 218
11514 11894 649
7513 19327 166
8346 16628 2
5828 5129 260
11007 6868 430
9283 1889 729
6533 11940 166
3348 15811 75
4436 18635 872
8322 4559 809
12637 624 2
1275 15318 120
8803 6858 284
16544 10547 872
6231 8620 120
16962 10896 393
8885 798 2
17948 6645 2
8862 4752 196
8038 12587 2
16174 16628 2
6433 5689 2
13656 18973 75
18689 2881 2
11610 4566 276
7390 11963 166
3435 4315 276
14752 6942 764
16231 11967 2
11867 11190 39
2094 6783 773
11931 18659 872
3756 9373 166
5744 7650 2
19413 5272 649
15797 2484 166
13945 5757 89
17509 18741 478
18881 9987 649
2401 14819 734
494 12248 773
17753 15751 872
11035 16360 120
11767 17111 773
15958 5213 120
12034 2405 738
588 2439 196
13653 3853 764
6583 14300 577
3745 11667 724
16525 2851 40
584 11965 75
1214 7656 515
3414 2706 780
14080 17649 872
7948 8537 120
15737 10163 284
8152 16421 2
17207 15866 248
6269 12290 478
14930 9795 878
13489 14452 629
15818 2577 872
6644 13512 166
7934 1080 872
14141 1913 780
16029 7816 196
11682 18856 2
8504 609 872
18250 17690 166
8798 13035 196
15431 3630 120
16834 15882 810
4917 16022 734
11395 16134 888
5467 6789 654
11882 8571 166
1964 2577 872
12791 8951 872
18551 16179 2
6908 11843 525
18175 11269 75
1115 4851 773
11782 12587 2
7205 4752 196
16285 12505 734
1597 17681 284
4064 2577 429
13790 18398 120
6272 722 872
4489 12218 182
2541 19350 2
5283 12527 39
18939 16095 75
3993 7840 656
6749 5103 773
13463 9600 780
18818 12975 530
15866 18549 525
12440 421 142
11401 12587 2
13345 17489 872
13754 10530 196
475 6557 365
9429 15216 872
15049 711 166
11477 896 2
18858 2577 872
14239 6645 2
13431 7833 649
4323 18532 325
10574 11329 120
7256 9387 857
9215 6751 2
1355 17469 867
2823 16480 872
11907 14107 2
10421 19532 39
9457 6740 166
6333 13854 872
133 18121 120
1301 15556 196
8785 108 872
2465 5876 166
3773 17067 166
3853 3472 780
8432 16628 2
15468 9640 872
19379 706 773
11861 16655 2
6954 5971 872
2558 12315 791
8509 8029 120
1335 421 142
19577 1795 380
19327 11940 166
14107 7122 724
292 4559 325
777 16628 2
14110 5489 763
394 16450 525
15974 14042 430
1275 5768 120
4762 18060 872
5694 3563 380
15495 345 166
3596 8103 120
8801 3877 280
18597 1147 387
10952 17179 284
12367 8067 196
13131 18608 325
2401 5538 734
5920 1819 730
9755 3050 325
14641 12995 2
6503 6403 120
14480 17106 272
14251 7230 872
619 624 2
4519 4814 120
12270 624 724
931 5377 875
12419 12214 166
12798 13595 888
6213 16796 196
17937 960 478
19424 16013 773
14350 6915 2
9676 6178 577
6160 1355 867
1691 7684 2
12563 17201 365
8018 14233 166
12322 17290 163
15421 624 2
17403 4922 780
11586 7238 839
14108 1230 724
3919 13266 365
5532 10922 839
11891 14369 780
10579 14225 166
7943 6915 2
12547 12069 196
7618 937 857
11312 648 2
2509 13379 166
5770 1514 280
6119 6804 706
6215 6645 2
18136 18574 2
13432 18881 166
8363 552 2
17560 7535 166
15677 722 248
8583 624 2
2698 6751 2
6277 14270 872
4286 5882 634
14480 15256 773
15283 3116 196
16503 12802 763
3596 2226 166
7062 4776 839
6876 3846 196
12425 12182 773
5599 10986 773
19432 2881 2
3117 18397 120
7783 483 791
10170 13192 839
8459 4564 872
8271 2881 2
16679 18856 2
3721 14355 196
8018 11261 120
14653 11195 872
15306 5873 2
17174 8238 166
14878 2690 2
6575 19255 200
13487 3080 2
6646 10013 773
16561 12802 763
17207 18549 274
19534 9111 75
19591 16134 888
10800 17677 120
11245 6565 496
4329 18922 280
13106 6915 2
11214 8966 734
3804 6126 120
12419 8509 166
17526 8304 166
7217 2323 89
2745 3615 2
16326 18574 2
19431 8801 478
6545 8226 196
564 2723 166
14865 13655 2
4428 15164 2
8050 5153 75
5318 13268 75
1589 6751 2
3250 5283 577
17150 15440 730
17810 2577 872
7832 6446 218
1950 11329 120
6822 15984 120
14581 8340 791
3922 18932 280
12214 6868 166
7758 624 2
7280 17174 166
17419 3720 2
1565 17111 773
2685 3055 2
15995 5768 120
7095 14284 166
15056 2577 872
7516 7658 166
19281 12031 773
13219 13611 634
6662 17749 196
7087 16068 196
3942 17472 780
6215 3080 2
19565 8001 200
15454 12637 196
15495 8525 166
13588 17038 634
6192 12033 2
8311 11179 196
14037 15352 872
2427 5778 734
6252 13838 530
13790 8087 166
4333 8548 496
17618 17881 196
15044 14679 284
11593 17649 872
11380 10251 773
5196 17088 35
19097 6915 2
11412 722 872
13402 6912 196
6573 10904 196
8985 5827 780
7877 4361 120
9854 16978 734
2289 2168 2
6914 12587 2
14042 1537 166
12927 4644 2
8095 14914 773
344 6645 2
16751 5729 780
13849 4118 649
3184 16628 2
1389 564 706
7 10776 773
5761 15007 2
11782 2577 656
14543 6645 2
12685 960 478
6697 722 872
5348 19445 437
12685 11440 478
9733 18547 478
12251 16628 2
18449 18017 401
15505 3270 196
12860 5372 724
15129 14323 39
1270 9155 2
13862 892 656
11847 19483 75
19474 5943 284
4834 11474 2
15119 18040 276
10346 1275 430
16342 12846 2
3628 16525 163
14276 7110 773
16434 15677 2
1160 14452 387
15992 19195 884
12315 15007 2
19614 14779 2
18190 11250 2
19109 805 2
13870 4572 649
18066 12122 120
1537 7280 166
8057 15677 2
3585 6137 32
17442 16564 734
11347 2097 166
16694 552 2
8278 14557 166
1560 9 50
18092 9835 634
3091 11550 780
3379 508 196
9596 16721 166
3237 5251 419
12927 9321 2
19273 10631 166
7942 11426 120
6721 5372 2
19370 5601 248
16228 19646 120
10948 15556 196
15098 12182 773
6720 9405 706
2811 10415 773
3187 17142 75
4889 18273 584
862 11260 734
7320 896 2
17561 4644 724
1647 14323 39
5143 1998 878
10591 18815 196
12648 18017 276
878 16022 734
7452 19186 196
2174 18856 2
5480 5242 773
4250 10766 35
564 8720 120
17122 11547 773
88 1114 629
11146 8425 166
4035 3632 196
7006 10149 875
16996 9143 634
18328 3116 196
2462 12975 530
2077 10453 810
12366 805 2
1116 7686 761
15858 4361 120
17871 4922 518
14187 1125 724
8681 6645 2
7971 15164 2
10780 16662 734
3416 15352 872
16778 6499 706
3626 12069 196
2271 1015 34
8308 12587 724
15333 343 284
2542 12518 872
9686 7046 196
11956 16011 780
6634 7124 166
14493 19186 196
18929 3178 2
2452 2128 764
13892 11940 166
8287 2666 872
14089 17049 75
3036 10776 773
15485 5797 75
17652 9155 2
6006 18784 839
17199 19068 232
12436 4104 629
6231 11426 120
12755 324 196
10989 15677 2
9128 609 872
1780 2049 166
60 10091 280
10249 13292 730
4397 7864 430
12285 429 496
12214 6634 430
6119 6557 365
5394 13622 196
6167 668 2
5404 12975 530
13330 4223 120
16963 14994 764
14789 2323 380
9088 6356 780
14262 13080 344
8184 17026 872
3691 896 2
13509 15556 196
2811 1057 773
12098 9878 692
19421 6915 2
17626 6194 120
11760 16164 393
4594 1113 522
5731 19380 166
162 9019 218
11230 896 2
14737 17830 196
13003 13003 35
1244 16585 120
17979 3257 201
16334 805 2
13967 16470 773
13062 13124 706
12319 1212 872
6068 16263 39
5726 14132 872
3853 14020 577
15633 5110 629
11459 6915 724
19001 4093 780
8914 6915 2
13785 394 724
6358 875 2
12933 1988 773
19327 10997 166
15495 6737 166
13982 12975 780
1157 18142 773
15677 875 724
15074 13890 773
3002 14502 142
11035 3068 120
3322 499 430
8805 19636 478
15771 16927 365
7209 4180 166
8948 16357 73
8879 1040 276
13303 13303 35
13095 16812 39
15271 1016 120
19388 15256 773
12816 8087 166
10769 88 522
2749 2372 734
17717 18903 522
15783 3971 284
8760 3341 773
11528 12282 276
19294 16796 196
18238 11243 649
293 4752 196
11459 552 724
2289 13405 584
10810 16735 248
10368 6184 284
4615 17830 196
15495 3279 166
924 6634 166
14508 7658 166
16845 4703 876
838 3474 166
13950 1016 120
7658 14508 166
13375 18574 2
17337 18105 634
17103 17881 196
4922 18371 75
12460 7146 780
3450 6645 2
18551 4586 284
17951 4974 780
11376 9155 2
15891 6328 780
4624 6751 2
15282 6706 773
3727 15733 75
17910 19310 713
3620 3846 196
14351 1310 773
1106 16628 2
18700 18051 120
5230 18856 2
11240 805 2
14533 9155 724
5520 4644 2
1973 12432 280
5599 2676 773
10838 609 872
17565 9723 276
500 3615 2
834 4394 75
14763 19045 196
15598 17165 75
6807 6674 872
14903 2049 166
8328 8840 877
11929 8101 577
15965 4907 724
12162 13614 734
10389 2696 284
8572 11183 2
5939 1297 166
7675 14706 764
3040 12626 872
17931 6915 2
16399 17824 888
14242 1402 773
9943 6645 2
15049 2377 120
19093 17576 75
19380 1955 120
16119 16294 166
18165 13449 446
11347 1016 120
17949 8103 120
1969 1700 780
18092 14197 716
2550 17106 773
19040 11482 730
12456 15751 387
16726 17688 166
18183 7579 656
3750 11570 478
9015 15007 2
5230 15164 2
10897 920 2
4534 2122 120
4779 8530 478
13724 4982 2
12980 624 2
15245 15216 872
711 2723 166
5360 14449 437
3946 8844 75
4474 8745 75
8925 10357 629
15049 12692 120
19327 8620 120
14606 3257 201
13082 3295 2
10792 7037 773
2465 6533 166
9899 3720 2
2766 16583 120
4779 16745 478
16294 5314 120
11458 18547 280
7250 10959 867
12102 4664 120
2891 14138 2
9075 6846 272
14736 7031 75
8834 12692 120
3279 9558 166
17229 896 2
17326 18294 577
10976 7864 166
9625 18532 809
9881 17485 75
11855 483 791
2723 2526 120
6527 3376 120
1942 3116 196
148 10157 120
18893 6915 2
18995 343 884
3720 14322 724
13621 9535 380
1936 7709 120
18050 4559 39
16880 12587 2
5548 4009 166
17082 6915 2
12722 12971 503
2929 648 2
10865 12923 872
16037 896 2
16644 805 2
998 10976 166
14796 875 2
4803 5757 380
11512 18388 734
16976 19088 518
16779 15377 284
3312 18160 166
4076 3850 478
6411 13070 839
4559 12403 496
12508 17847 196
13869 7812 75
6258 9552 734
13983 11344 764
12382 1628 773
11198 426 706
1350 6841 196
1181 3561 872
13775 3720 2
14115 552 2
12400 19138 649
826 10535 166
3415 1199 764
12540 4582 272
17190 4993 649
4481 5873 2
13208 3329 196
11085 12855 380
19002 1418 734
11352 15164 2
3312 2226 166
10252 14779 2
3917 3678 120
18111 17197 839
13950 18243 120
13473 6915 2
12003 16100 284
2803 15556 196
10845 5091 284
19653 13268 75
5220 14590 773
1770 3050 325
11198 6872 706
5935 6446 218
13011 15062 2
3250 15727 75
18102 17397 284
5796 16583 120
18393 15457 284
5745 4333 39
4103 8016 284
8473 12731 710
15330 18323 584
2510 12391 120
17598 336 218
15976 14562 872
6785 2577 872
5530 19553 196
6822 19380 166
77 10283 649
19498 6645 2
14730 10466 35
9781 2331 734
17721 5900 120
4062 6369 325
17921 8067 196
4519 8864 166
11236 10574 166
3353 19401 2
3698 5056 284
6040 10600 280
14342 5289 654
8362 1434 196
2727 60 478
586 9155 274
13666 18983 773
4968 2948 496
13388 15115 496
17865 15442 166
11236 5731 166
12008 7787 518
13555 7108 401
3541 3295 2
19267 2829 872
5010 18856 2
17294 11570 478
11814 10898 166
6537 18105 634
12077 6657 503
19463 5331 284
8325 8720 120
7095 12374 166
16397 16228 166
2132 624 2
12970 15115 122
19157 5689 2
8840 361 810
8589 15677 2
17421 6645 2
2509 11940 166
11940 4056 692
14762 12975 530
13843 16193 773
19069 6915 2
19273 3229 120
60 12418 478
15745 5561 839
7049 3596 166
689 16463 120
13159 4361 120
18958 10283 649
5776 19394 780
1753 12069 196
6918 3229 120
2529 19236 196
8087 4839 649
2940 11428 496
18232 668 274
5451 13622 196
4012 11459 2
11270 11514 430
5851 875 2
13512 8834 166
15828 6751 2
18831 2577 872
9072 15039 692
1513 12259 724
345 10504 120
15518 18856 724
15271 998 166
800 3720 2
10722 12259 724
18453 2577 872
8349 6751 2
7745 609 872
4869 8211 872
2018 4419 634
8059 9275 763
4180 9646 649
15783 4644 2
5232 4681 785
17030 17820 839
16018 15518 2
19161 16070 773
14225 19399 166
16694 3295 2
4009 12692 120
13709 7887 878
18243 10746 276
7638 875 2
8063 7728 75
2901 14138 2
1338 18815 196
3077 18856 2
11453 684 706
18675 668 2
7753 6392 75
12916 7840 872
16127 3426 75
10574 11551 166
10041 19186 196
16824 10509 634
1275 3312 166
11973 17391 773
15074 5670 872
11198 8722 706
2698 14452 872
1092 12033 274
12941 1700 780
17486 16221 780
13447 3295 2
15610 8067 196
15612 2526 120
16328 7379 706
14983 2577 872
10771 11039 577
7616 11682 284
15834 6122 649
5659 6905 196
16630 12846 2
16174 11654 2
5656 1899 773
10696 6447 710
17053 7823 2
604 14614 649
16112 14469 284
3015 3115 120
13938 14931 872
6712 13558 325
6895 15128 325
2778 12419 166
13993 6233 734
9766 6751 2
866 6915 2
5921 4752 196
14522 5450 706
9943 15677 2
12308 17278 365
15223 14320 649
14093 6751 2
