6000
11332	7626
9484	12915
7431	6113
18897	12268
6924	11368
160	5644
8585	7968
5885	1841
8868	1024
249	8848
5770	1073
4329	15238
17485	15547
17870	18813
7492	1799
16144	2827
17267	2217
5755	9523
4893	5020
17804	4264
18532	15086
14773	16028
12767	16128
13208	19435
7062	18368
4598	12054
19370	16198
6110	9755
7808	6500
14248	6683
6181	10581
5448	4598
16723	13940
12642	14471
17119	11488
4342	3836
6718	3647
1833	18312
6950	7686
8223	18783
16897	5352
7114	17843
14909	10122
6691	6773
4209	5506
14227	13731
17783	6634
14310	13354
14244	13570
8366	2523
8473	328
13916	7848
15458	14873
10474	6004
8553	3611
12057	2506
13078	11074
7333	16888
18661	19855
11517	10930
16307	2426
564	3838
5022	13906
9033	19147
604	5371
4016	7159
16351	15052
16255	7388
11732	6006
16096	3010
8017	4194
16597	17870
12038	12806
4258	17838
16442	6997
7672	19863
12961	19947
1509	1596
19343	14673
1319	14661
18364	8612
12831	14556
13304	7178
706	17622
18816	2858
8356	17595
1060	8851
2615	12848
54	11446
16277	12413
18385	14709
4137	10816
4685	1564
1607	14279
10289	707
12357	15511
9701	15829
13624	5849
4895	652
2355	3353
12132	7764
16052	18000
3745	15833
17449	3751
8178	13998
3876	17939
16379	12684
18722	19053
11572	7016
5332	7326
14693	15644
4147	11801
12758	15524
8989	7225
6241	7045
10373	8558
2057	15579
19288	8774
12546	8606
5992	12411
10403	18458
6141	4412
17707	3110
11108	13462
3994	16382
1343	19211
2831	767
12499	5828
14209	3735
1883	8524
10485	10184
18773	16741
14995	9392
16368	19845
6771	11975
1256	5722
7262	3577
10100	17395
15943	17472
4079	6062
8990	18
3697	13866
4274	18439
13096	7772
17728	10852
16297	10594
9589	7437
8752	19442
2631	18966
18848	7733
1066	5459
17136	9432
14609	5802
88	17167
3543	14737
19467	5080
15318	7760
14892	15597
5298	17620
9456	7970
13865	3265
11440	9335
16452	5713
5189	2324
11752	19155
16742	955
3902	15788
11082	12634
15206	19015
1977	5398
2390	15962
259	1029
17887	13073
11055	11337
15672	4079
6218	14956
18422	7169
18279	6226
16184	12947
18417	17877
10695	9186
14547	8287
17692	18615
16332	13460
11260	19671
8405	4252
9914	1395
11963	3253
6685	8117
8852	7129
3486	7765
7358	18356
18107	13805
4235	19142
10920	1409
9513	4222
5051	2251
19048	7470
12876	13664
16528	13142
6290	1218
5008	10455
9391	11857
4186	13523
6843	12950
16555	11418
15316	18358
17202	15806
3627	16984
8576	14398
5476	6736
14275	16957
16035	5698
18596	15141
12368	3097
1148	14660
4762	15226
12121	7956
984	3339
15401	8664
5624	563
8332	5950
17145	16858
16646	10159
15677	1368
1291	10014
16162	5658
14327	16110
9497	10937
10253	234
4153	8743
3913	10964
1230	16429
12980	17414
17079	19668
17108	11968
3398	19405
8056	14783
15787	11202
9504	15618
14349	5593
10677	16167
15488	16408
3969	4195
14326	16946
5214	6897
9921	4073
15149	12973
18003	5440
8164	19791
8347	9123
18599	2870
8103	5512
19493	18298
2087	3990
13757	9214
4224	8981
4886	14012
8524	3308
8331	14316
12102	16421
15602	7804
3905	768
7814	6108
15948	10363
14246	11655
17403	18564
10802	7493
11584	9213
14799	14688
3548	1450
17500	11123
525	5387
19624	8937
14466	13600
19181	2071
11491	18027
3256	18066
9055	12943
12509	5439
16820	2927
3242	17129
17743	6437
2701	7791
5004	17054
13868	18650
8267	534
15001	8998
16464	1599
3241	4427
12777	1483
4434	11831
5804	12162
1767	11362
17287	17419
12988	15862
1816	9351
15965	6185
2618	7987
6013	14015
9394	16638
5833	16295
2963	2867
16318	12667
6532	12843
9872	1661
7143	1398
8563	2725
13315	11327
18509	12954
2950	14245
8634	3159
15322	1360
2995	19195
2172	16992
7427	15208
13070	19474
16059	17204
14531	12347
11189	8799
5227	3868
5623	19270
6123	12238
5460	4901
4561	539
91	11040
10902	18014
6267	16654
3702	10682
10428	3485
9545	17607
15893	7498
175	3437
7380	16556
17462	122
8095	4384
1214	3376
2267	2533
18256	3065
18352	7270
18984	4816
9993	15958
17605	1667
5777	10372
18191	14651
12336	934
16651	19367
13072	1136
7919	7035
3211	7471
2147	14367
8744	12642
9923	16740
10218	1538
16431	3952
8929	14196
3232	17830
5822	4084
4599	12317
11321	5601
9734	7986
14601	11434
13800	16627
12949	14719
3710	14390
14869	7395
6206	3259
583	11409
5517	4227
19410	3023
8158	4750
11620	3063
2066	10306
1317	18455
5576	15523
3429	16019
11497	1713
15664	15473
12969	8564
3404	11794
10962	19837
17703	14588
12192	10323
442	2147
7709	13769
2124	3134
12128	9551
15207	4275
19586	11460
830	12012
1722	6902
10917	7407
10826	13558
10737	2833
11893	16954
9043	614
7760	8011
4844	9062
15846	19481
5941	14770
8516	4014
13176	8898
13455	859
9340	15689
19112	1196
2967	5969
1056	11378
17521	1434
12215	4844
13939	5433
12948	1059
3656	16485
7561	16080
555	19490
3826	17088
906	6392
10489	12316
3271	5561
5264	570
6007	1013
14881	7975
5430	17603
5995	10567
8712	1613
1415	2615
1179	17
6913	4851
19073	6022
18456	16380
17827	11584
10237	6138
18415	1710
13701	7965
7197	3302
7398	7414
11338	12819
6375	4682
1420	11708
8108	14776
13758	10265
10952	12064
12432	11873
4704	7798
14741	10953
1163	13645
15919	630
13723	3105
7691	9932
16433	13083
9222	13342
11652	15418
12981	13512
15768	5146
11664	8703
7663	11699
15670	1870
14907	8700
9598	1790
14095	17232
8094	12047
4506	16569
98	8613
17131	4363
6213	133
109	9961
1473	17147
8767	16082
9160	15413
9656	9649
6487	1480
1653	3
9432	6791
3775	10714
12060	8228
10945	18329
14921	12563
5809	13916
13397	11100
2130	10081
12690	13663
9659	16495
16448	4235
17815	13847
11375	19497
11875	8609
4882	19458
16234	2694
962	10615
16639	590
14329	19179
459	751
14247	1911
2764	3897
15499	19005
17688	8494
1019	2243
4809	10321
16590	3360
16227	8737
5119	8420
7437	865
18355	18613
6000	9126
3166	2872
15411	15867
18909	1836
6925	19008
16779	7116
10301	10057
9161	13056
14273	16088
5529	14466
17674	4768
15706	11844
7011	6097
7976	6858
7141	13989
18409	8573
2908	7138
16011	4652
6881	3442
10317	3550
11366	7540
4334	3686
12016	19351
772	10809
8969	612
16178	10846
8771	3649
15742	9608
12577	19858
2613	11643
15302	19239
12032	2078
5202	13021
1164	1963
16512	19766
14424	16759
15088	9007
8552	8625
12297	18229
1554	17224
16375	4196
18921	12635
12621	14530
2557	1895
13023	17584
2836	7906
11513	7560
8113	282
19450	15853
18696	17806
16892	5559
14903	1928
15808	17126
17512	19893
5233	17059
849	10
9271	551
17698	9559
3879	17185
14291	15298
2260	11306
4314	10948
383	11623
13154	9401
18214	10311
1449	2314
17857	964
16578	7034
5358	17846
9480	18389
3997	5901
3189	9917
4119	18385
11887	13628
14631	19979
15383	18182
17389	743
18472	10131
8959	2384
6845	6020
17886	12924
12572	12878
1183	6923
2089	4077
4763	18747
12110	5953
13222	11281
16313	9273
5829	14827
13858	19470
13384	10042
5904	6651
15558	13701
17682	19835
13088	17861
15547	19072
13000	8131
1315	1060
2303	7593
19475	9368
17958	3794
957	12945
5946	7739
11647	10421
12323	16527
12697	14179
10220	6134
13342	13644
7381	7157
1782	3815
14822	12014
4034	19141
15746	7240
8830	17920
9991	18330
4918	11433
16246	16187
14589	6276
6446	19798
7507	3365
6566	13183
16660	7161
783	7859
5083	533
17618	17441
16411	5276
5181	15878
9855	1496
730	104
2322	15584
1	7952
14267	17884
14039	16490
14856	3446
10002	14034
4813	2261
12881	3035
3941	2294
19116	6604
813	10228
6655	14134
15435	18567
6364	15057
3607	17915
18548	18334
5605	11395
9783	2458
13672	12589
11944	6258
10051	17793
6631	15835
16576	8231
1964	6552
2723	15010
19440	17446
8739	15387
5392	18251
16367	776
13712	1541
1032	3930
13935	4823
15119	8422
18685	19584
16869	1804
11093	16878
10718	937
11678	2682
13742	1859
15024	18160
3397	7233
3803	4131
5532	8629
13589	13436
14801	1387
447	13316
13375	11891
2326	10463
3681	18232
16757	10699
11290	6038
5800	11416
5766	18069
10527	6907
299	7583
11019	18987
5887	15927
10337	18538
8936	3528
5223	13384
12825	8897
2142	1589
5246	17573
3599	10388
14879	16030
16355	16925
13522	4695
15269	1022
12337	15248
12610	1752
6670	1846
7974	10624
12523	7663
14218	17075
18017	6007
10219	13493
5942	506
8568	3364
9440	7348
15839	8303
6905	16973
16500	1146
4671	18410
15838	14393
13406	2355
16830	19525
6307	9927
1917	17291
9830	17313
18357	9606
14243	961
10189	8149
11084	9221
12674	12423
16133	9263
15786	14679
2825	6605
14598	14971
13138	17390
5300	12874
6366	14781
6687	17134
12838	15967
6928	6797
19235	13637
10020	5555
817	4469
10525	11245
15093	17015
94	14561
15551	8800
15769	13052
1852	5428
4066	4676
7496	18136
7707	11867
3173	12599
1050	14166
11249	2028
3515	4794
8641	10493
10894	18799
9912	17399
13761	19506
2887	6531
12624	7434
15857	19580
12803	13299
4537	8655
1717	5773
16564	7287
17862	11173
8454	13623
17067	18340
12444	19864
3695	8376
11350	1137
10159	12193
5491	13076
5329	18967
8759	15270
1081	13526
18221	18526
15382	948
2931	7781
13127	9942
13889	11012
654	18016
4247	4100
8244	11592
17912	583
19582	18473
8242	11845
7845	10625
7010	7960
182	3391
6212	12389
3039	16196
10640	3639
12647	2413
11772	7763
12325	19508
17228	6479
19020	15326
11916	2018
19015	8201
17710	16515
10484	14419
8016	6490
5508	907
13012	6141
254	8972
17719	1301
12344	15388
10450	18950
18351	13214
11269	2111
9402	17755
10547	7919
8426	13272
12021	5685
10018	10679
18002	12824
4983	14492
5554	17326
13617	12412
14168	1080
18114	13120
173	18684
18819	14083
11877	14283
18291	9212
9723	6032
5208	10999
1310	18256
1099	667
17334	13638
13320	10447
17196	18642
5357	19515
16866	18335
5989	16732
12511	16253
15151	9861
4703	28
454	11059
4121	3026
14763	4205
5876	14112
15008	6245
14477	13987
13332	14032
15633	9965
8221	7863
3029	9797
9977	5393
16755	11412
18555	8023
4070	6805
7785	7165
4679	17962
4411	12632
16229	4310
18252	19028
18148	9768
4829	10435
10426	9780
8376	9281
17977	14440
7542	2747
4102	1303
12545	19245
2023	10537
3252	11401
8889	13825
14992	2863
5116	10185
5621	18755
5234	8030
11279	9964
16070	13675
5397	9138
17060	3149
6576	10902
9605	10873
4932	9345
800	14123
6958	17496
16169	7013
5220	18665
13794	8331
523	12836
14072	8012
9522	1270
11996	7453
3495	17009
14448	7803
9758	8652
1830	19557
5571	369
834	12467
1155	18592
10869	3060
10727	14775
12309	18760
17352	10498
12067	4791
1233	5413
14581	17871
14234	17255
15021	19238
2780	16160
8219	18187
5974	24
11192	8899
19552	925
1608	1779
6927	6501
7595	13859
8104	9411
19627	1492
12051	8193
15542	12017
4949	19800
6071	7309
6201	5924
13866	11528
13448	2687
3316	1750
4776	16698
16492	1562
13019	6655
4383	11124
18747	3918
8898	219
17814	3586
5218	10368
3227	6111
4025	46
13416	13177
18668	11869
18267	3546
17015	1426
13030	10341
16712	19972
6160	6101
16685	15997
6331	8616
8980	8817
5139	19363
12905	17411
15091	399
8083	7813
4581	7469
1061	3355
11183	15106
14045	817
4449	18355
1996	12253
4591	15176
14979	5526
17376	18379
4008	1806
1674	13677
17742	5184
7547	17486
4627	1037
18308	2499
7379	520
8342	16648
15624	1878
14793	12523
16008	4078
14590	6143
11002	9133
16543	6691
2320	143
7059	8167
15063	3566
346	18522
13822	394
9642	19398
7245	8493
550	6410
5649	1621
12887	17114
16191	6772
7259	17286
8413	13893
17953	2972
7504	11781
8072	19083
18656	1183
15644	3758
10521	16309
13535	8081
8102	1128
17148	16898
10925	14768
2094	14518
8362	11987
7396	14169
14689	14748
107	9232
12972	10167
14739	14752
10275	7776
14306	9555
1209	12084
16468	18123
19144	1581
2685	8300
16744	2592
17938	11851
15767	11795
3512	2311
5913	8183
5320	18186
12899	14745
10844	9650
6142	18604
19562	445
6291	14919
7445	8582
17216	14066
4940	4251
11165	11381
5751	3842
13744	2081
155	10099
5997	12994
8247	10611
10269	8585
14179	12388
3754	18372
2562	1393
17908	5872
3651	11599
14315	13590
15698	19168
16396	11364
7252	14313
8025	802
1952	11228
18815	17687
12190	7196
11692	17948
13013	10134
15243	7522
10188	5309
12639	14562
8311	17708
4184	15493
5979	17479
6087	7923
10057	6937
17331	13074
7536	5036
15930	19582
18238	7679
14939	6012
11914	1312
7107	5600
15872	5565
11127	456
13483	2441
1407	17239
2457	891
7198	12949
7898	6626
19626	7708
8140	14433
16249	11453
14558	5990
308	1302
10445	833
11413	15616
3640	5216
12780	388
4357	19545
6116	13242
14684	5084
8408	19336
3980	10723
4665	5158
18253	11622
4244	11097
17440	19133
2284	4885
3910	4542
1136	4315
8566	19530
15864	4116
9948	19269
9231	3806
3875	18216
4661	14777
1151	3333
18375	9742
2420	7113
3270	12679
14953	2937
16467	12039
15462	11274
1665	3294
10868	19503
5968	1394
9753	18061
18853	11310
7759	1417
15898	3232
17326	11814
7514	1046
11864	12212
14722	5478
3680	15439
18069	15157
13279	481
3434	5668
2136	12884
3606	11154
3935	3273
10591	3475
1474	4584
6671	4875
19600	17421
4152	5899
12691	13635
4834	6415
13405	15736
15634	6685
14342	4749
17045	17349
7213	9252
2033	18927
6449	8691
10665	9207
10765	10092
17068	11189
14509	19751
16548	8767
13753	2348
5503	83
15651	613
4620	8759
629	10116
19107	3266
5810	243
14105	19324
1464	15428
17162	10196
9729	5316
17396	1164
15689	4448
3497	2505
13662	1543
13821	15851
15661	16336
1110	2839
11143	19735
5255	18662
4074	10529
15676	15344
951	9718
8547	19849
12251	11865
15703	8906
10958	1912
18979	12172
19137	5232
7848	11177
5982	6817
221	9875
15118	11578
17261	6920
7104	641
3291	17750
14651	16364
10590	18242
7069	7957
7539	371
18906	7466
13954	3363
8611	17440
17164	12906
2491	14489
19368	10045
7958	16467
18528	13470
17690	9060
14204	10438
12882	11948
14617	5564
10204	6117
19237	626
7731	16324
18742	1206
6840	6478
11712	14412
5150	6594
9311	11093
18216	17818
19420	4939
8022	14247
9384	8115
4975	12999
19176	14498
18653	9915
2070	19946
958	10474
2242	1814
19655	413
9176	14324
16115	16277
17913	8529
18769	253
1165	16413
5610	10557
9660	9515
6371	5066
16559	1897
14173	6709
10365	3480
5686	14318
3736	3368
15138	15785
5814	6316
5323	2777
3018	13008
4205	14349
2610	14995
4259	4406
18192	3741
9081	15942
16231	13203
18516	11224
8625	18963
4738	14924
12196	13531
13650	17905
2150	7486
9101	15514
13306	2557
17359	7653
7593	10532
12612	9599
7706	655
4426	15408
1222	14353
14859	19041
16398	10823
13835	12664
870	2068
8624	7404
7680	3891
13443	5871
12811	18589
4505	18460
12209	9272
11364	3590
8869	8997
6221	8568
6632	11287
13689	14883
3204	11922
10491	3636
9481	4289
12026	8646
19261	185
8790	6968
12784	15401
3026	16976
13820	14538
15553	8262
11443	10293
15308	4201
11343	6692
6956	2001
17850	3937
5245	13520
3631	17853
15108	1864
6591	9792
1528	16613
17826	2666
10041	5350
11075	9199
2912	16739
19234	6599
15561	19599
4587	12983
1207	1120
18678	5892
14139	18585
3340	5498
8435	10213
6979	18894
10372	19359
120	18937
248	18165
17671	14308
19609	11571
6450	617
16181	9883
13506	2728
1789	9419
13975	1486
11328	5238
16131	5884
12595	1901
13316	10582
13095	13179
16752	19900
1318	9998
4372	18664
3991	13894
10664	15143
3929	5323
13457	4894
782	13250
18749	16513
5213	10426
15101	18070
11051	14113
17945	3468
17348	11248
465	11029
10722	16319
5518	10848
15938	9558
8919	8645
16879	10595
10180	7118
1486	9546
617	9811
938	8032
1987	14697
14115	6075
7138	11944
8228	17468
6317	14605
7850	12823
5302	16250
619	17484
19459	16477
16451	2795
19598	18466
5559	2537
15565	17263
16260	17908
2817	10480
17590	14341
10735	14110
8037	18786
13659	2637
16226	14165
15654	9197
5616	2357
16557	3884
6426	15966
1202	470
9224	4261
14049	4098
3671	18158
15295	5966
9139	18982
2148	504
7560	8255
1556	8439
10009	1832
6423	9739
14499	12420
5304	359
15036	4945
1073	8778
264	3312
8594	17465
1961	13105
12680	10661
4398	14563
391	10554
6554	10273
18727	192
3893	1223
12467	10160
18097	11156
570	209
11824	17758
6419	9198
211	5549
19327	14289
14160	11854
7797	99
9690	15182
7996	3654
10513	7587
2106	6577
18392	4846
4767	5592
2763	11556
5070	3395
4353	1251
17154	11234
17290	9192
7782	11017
1817	13213
7103	19873
5609	8505
1063	9239
12216	19578
208	19660
11203	4230
6620	2131
16323	19806
16312	15012
2092	4414
11590	12362
17572	8036
15028	212
15951	17803
11175	11514
12634	9171
15798	3378
3402	4976
2302	12652
9342	11211
9229	4047
18602	13271
18363	4873
15377	261
18482	17986
9661	4051
1545	16595
12607	3140
622	12521
530	1827
5265	4346
18834	15654
589	14251
7985	8096
17597	9476
8905	16308
8815	5847
73	158
3200	18300
18321	5480
15813	13197
8701	1271
11940	7241
3327	16121
7528	19123
5047	1479
10333	14526
2724	15704
9510	16671
11489	13130
15000	9015
8848	3309
6065	13981
15788	13774
292	15797
15959	9293
7904	17858
6253	15510
16545	3261
3535	657
7067	1927
10477	13209
9805	8178
7320	12633
15878	2568
11251	9390
4378	18129
9666	1020
7439	908
1350	9364
14999	8926
1555	13588
2529	19757
10277	2004
7589	8702
347	13899
12682	16156
11495	18500
17635	10675
17536	5172
19522	8046
2086	3054
4853	17463
1769	4311
11368	5981
4035	11438
3539	18750
1995	15790
13033	6205
7963	16479
2532	10340
1142	1858
14094	12252
3368	17242
8582	11826
9960	13387
12693	1242
9973	14278
8456	1509
13735	16003
13051	9396
305	2691
11861	19617
15039	12103
3282	10580
17610	4731
9720	9937
6306	6647
7533	18569
18359	2743
12920	1092
11657	9655
17986	18514
7502	11479
16502	15032
4576	16245
13102	3760
7102	10565
6497	19971
3650	17822
10841	7405
4177	10020
11547	4703
5073	6382
956	2602
15805	12233
18664	11400
11595	13850
14748	15333
9296	15772
1268	12972
2826	19233
11906	1546
5866	5021
11717	18673
6660	5283
8091	17757
8561	9643
7337	659
12517	6481
17309	9039
1352	9913
6774	1372
13767	19700
15834	12701
452	15598
11062	7473
16391	5927
13018	553
17303	5090
14828	15152
2410	8672
7823	5195
6361	6233
18579	3504
14967	11230
1504	7447
15215	16959
8897	10182
9827	10608
3562	7376
19631	3236
3999	16138
10552	138
8146	1767
19307	14128
6309	14573
5308	17087
1167	10218
16443	11931
13604	19051
15487	18948
12204	11365
3015	19695
11969	16176
13569	4755
1166	11470
8986	16844
14157	12187
14973	4147
14503	16622
18645	8000
16194	17271
14033	19066
10845	10043
11483	2132
13799	2547
8983	15291
7178	3177
5356	17493
5087	12005
18286	1474
1565	5149
11451	16985
466	17799
4442	6368
757	4243
2478	11884
1118	11665
8956	11360
3626	6137
9539	10197
15832	18371
19378	5028
217	8310
14190	17906
7211	16025
12702	10824
1524	13208
15390	7089
6200	111
496	5302
17844	17000
8463	17206
17720	9660
13736	137
10509	1464
592	16794
9246	11897
13869	8983
5721	9169
17234	5024
895	11543
4237	11192
19256	9935
19209	6221
9859	14133
4944	5863
14948	2610
17295	5865
19509	2538
1104	7910
8175	10114
17363	597
17469	13985
4439	18180
8863	3025
6397	13327
4444	4361
8839	17587
16678	13331
18335	17980
2666	3208
5635	4158
10332	8754
3414	17025
9933	7873
12925	2799
14313	12896
7570	19114
2565	18450
15330	11339
2829	4829
10986	9749
17132	16682
7912	10693
9140	13380
11128	2061
7498	1675
1763	16346
2636	15501
6238	7022
17677	9895
12169	12911
14382	8665
9345	16831
7791	3936
9196	5873
15267	8862
17561	4048
18200	10283
17107	2385
801	10304
16523	14365
16469	17572
4208	6301
14036	6362
18329	813
354	255
14695	15045
3442	16045
14426	1105
16042	3742
2245	6589
7324	10137
15511	14602
1038	6721
1162	7833
3717	14029
18572	11436
9100	3490
18204	8213
1858	5488
18667	7627
5191	17759
1321	15097
1518	4003
14809	701
9473	4159
15247	19130
8939	7602
18433	514
16514	6214
12068	14331
16857	1690
10503	6580
13382	3712
3295	3414
18616	19453
10688	10342
15928	10012
2806	16213
19199	3977
10080	4347
13244	3298
1204	12363
3750	408
11349	7010
9264	15651
8185	14031
11665	9508
9507	18839
11503	2949
12775	18588
501	11822
18006	15594
2733	6223
19433	6430
18865	15923
6759	11872
13509	8408
18665	8677
7270	14300
18083	8341
6018	16335
7927	1244
11259	2143
5768	6514
11731	12031
18519	17721
4024	11601
3527	2564
18715	3954
13214	15731
6057	2956
12845	9490
17668	11476
18814	14125
14475	7067
2433	10522
2088	11332
4240	9422
4550	7492
19613	2543
7387	6282
6481	9044
13309	17429
8996	14215
1539	4475
14177	17293
4847	5214
13719	15522
6809	2589
3628	4335
7037	12004
11932	17827
11216	4010
11708	16009
17947	4667
9822	6431
11656	773
5986	2635
3551	7888
7412	2235
1659	13679
2006	380
2381	5290
998	17336
8125	19727
16294	16982
15955	15124
10399	7554
12059	9093
543	16322
17732	17270
4410	13577
15140	16508
2434	14610
18893	18938
4564	3967
18823	2570
8495	6409
12253	5349
2860	8025
15680	1170
1124	6369
9725	11567
4872	4937
16401	9121
9069	6981
4073	10187
5799	14879
8974	14961
13139	17170
966	19571
709	7046
4236	18646
18652	19916
18145	7472
108	14236
7126	1666
8434	10978
13424	2343
2365	8138
13789	3832
13496	1375
13118	830
2740	1129
7981	19876
1031	15355
16002	7948
19480	5399
4090	5347
18193	12260
3466	19952
2307	11749
4517	3697
4000	3982
14111	19109
9721	19050
18115	7140
7830	9516
50	16683
1853	5176
12001	4733
10589	7735
7085	135
11098	1898
4626	5567
9414	9120
12328	8512
16257	5374
13543	7814
15159	6031
13467	9707
1596	17932
8301	4479
8902	6265
971	10936
6270	5062
187	14443
17026	18082
5890	15144
9128	13498
1611	5055
5314	17684
15619	19079
7726	9803
19369	2513
2507	15754
16383	16857
223	3297
5413	3812
4821	2245
12176	5319
9172	5242
8462	1972
17527	19513
8111	6553
1714	6825
14395	15213
3877	17259
6788	7598
17423	17775
2847	2915
6951	9091
8145	2801
8353	15153
2193	4800
5206	14354
12641	12989
11262	8437
11354	13254
12587	13146
14459	14258
16867	11750
10488	15653
1322	11238
3986	19075
12592	12975
8931	16714
8099	3624
16282	6255
1684	16783
773	13969
6463	10921
10604	19590
18150	16145
16268	11642
972	7750
13733	8220
4380	18131
6347	8719
10618	11610
4198	1366
874	4572
11315	3369
11687	10364
14652	3251
2768	12164
19533	19124
7257	9063
2447	13678
15941	17344
17748	13164
3699	979
14862	17720
12145	7559
14946	1719
12821	18590
1692	10713
13370	15048
18745	4237
18697	7655
10364	3791
3700	10696
13907	6131
1923	625
16235	17937
10955	15471
17059	17391
18892	10688
10603	13355
18972	19230
15449	2237
17105	19241
5537	1077
10146	5081
9757	13075
9668	10177
4745	3678
17386	14246
4489	18035
123	379
7237	9648
3945	4964
11578	13837
17528	12713
17218	417
18932	206
7371	10303
14150	11707
5586	8959
2722	11203
1205	16317
6492	4767
12250	6760
15975	13855
14627	1600
4557	12894
3069	13063
3473	4138
18561	13454
18074	14373
18172	16940
1618	8454
12619	5964
17836	14016
13083	2289
7	6370
10815	6975
17654	12185
15957	19220
504	18381
11780	17227
4876	13018
9393	8239
14602	1437
15367	19362
4754	6260
2641	9217
19188	2848
5177	785
255	14442
430	13776
7230	976
5411	13449
11728	13112
8899	17455
10601	13478
17716	18015
4700	10981
6736	1321
9319	9173
15852	5070
15047	10957
14070	17332
6148	4716
18945	17360
10361	2293
19414	18631
3072	19797
4660	10965
10299	1371
9153	15219
7060	17911
13492	2558
2621	6800
15187	13189
3415	15881
15686	5557
17636	3336
18828	15504
14664	12794
3984	1820
11356	17825
8177	7060
5558	18352
356	11673
13694	7680
18091	14877
10661	10267
11908	18436
489	12224
11250	3041
8308	1959
1426	8423
3662	11452
8479	12283
18598	15519
6715	2470
17425	19572
1994	10094
1990	4208
9568	14741
12701	15028
4634	2797
19548	16469
12069	725
13981	7418
19454	6964
13544	12463
6077	3228
15922	19661
6372	9231
3431	11198
16728	9614
15967	3272
8673	1379
5129	19950
9834	429
2180	3124
10816	9988
7483	17831
2246	2544
12785	5032
2919	2040
9570	14842
245	5628
4242	7142
317	6698
12492	14360
12407	14581
2811	3045
1981	13764
18268	3205
3820	15711
19085	18402
19444	3393
16122	13010
9208	8164
13655	6419
959	9773
13420	7023
12285	9018
16015	17891
4568	4896
4061	1277
17994	10174
9883	19392
19411	10539
4783	17358
63	4546
19251	14490
19495	10702
10137	7827
6146	18796
14104	17164
3292	6315
15947	4416
17540	515
12739	7665
11943	2617
9563	8602
8033	2322
14516	14584
2232	5501
7475	13020
14712	9638
18960	11738
14643	3625
8599	15518
14231	2402
15048	16440
16874	8179
17863	1150
13086	3841
16218	6519
9074	16034
12732	7411
15506	1943
11391	13046
1813	4570
4174	4202
2250	5536
9845	18357
3609	2259
3159	997
9934	4238
7210	308
11054	1945
11439	18621
14554	13139
15491	685
12748	4033
3878	15281
11648	18886
9595	16480
15595	8214
5881	4537
676	13557
13297	12470
5593	10247
13264	12087
15424	10319
2221	2717
14185	12768
2898	4180
11991	1735
332	18233
16647	8057
17907	3356
2586	5170
3044	6427
16535	12404
2314	19673
3567	16559
7187	529
6870	1062
14797	8924
19007	856
13638	6566
10396	17833
14195	3225
19551	10701
18035	2534
17009	19172
12934	14799
18388	8324
11213	13827
14417	19928
733	4323
6052	11579
4107	7992
3870	19681
10755	18696
13283	18424
8494	6846
49	4905
13346	7713
12656	10894
10537	11990
7954	8263
19474	7206
14320	136
14532	12216
2175	2737
5178	7659
5629	7612
7745	3107
10254	16048
11600	15844
5659	460
12557	7632
18961	4952
17809	2598
7319	7868
2184	5857
12385	2089
16734	1625
10074	19024
766	5174
1058	2475
8400	16002
8510	9463
16957	8188
8482	16577
18675	17718
5018	2330
16198	8705
16586	3194
17795	12900
4110	6213
16057	6905
6811	3137
4801	6728
16317	12932
19619	6623
12849	12336
195	5610
1424	10086
3328	13012
11580	13392
3223	7068
5901	13086
19229	7107
15453	9951
2103	13842
6678	12514
4914	10101
11505	16541
17999	7422
16259	2741
3959	3049
11714	2845
6190	18047
11416	7610
18289	7516
15968	16216
10116	17430
9004	13463
1223	12038
18222	8701
5106	2340
869	8927
414	13282
11026	19847
7749	7768
4217	4999
10905	8276
1105	1588
2744	8375
14585	17178
12884	9938
2640	15933
11891	6666
1571	4009
16737	16409
12311	2752
11919	14063
14222	14627
1939	7931
15177	1594
5934	17540
12086	1646
1924	17972
11507	8168
7269	7330
6728	12437
17282	2396
6699	14493
10101	5944
3633	4898
13547	8828
8447	15815
11720	2075
11225	4376
11247	11589
2046	14628
18858	19787
4188	19476
1497	5337
5297	12908
18076	6197
17586	16971
9443	1637
15590	19054
5734	17063
11881	1798
6176	3465
163	5890
17340	14119
12122	15484
918	12149
9919	2267
15317	9633
10959	1630
14735	12516
9204	13395
1067	11304
13269	15362
2389	16601
8629	15442
3746	11956
11172	19748
9696	9734
17919	15587
16919	10759
17549	13812
10390	18846
18458	12385
19118	9105
5306	6853
7748	14383
70	9886
7049	10209
731	19225
5689	3790
17297	11186
3451	7736
13710	4724
9320	18516
15977	4854
11819	2763
6304	7095
10149	7055
16311	19293
13790	4045
8213	7867
3158	7396
3594	12415
3738	17802
2813	8953
14802	1942
15862	11252
2574	19381
18245	729
9046	18435
15688	425
15983	3305
2512	3127
2401	18723
13541	8111
16134	10383
17490	229
3071	3111
7600	699
1986	14753
17501	3209
10752	8271
8692	13688
6570	7787
14641	4975
2989	12042
3108	15918
1215	13041
12162	19166
17794	2944
11393	18221
8647	7015
14372	6881
11532	5497
1286	5348
4433	3470
12498	1698
8533	11817
10122	1205
5434	13995
16721	18267
7221	9034
2206	12239
16373	3663
13470	16840
10131	13773
10306	11356
14762	10135
2893	5377
819	9154
10123	1494
5895	16757
10864	7406
11981	14915
7945	4466
3735	13692
19366	18415
231	7401
12502	13155
17223	17049
274	3260
1416	168
16049	9181
4619	8260
11747	11328
13207	13291
8499	13009
1725	5686
8720	17832
17116	7160
8486	19263
18209	14161
11814	12289
6207	18323
614	14043
11081	11128
2013	18724
1377	15830
4377	15706
13879	15168
14964	12091
2121	11939
4294	3561
16118	18255
19200	8241
9804	1112
5287	12753
2318	4680
2947	11249
7970	18996
17567	19631
8694	6714
11817	19686
6301	8079
3510	3088
8309	1323
12283	14656
9884	11604
1397	2487
3727	1817
18084	430
4013	10607
14686	8238
15860	2668
3766	13304
5932	4038
795	493
17178	7370
17394	10457
7929	298
4462	8508
16050	14977
11884	3307
2113	17743
18643	4573
4871	5740
6147	5733
2510	915
5860	19623
14108	3096
8348	10954
13046	14681
16426	18549
1992	4956
6378	2177
16819	9674
14002	4692
4784	13703
12644	7313
19568	15190
737	17834
1349	5761
14126	6005
3703	19949
4956	3998
7018	2094
2530	716
1451	14984
17159	5783
17461	822
7414	5396
12623	19242
1481	6697
6258	3293
17391	9966
13944	3825
3470	838
55	10172
2505	16505
18825	513
18729	7435
12119	9694
8265	9365
5272	3690
11550	14963
17491	15628
13625	5919
643	5638
18500	4722
6579	17325
16304	12921
4264	9816
13571	1528
10495	13869
14552	5448
14719	19487
14938	3256
17431	8425
18288	13891
11195	3128
17217	17993
3323	19877
10432	4640
19102	1726
8627	4997
16429	5804
14296	18316
10473	13082
3677	2016
17803	6150
11324	5799
11178	1451
13978	15264
7621	19113
16123	17340
4214	19231
10827	16387
1016	4405
10198	1008
12428	3173
14715	3330
15230	2020
15495	14940
10967	1533
19247	14422
17553	2807
1690	495
3975	15970
8233	2151
14897	6325
2394	8845
11394	889
12167	4940
13716	8857
2560	19352
12814	17248
18041	19071
6457	10975
18967	294
7332	2495
11466	3445
18092	18812
10536	11538
2892	16085
8941	1758
10410	12850
3546	9588
13826	9001
17061	3580
178	18103
8194	10763
329	13263
5076	7521
5970	4996
8953	1134
19142	6042
15610	12839
8229	993
18929	10491
2004	15885
11758	4183
19136	11683
11240	1050
12461	8509
17740	4449
16751	9228
2821	10768
11818	9384
335	8316
13513	2541
15412	4076
19517	660
5765	17225
19281	3714
7930	6452
13034	18384
17155	19737
4268	8761
9469	5467
17199	14838
15775	4927
6616	4228
15287	11490
11615	17470
8961	12145
18934	10179
4134	12998
17057	3963
5123	13953
7596	18997
968	5447
17974	18152
18024	17867
16454	580
19013	11214
9518	8407
13262	13904
17918	3593
17806	2488
8377	7991
4717	9286
840	18572
14309	6530
8382	8391
17901	8485
18831	19165
872	1770
10278	4320
17388	14510
8612	10761
7519	2899
12906	14401
13041	17791
4318	7194
10892	7458
15286	17231
12871	1931
12978	5056
6681	8284
16230	8073
1326	8797
15185	15497
6323	16243
16526	7099
5301	8627
15993	14084
14156	6331
7112	8988
102	2745
17271	6659
15918	16399
15388	8335
13921	8253
4048	18274
687	10348
13749	5259
9378	19354
6895	6387
19451	11411
778	5954
16202	16715
670	1469
10195	10025
1786	13564
15179	9808
6586	5169
115	8409
2428	13338
16774	3805
11565	9912
10344	14922
17017	4922
843	18107
14956	4793
16013	12959
2297	9799
12896	16599
9584	1983
5124	3659
13558	2657
14478	12974
7697	10065
7992	9900
6642	1549
2212	11157
14723	8240
4165	1741
6688	87
3832	14155
13686	13986
3102	3321
1479	12543
13054	18817
18883	4501
17207	3789
11253	16064
1360	3286
12588	13697
7804	10832
12449	8809
16689	14254
13515	19169
5155	8142
18135	5817
1159	2336
9236	9690
2742	352
5778	15227
16344	8884
6069	16695
2741	18303
13400	12490
12791	14407
18680	13119
12485	18037
4226	5707
18144	4857
6722	17276
12363	15950
12630	18366
10627	19004
4405	14536
9121	8969
6781	2918
17606	1607
9360	15934
2065	5662
17835	12417
18332	16272
5642	13099
8786	9339
2929	12335
10081	15568
4962	17844
11616	4783
554	14793
9772	1748
18287	9834
11282	16899
13050	1362
17925	18884
7665	4608
15662	3044
15156	13378
9585	17515
12054	6921
12023	6752
11380	577
7803	17671
16918	15084
3393	13107
13045	2652
8404	15450
1566	6357
2219	13913
4373	5038
683	18959
6818	3090
16637	3249
13414	4656
11966	1103
9005	7064
9916	8920
3904	14199
8300	13882
18324	2660
12993	15370
10897	8083
9377	10107
2050	8242
11807	3917
15209	11668
5691	14787
6252	1576
8527	1769
11934	10663
12579	5710
9679	16414
16200	120
14530	7192
14430	6676
14461	3092
19556	581
4977	8128
136	5655
11112	7322
2218	19627
4005	6464
16477	7978
8431	18746
7139	675
14174	16663
9844	13027
6974	7210
3619	19592
19570	7990
1710	2053
16496	10516
15260	15081
9751	15630
7338	4986
8602	12744
1390	13391
1466	10148
12431	13861
2333	18855
7322	16809
3629	7347
5626	1884
11335	11821
2704	3536
16206	4813
9289	3829
7988	6836
2026	17568
7953	9541
7360	1603
18889	10616
7867	11345
13656	15964
11761	14604
17693	5550
18301	19794
7780	4818
4910	14486
12809	13269
15213	1966
18946	8874
13818	7799
10065	4443
2804	5482
4746	16451
4267	7645
9080	2964
9555	15150
9423	11863
18061	7076
2421	19961
484	6072
14976	4990
6923	10496
14614	16206
112	1110
5138	10278
9350	3968
1386	16219
5042	19744
12873	8620
613	3235
18639	14330
5194	6399
15751	12314
1143	7153
1639	11181
10302	16056
10839	1095
4569	14304
13453	3871
16812	4276
19633	181
6939	903
8813	2482
6838	11055
1185	3899
3030	6712
11634	17881
15877	9999
16233	15138
15262	1262
11020	1418
4309	13551
17684	18463
3533	2210
17983	13433
1713	5955
18512	7364
1824	13140
17368	7890
19565	11081
14062	2350
18013	13702
1241	13563
5567	1430
3596	13499
6499	8283
3447	5239
9164	7047
2178	13034
14386	11244
11278	9997
8926	11850
1711	13919
12568	6118
5644	16154
8313	17690
16455	4699
8809	1561
1355	15181
12722	8516
10187	12177
6732	10738
218	14720
14726	14151
1012	2843
4292	2549
11865	12208
9593	4776
11972	3166
18086	11969
6084	17101
10293	12368
8674	9571
11953	8172
14158	19903
2539	3875
1537	6918
3109	9447
10113	3689
2966	893
11868	7894
7843	7127
18096	3406
18384	13362
8419	5044
8909	14248
8288	16578
3998	3267
16510	9955
13847	1260
2343	3032
10326	3848
9038	6809
5862	876
10347	13538
15257	5167
3298	549
9982	7746
9505	13545
7491	9135
15189	19120
5286	14003
14729	11086
18448	8731
8636	4197
12247	15645
8367	15371
13113	8834
13290	9600
2052	17651
14833	424
18711	13237
2487	17765
12047	943
10045	1907
5160	6291
14081	5693
19590	17083
4845	4664
10353	10003
153	2275
10095	13181
2296	11576
15585	2811
994	1097
16053	1351
13940	19045
11830	13802
18842	18803
5775	16442
7072	18854
11138	3193
3601	9450
14523	19517
15534	15094
8971	9459
18982	4
12182	15888
6756	4562
15212	346
17306	9455
10021	4553
16381	19380
19287	7631
6122	3361
6197	10868
2207	19698
9032	8541
18918	6296
17398	10660
547	3792
9990	6892
12665	9596
5038	19938
1999	13736
14898	19125
12139	9002
2492	11142
386	1325
5504	4658
6010	16361
7699	17432
471	15189
7980	13371
16860	2980
14702	3121
7820	5060
17213	19116
9270	12322
17948	12609
19395	13100
14014	15412
8688	2141
19133	5035
5141	14951
5384	12781
15749	14387
11402	4751
13085	1862
13463	19883
5651	711
12229	1960
15667	13817
10335	5137
11246	14405
6351	10484
12738	4715
4482	11001
11537	10659
7088	6597
2321	18732
413	4957
17471	2364
15017	13128
18584	2854
15594	1655
12413	16801
19396	10481
12990	888
1802	16260
272	10662
3561	4337
17479	16240
2226	4558
1232	19343
17458	3676
8485	10392
7078	16802
9098	17537
15600	10647
16003	11635
12975	19885
17546	5427
794	1879
19338	19768
5015	18545
18577	8107
1327	19970
4339	7584
11418	13643
15653	19377
9658	16456
12011	12249
11552	11904
19575	7111
2839	10030
7172	6650
2435	5049
13089	13070
9119	5983
18608	9906
10502	12845
1582	1466
4150	13173
18949	18577
12585	18748
14472	18428
5258	816
17410	17209
9771	16194
59	19574
16822	1797
10179	17848
16921	2849
16916	16647
6227	15508
19086	554
5763	13028
11202	14483
9375	1330
8541	15483
2220	8404
7179	12600
4262	4645
13699	6350
3569	4817
12395	4386
8947	1519
18551	10591
19243	17461
4812	14821
4199	10028
16195	11369
2152	2383
8461	9592
5041	11700
7289	10597
17241	1711
14148	9278
13049	8365
3965	483
5633	3701
6105	8094
9013	16913
2128	13808
18161	11995
10526	14973
2794	7154
15410	7075
15268	1742
3151	17381
16547	6262
6185	9774
8395	18608
11649	12786
11359	1214
9885	7606
9815	5018
1121	16173
14777	9294
11660	6153
13527	16372
7901	3955
16400	17646
17981	16248
18320	7382
17661	4966
11390	2157
12386	9616
379	7893
18735	18042
5832	11923
13841	2542
19649	2998
19637	9573
17347	19357
987	17264
13248	13824
17496	8802
15384	19299
15994	12011
9180	6435
14051	17466
7137	9187
9601	15882
15932	25
16265	16355
14109	5548
2681	19153
14389	15859
16961	19657
15326	14280
5028	9800
9194	9312
7052	15682
19472	17683
8616	10787
19130	353
719	11151
16784	19739
2154	5891
6980	10189
17765	1064
12305	8712
12801	4041
4603	3970
1127	4500
104	6731
14742	10546
11317	6040
2300	3694
9695	3818
2707	14024
8589	9835
8820	18442
6804	15016
3165	3521
6953	7979
17311	7480
1946	2599
15337	2448
13824	19360
8554	6059
1709	12784
17117	6625
2186	11906
4638	12339
18866	14655
18404	2489
6333	9602
19572	214
19295	638
6731	3634
6727	8923
18709	1919
4884	3747
18121	713
8591	5187
10879	17518
15696	14830
17005	778
7056	7331
6318	6950
9635	5457
6061	17357
6758	697
14402	15978
2126	5879
14422	13475
18864	15941
17724	14473
3925	6665
13877	15537
6260	2550
4657	3991
18784	9369
8943	381
19190	14321
12856	9607
19010	5280
2679	7164
1212	15050
2469	9149
1087	15718
7941	4860
2278	11885
1632	12530
9357	5237
6211	16566
12763	5136
2877	10769
8518	13733
1040	12010
18856	11042
17896	9821
4574	8396
8847	9041
3145	8040
8577	11047
19125	19322
14492	105
5100	6246
16487	621
12286	10545
15631	18625
9169	9843
17811	12237
12490	15076
5898	19445
2104	18956
15067	10653
10107	15591
14186	10128
1731	1461
13458	9727
4485	18856
7574	7262
18953	7716
15027	16386
3319	15767
18760	5537
15123	8123
10577	6068
7523	19583
9317	52
11793	4101
9017	473
11300	16182
95	12194
6967	19420
8707	4120
9768	5949
9186	774
246	17152
14047	4277
5052	15544
2766	9725
15438	5479
11798	19654
4781	15922
5175	12988
18497	5803
4173	5378
9549	12925
3364	10317
12157	11454
16094	5660
6209	202
18479	16744
1793	4708
7002	2973
8007	18850
17660	14900
19071	19023
7051	7963
5568	7005
1093	16981
10323	7734
5702	1760
9381	5360
1173	7077
10721	2079
12052	11691
6716	9907
18565	14205
16821	16347
9088	12500
9698	18767
17231	17121
16080	11422
16029	3429
1517	12941
15385	11256
14271	100
17011	13657
8019	744
9359	2700
3236	17256
4385	19833
170	6954
13804	594
15843	2412
12867	9299
7822	11140
15459	2838
11562	6341
6194	6569
6690	10212
5471	7020
17169	8756
17473	6195
15174	1070
6833	15354
7034	1740
11764	5491
16353	7933
784	12101
11530	6488
8065	18706
6521	14754
3985	18400
10184	1774
6558	14551
9023	3486
2464	10517
18258	383
11602	17100
6595	11130
17052	13712
266	12808
18571	16053
3848	14191
6739	5281
17446	10041
11926	17640
11040	3276
3046	11894
6369	2249
14518	13741
4936	312
9534	4642
4471	10275
15976	15180
10438	5838
4295	15156
4559	3405
16075	203
17225	356
1385	2649
14583	870
818	5487
7201	15185
4752	12752
17517	4425
11759	5843
12137	17864
4698	1501
9451	18974
5380	17301
3801	4659
4319	12346
13213	12604
14982	2086
15621	17965
15953	5058
3958	19564
12295	3385
15290	568
4272	17613
426	16881
10593	19278
10709	12394
12584	15090
6297	2442
18995	17941
17474	4421
19172	4504
11299	6215
14508	4390
16888	5121
3390	7410
15395	14042
15849	4453
16485	7784
7933	9779
12694	5286
1599	2193
16864	6299
12708	16171
2480	16587
5247	7721
397	10729
18563	4819
12559	7377
12315	13134
17769	17041
5424	16798
3354	9
14768	3188
9450	4675
10420	17365
6434	1099
10888	14111
2848	3093
19253	12825
14352	15982
8326	53
11270	18941
7888	10312
10713	1877
4321	1139
17089	12779
8957	10084
4787	19753
2924	8720
6254	3190
1400	3351
11553	14886
497	15929
17316	18130
5009	17388
15950	18998
8608	4037
1511	13844
12141	7590
56	108
2576	5095
6943	7061
10944	12875
4943	14533
1533	8615
14127	8412
10097	6036
10423	13613
17979	15808
9897	13207
8935	351
18053	18867
19126	17979
1698	3022
12817	9327
2364	7702
9262	10370
15956	16835
4631	9652
16466	11879
6131	7977
16955	19407
10812	9867
8214	1009
19275	16760
15275	19533
5363	19786
12284	13849
12935	2026
1495	3335
185	10745
6983	16238
1044	3531
1668	4000
15910	6516
17177	3510
8153	4674
3861	6819
10519	19811
17185	4154
167	10882
3806	9360
5719	16980
8721	14722
4132	2840
15259	4150
7951	16300
16747	4133
2007	13397
18824	2021
1927	5292
36	1441
1258	7545
3294	6688
11404	5180
3004	6868
18991	12724
17510	3671
40	18461
8500	16721
15245	14216
11049	8044
5336	974
5668	16460
11610	2319
13941	6450
5617	7008
3312	12669
5166	9680
9937	7640
9398	16672
11275	5951
11804	17665
16984	10834
19364	4350
18283	6095
3694	12977
3275	4436
7950	2595
13994	5703
9454	16553
12496	5340
8285	1201
8730	2590
6922	17177
8135	18179
11520	17140
8890	13656
16770	15694
12117	5328
17033	18832
3836	6229
2983	17704
11938	12021
5348	9522
5088	12275
8865	8567
17619	19865
4881	8278
3873	2852
5385	5200
7552	17320
14540	18270
15544	11178
15494	18775
1515	4291
8615	1314
10043	7982
4567	8132
11904	15592
12760	9233
2713	5602
8834	7282
15648	19989
15420	16755
18254	1853
12804	11235
15879	12743
13232	3713
13200	9311
1732	11184
14440	748
5056	10990
14514	5708
2657	10871
5482	11246
16062	9326
17275	15608
2660	4770
2411	556
12571	9854
12472	4458
12377	13750
9254	6913
5718	431
5509	17450
6339	5078
19098	14524
1966	5372
4835	14638
16239	3055
5722	14194
3260	2395
2141	19000
17019	11598
2533	12659
9913	12757
16415	2455
2883	11301
18545	14068
4046	18052
13413	1678
1943	9682
954	931
1261	14684
14333	9698
5872	17394
1116	3989
13683	7277
15218	17655
1579	1167
2889	3886
13619	14511
13912	16530
11618	2250
1538	1083
2633	12044
445	9195
2874	15487
6442	17804
1700	15410
14752	11776
19329	3458
14541	8584
6480	19955
18101	5621
12140	17217
17579	714
16986	7658
697	12147
9765	3280
4325	1249
10977	5748
16979	16001
17617	3921
13323	16203
5268	5637
11232	12813
10324	18629
666	11773
9240	2942
15350	2096
4088	1577
481	18508
7225	3211
10671	15107
8122	5397
13179	2997
14197	19577
13185	9547
5299	16551
14714	12727
1460	13922
14517	1310
9517	3435
6594	16507
9064	6363
4488	1349
6420	818
15816	4993
2011	14974
3858	12403
10340	14176
2948	16886
13882	10157
5262	7701
655	16931
1312	7650
5235	8110
2689	18686
19230	8416
3624	2367
10315	4631
12120	10830
8369	171
18133	19011
6040	17370
11534	14137
9814	6619
4934	18168
2460	19200
19081	16278
16251	19095
12322	6539
5402	205
14233	2408
11191	15593
146	18609
11654	19457
11866	6168
16357	14832
18154	19291
14718	3513
866	12803
16976	12981
8143	18156
14669	409
14300	18849
13748	6448
12222	18210
18659	2059
5693	10908
11255	7431
9276	1307
7456	11972
4549	2708
33	7141
9797	9144
13228	2781
19567	1624
5916	5870
573	1221
7545	15320
8925	17099
7799	7573
6093	13494
6404	9681
7298	12
7623	5039
4011	8480
12220	669
8208	2047
19292	4312
4289	5769
5419	14223
14871	7961
14816	4707
3180	16603
8520	1031
4033	5373
3782	777
17609	19091
14004	18341
83	2418
14790	7588
18443	5679
2474	16290
12538	8377
16484	12913
17987	7424
1951	15577
10794	7771
18460	5265
14423	3072
12734	3633
13318	920
924	18195
13201	15714
19394	13440
13229	11071
12406	16836
17613	414
5338	13110
12446	2729
38	12957
4370	231
13305	6354
10378	2669
17924	1839
14198	3148
3934	646
10414	2486
9410	15346
2649	10259
15205	14544
11564	8944
2116	8145
16996	12440
12085	10430
14709	14766
11118	8449
13071	5734
18410	4321
4366	9743
18818	11352
16410	1737
12915	747
13845	18072
3541	11562
17704	12451
2338	1772
13177	14625
13525	7215
5923	10800
12713	4677
13144	15184
2387	16697
322	12373
19207	14585
16901	3263
9212	3338
10820	19913
17176	6842
17302	2929
234	11217
17646	2429
6341	2853
12304	4655
11457	12800
18077	6757
5104	18238
13469	18489
6954	2773
12955	9011
12161	14004
11724	13353
5039	11408
2306	19313
12600	15247
2594	6078
4113	2911
9458	18399
1897	16259
18772	4972
12877	19338
9120	6412
8838	4845
11018	4420
12835	18772
16701	14682
8886	19216
1505	3570
6857	2986
6984	13169
8274	1900
9031	10387
5701	1238
13976	9639
14407	1289
13989	12936
7779	6011
6385	6149
15660	2926
13763	13047
14418	12266
703	3455
4463	16953
2388	9385
13335	11943
10662	14180
7657	13945
19264	19378
10102	16930
16130	12419
10461	3476
15730	4855
18020	6257
14116	10749
6470	16310
7408	12997
15936	12677
19319	535
3835	3016
5873	10773
13819	238
11896	14240
17909	12557
5408	10465
13440	10988
14917	11654
18306	2232
3947	2002
11853	13333
10181	3866
13212	6144
14183	576
16160	146
2112	5672
5412	749
12307	4779
6390	2814
15732	1623
1218	13458
9763	132
7452	10814
652	2746
9611	4258
172	3540
8397	11618
15381	7222
16180	1784
3103	9517
14512	7777
17384	14723
19165	949
15362	1388
7674	8024
878	11522
5457	18321
11738	18412
9582	7344
196	3279
10921	8021
16420	11996
17013	18582
4658	448
2056	17001
1028	2208
6910	6890
10328	18425
6279	15457
10754	14975
2146	10737
7540	19369
2683	1761
9251	803
1708	7374
11201	6862
12150	10782
8100	7197
7043	3665
14042	8344
11719	3033
11788	15515
5776	12452
17963	18622
1406	11641
5910	3377
13328	18050
10932	14521
5483	9146
3437	6083
15343	7495
8198	13247
15096	11461
18011	8669
2068	18383
13498	1452
7734	7591
5438	19243
12977	3988
17869	13402
7402	3102
15214	14543
3206	16965
5349	2099
11308	4934
19392	5335
2133	536
9192	13424
9662	4611
3396	3584
251	2970
4554	6346
4168	12741
13973	4840
1764	9501
2370	12681
5622	13798
5886	14372
16016	6682
12683	18968
12053	1281
18334	11052
190	15807
13412	11180
3586	12774
15744	654
16625	15619
13756	12153
17014	3560
13512	15222
14093	9611
8174	6010
17966	1012
11319	7451
8596	13072
8132	9267
3357	10452
13260	10407
6229	1671
11339	4929
1963	12621
4403	11617
11444	8829
2483	2959
12757	9084
10092	12598
3678	6865
3834	18628
8442	8184
17038	4615
6360	6070
17048	11216
16781	7477
6436	14432
4728	3927
6283	3497
13237	19301
7833	9264
7815	15165
8778	598
6132	12226
11858	6267
16170	2209
11012	19897
608	10845
5584	5252
7490	11557
6582	596
5588	18559
9705	8751
3229	7203
12959	12873
2888	16724
4562	5962
14908	14729
9301	5516
6022	11934
10026	1041
9608	16624
1677	10451
16362	14705
15392	9962
14495	2982
14041	3652
7907	15837
16768	4302
15699	4272
7520	18265
1245	15606
3014	12529
15510	18046
2020	8572
10749	227
5998	7852
16457	14949
12349	8555
7417	525
19348	6417
9945	13630
19491	17118
6032	1586
13507	10291
12402	17544
2982	16180
18481	18808
5401	11103
4346	7360
3666	5594
7208	14384
9820	18668
18462	8521
11777	3180
11744	17402
1798	16977
10082	13508
1759	8605
1810	8065
9190	12234
10415	4928
5445	12002
5180	17109
5386	11258
12688	19082
17524	15347
12547	12583
7448	12876
5758	12286
3028	11141
17211	8722
7285	12558
12374	5196
1102	15685
626	1727
13461	14136
13	19688
9323	15832
7291	9679
18296	10822
6067	12036
6004	1331
976	4591
4747	2116
11718	14714
15473	1298
692	9770
7293	6669
9265	9070
2073	2580
8179	12434
16971	8058
4508	12188
17518	13228
7636	5776
2036	19388
8098	11752
3169	13898
9588	3656
15292	9048
1324	14505
18904	15813
2486	4900
8078	16720
5925	7257
16973	15254
3306	6413
17270	7666
4222	19117
6149	17377
18867	1763
17667	2423
7886	10711
5639	4023
13381	4902
17294	17787
11977	14908
8917	14050
13646	10993
16295	5380
8350	6994
17542	3834
18195	1702
5238	17469
10243	19925
15855	12081
7036	10087
11867	11979
19377	4681
16334	2161
668	19901
10496	6236
11959	438
6778	4031
8938	7302
10893	2335
3203	3074
13997	2469
7348	18693
139	14222
6431	5072
8548	17495
13015	2282
5656	16773
17467	11457
15750	3860
17158	103
13553	886
3405	13368
4190	12418
5657	2244
16832	6288
3728	17527
3301	7617
4490	4092
7859	17994
2095	14985
3377	15715
15387	11266
10660	15389
13450	6741
5959	14571
15908	9775
14449	18413
19430	12360
4604	2405
6824	2555
18281	10923
3056	19480
7741	258
1921	9658
9910	5068
7151	1119
18440	19280
12173	18926
10501	19728
18110	10330
6505	10047
11266	3404
1298	14576
854	18105
6068	16021
11633	2238
18779	845
8817	19483
3401	15969
6673	9435
6568	2473
7610	7926
18527	17581
4032	1153
12923	17531
5958	4393
16562	8419
13157	14477
679	6930
3659	3628
6749	13559
9258	16141
15586	7934
2454	4004
18048	4550
2916	10274
11408	2371
8708	12619
19305	8946
1650	8603
13158	9473
13850	16725
343	16989
15332	2861
19514	4814
2273	17436
10896	572
19525	13670
15658	17852
4255	9715
823	7098
14661	12708
12735	13632
12464	17055
8441	11575
9324	7509
7489	17824
9084	10959
922	3147
18805	11114
1274	13222
16882	6060
8970	15334
1041	13848
4203	7801
8833	19871
10153	1614
5560	11289
19278	951
18104	3574
15112	7073
11922	355
5125	13742
3238	10583
15076	17065
13042	15218
4284	5345
13344	7718
1828	9989
2281	6091
3821	9373
1721	19221
5449	14798
8882	13286
4192	2562
9748	1274
19008	3935
9542	4594
14603	13695
19536	7806
11436	3650
6534	9033
13418	5356
5601	4597
18239	7058
1288	18397
8136	2581
1991	19331
12282	8675
11897	17312
14021	9908
1703	3101
3789	8209
3302	8269
15476	10724
4430	18427
6484	1514
341	117
10098	4034
15345	706
14323	13150
9195	5135
12421	11600
2668	12916
2785	18060
13386	723
10329	6256
6357	4219
9261	8384
12189	7289
15425	14805
1664	10298
11329	8007
11933	15789
1958	15858
13974	2029
15433	1018
12793	321
16944	12919
11710	10579
13267	19532
4500	3322
969	6109
5171	7018
17749	16499
9129	15864
6664	5635
18911	7885
3006	14392
1339	6941
14690	6487
8784	19052
19563	10482
13105	5794
2062	17615
19589	19194
16219	17111
4026	5515
2964	18440
17069	15556
18926	423
13145	15357
1715	3275
6187	16753
17867	17570
18300	15368
2160	4575
14593	16316
1085	8837
6581	15481
11482	16484
12937	15546
7614	16430
9308	10657
14438	3452
18613	18861
10042	16252
15014	12383
3840	2789
10619	13006
4347	16143
7428	3502
10071	16158
9806	5930
5541	15374
4789	4025
7335	18347
5767	5540
6312	11272
8106	8427
758	9914
3670	18639
13130	10634
6977	10997
527	9480
7744	13771
12858	6610
11676	16868
18167	6203
3956	9804
7991	16428
6515	1414
4158	15137
9028	18978
13345	13399
14406	9845
17114	2794
5435	2461
4425	12504
18770	8740
4632	18853
8403	7515
10402	2069
15720	3583
1845	14750
18183	16078
16732	7284
1871	17643
18469	436
16196	8752
13233	10918
5756	7508
9431	18648
2650	17673
9819	6595
2290	15148
9162	11472
14806	9430
340	14519
319	8547
16536	2301
15042	3662
5631	1032
18741	16970
15692	6906
6677	13965
19157	12831
13059	10154
17685	11836
7842	10320
19196	13729
16608	15763
15713	4612
12851	249
19547	304
4233	9810
2034	13431
14264	2264
11863	992
13299	8601
7725	9185
17325	1063
12796	8936
546	4028
2998	14127
17962	11054
69	19417
16831	12683
9959	17003
16298	1122
7023	427
6398	6794
12208	15581
12534	7619
4045	17011
3709	2098
19469	18228
10840	15911
9318	2105
7287	8698
14990	8428
16601	18044
10733	5202
15899	18172
1488	7327
2143	10477
12084	5676
5277	10528
13717	1689
18525	987
6263	11612
9547	4402
19185	1871
4935	14896
2208	13343
11912	3892
1368	14013
17715	13571
16083	1313
17184	10508
2803	9066
3408	9244
646	6026
17799	6482
11570	14298
4388	4329
4741	1334
538	10695
12822	7687
10717	372
19174	9076
13653	15870
15031	13725
16713	12219
236	5721
13497	463
14596	1338
11899	1504
11427	14553
6189	19638
14451	9462
17949	15631
19580	16033
15233	9333
1347	6305
263	13330
8226	12246
8224	17889
507	497
1502	2424
18419	16054
7962	19977
2801	12964
11925	16805
13816	2185
19383	14355
17525	936
7299	18763
16521	17014
1170	19575
4986	3436
13020	5787
485	5920
15657	8843
7170	11810
16994	4057
16435	1555
12155	4234
1034	175
12367	3056
11264	5126
15623	1503
7281	14903
4010	7176
8579	1510
526	1645
17299	12798
320	11307
8653	12940
17253	15572
371	15356
15114	222
11571	15228
194	6311
15364	17292
12705	15991
7931	14758
17780	5846
15874	15448
15795	1023
4381	10994
518	8171
14810	19540
14008	5991
16146	10940
4149	16463
18964	14077
12261	19261
2162	4890
12679	8955
10351	1738
14636	2117
7865	14224
11318	10245
6079	17347
4315	18302
15448	7226
11041	1957
3849	11590
4200	6439
748	17783
1014	3822
5812	10468
15709	8895
13530	8626
17346	13138
10515	14178
11414	17368
18470	1399
11528	7230
674	5300
9730	15245
6801	3854
8271	2286
15583	5311
14671	10919
4866	16589
17929	7430
200	7830
17418	913
4019	2242
5818	16012
18832	11901
18403	5738
6912	9519
2774	6460
3526	1699
4765	1788
14493	15908
16403	19455
6641	3613
214	2988
2252	19884
2584	6708
12160	9061
5896	17955
3593	4342
1575	4915
10055	14264
12098	11440
239	14487
3668	14880
6388	17274
2802	15214
11535	4255
19108	15891
988	12787
2687	7415
15820	19246
19591	7345
19115	11523
18425	17628
19594	14865
1035	9080
12330	5248
14569	19749
17890	1996
2712	10641
4771	4126
11405	13912
6930	98
13909	18004
2828	11222
18429	3135
7534	3224
7199	14229
5228	19914
4148	11275
11205	5344
2550	9699
2197	14736
16654	11647
8114	18315
4595	16967
12550	13080
18787	6351
3576	1567
6370	8868
9626	18419
3339	10039
15270	165
1246	13758
17056	5848
8758	7375
11921	7688
1276	10271
6224	3216
4368	18869
11667	7119
5538	13768
9994	14261
17070	19709
11767	18028
9803	14680
166	2462
10865	15345
440	6268
1968	11018
8064	16376
13259	19108
12339	5782
12462	2898
9706	5463
14764	5858
17074	15700
1496	770
9717	9928
4501	7208
1450	1276
3075	13782
19121	7539
3537	19181
18723	2634
19409	6348
12317	1280
5501	2290
15783	1639
1351	1382
13967	8008
6281	16402
1619	6336
18471	13095
5201	2744
8502	386
9145	2802
4778	9954
18523	7074
6381	4483
3237	19333
4028	7105
2371	12524
16883	16306
15145	7459
12889	4566
16679	13718
15900	13452
18455	8455
10223	8930
11646	12248
6713	12056
5680	2723
14696	14444
5844	13198
17291	9180
12244	1061
19457	12739
19349	17616
19201	14379
14870	15403
15226	9995
6387	4328
15224	2050
993	19097
1993	2546
19515	10382
12940	14065
845	9897
18605	11715
14607	2701
3726	8941
7651	8687
17417	9708
3855	12536
12031	7271
695	11109
15277	7731
14930	8793
17566	16097
17851	10290
17642	16017
16616	8124
9349	18734
15358	5651
17278	17582
12842	4634
15921	884
9198	2113
17100	13373
8631	15949
17939	5528
549	16675
15563	16814
11967	1687
15707	5911
7558	3979
3485	14567
6119	944
6064	4313
6729	15154
9279	14926
13832	19941
4878	5391
4586	19358
1702	10817
14286	13668
10988	9493
835	10450
2228	14959
10700	7927
12002	11916
9099	19375
16708	13587
4195	19162
17442	11735
11465	9074
1882	6161
14120	6209
3623	10781
19215	1209
19054	7729
15914	7042
12797	6723
1940	985
261	794
13402	17437
19257	14728
10797	19799
3725	18268
16923	5861
14377	11729
4563	230
4056	2130
9030	16323
7853	18349
1932	3958
6714	5205
15659	15737
3099	11650
1549	19953
17964	12649
5279	18993
15242	5578
17349	10778
2743	14288
16629	15525
2703	6967
12536	6850
1941	13420
17379	17186
7125	12515
16138	18969
10714	14611
621	1764
10061	16560
19356	5210
18622	7202
15871	16664
16900	13257
19308	3572
19023	309
5805	13595
2752	12013
1098	17880
8617	14546
5573	11148
16572	10914
3987	10328
909	17474
799	6559
17825	2815
14544	9190
19352	19626
982	6557
6544	16935
18700	3926
15665	7296
18931	272
1778	14188
18630	13091
4570	9086
4100	8393
4611	13328
826	7323
15029	12351
660	19038
2939	3469
15552	3145
12483	13550
6992	6522
522	7623
13817	4054
3620	3319
19521	18766
2295	15695
16088	3626
15920	18944
18120	4858
3374	15315
3856	12905
6886	16061
2351	10935
7110	15553
11106	1822
3674	19775
14608	7918
407	13615
4539	3847
3665	4226
7411	1219
1345	3744
4545	9760
8740	15424
14839	15909
11697	5215
18174	8050
12019	13720
16663	13504
5293	6844
6298	6887
3101	7654
8387	9617
12075	13682
6086	18793
14393	16978
4896	13856
4855	12159
13991	1502
6054	16468
10592	606
4902	14099
7935	8417
17790	4586
19371	16911
6133	10279
9093	18984
19238	12532
2561	18524
2665	10206
16785	11766
6085	11294
3943	709
10740	10884
9810	13927
14778	9380
10271	16086
8716	15358
18170	11350
10947	6294
11829	3136
9576	670
1576	19801
10710	323
13134	9659
2596	10495
18274	15666
6109	14448
2556	19316
4510	16643
12820	18462
6016	11586
4647	13924
17837	19899
15635	19607
7648	18011
17163	4314
6780	11064
17824	8082
17415	6988
5014	12510
302	722
11077	11121
15584	19499
11224	480
8201	11263
4416	8009
12174	7807
9782	18317
3343	16994
9001	18947
12255	12402
5372	5530
3900	10357
4963	11314
14293	5405
19390	9424
324	15340
3068	12828
7017	9225
12275	5266
12414	4082
11119	3477
14224	19345
12183	2935
19479	3765
9249	55
16099	11546
8955	5958
18057	2625
17758	1631
15622	216
17138	9524
4093	12541
6025	918
18426	6548
9019	5161
4029	14624
14564	18260
5151	6643
11753	18132
7619	10292
12453	2120
7866	17462
16408	14554
5772	11403
13379	16268
5999	4379
13894	15602
3257	16548
4250	11102
14278	6974
10605	6706
17630	8607
14325	12689
1779	610
8127	19528
2849	15641
5128	17947
836	9526
7336	10876
9433	14712
9472	5432
929	10944
14865	16922
13393	17974
15445	17717
14899	4760
5436	4859
7664	18843
681	728
6611	2512
9644	7595
14482	19988
7509	11679
8107	13245
8677	16257
7074	1778
15144	10880
7659	3503
6090	6810
3346	7954
8651	16906
5980	8905
16324	12427
12989	7843
5526	16901
15258	12747
10185	241
14827	18444
10142	13464
10387	19813
11673	5912
18852	2436
1281	17219
12465	17511
17429	17900
17097	16660
9812	6434
4606	3020
6663	13423
17193	15215
5781	6780
6989	10606
16875	12763
11903	8951
3795	17732
7028	986
17789	12009
3563	6779
5444	14885
19543	780
17792	4288
17232	930
10492	12161
14245	10264
17355	12586
16182	1288
15397	874
6078	5779
18589	17188
18570	8336
15733	6987
16044	12722
12308	13900
14154	4913
15490	4119
19	7835
345	8859
11104	4095
16174	12961
2769	13435
4105	11782
985	6047
5417	19954
5669	17448
11774	1728
6401	398
13336	555
18451	13661
1468	4727
17537	5942
19075	4168
3332	331
13479	12409
16709	16876
15079	7616
14706	19236
8843	5477
4952	2548
4818	1162
14200	1556
10177	6878
3962	14689
5433	676
19180	10897
18989	5903
4420	12358
1193	2181
14875	1106
15203	18018
8057	11415
1004	14740
5458	7506
5084	16607
8660	1278
11621	8369
5535	172
10919	19205
11548	7031
6937	16667
4889	6877
8162	3658
8076	9059
12629	3648
18100	11174
17868	733
16037	16572
581	5933
13505	7132
2858	15520
5486	7962
15503	446
9314	2234
12268	17005
11841	13396
9691	6465
3867	15741
14212	19542
3583	5777
9202	5569
11879	15972
14910	12350
10795	5989
3230	10716
14356	16279
17615	9636
7434	9597
7152	4417
11533	6732
1402	18332
1171	19640
2706	732
7283	11091
798	11005
17405	13689
18764	11361
6235	204
1337	9052
2416	16349
8006	10540
7395	14100
13354	14503
19192	1391
4285	14594
16641	8610
4968	10853
9925	18707
6478	489
19604	6776
7453	16244
19094	7207
19065	8773
7692	4965
16680	2112
8041	14938
13875	17403
17055	14294
4969	15411
5355	5386
4737	5191
4464	8063
1604	3945
16658	11977
1283	5576
647	7306
2915	3708
6826	9689
4712	7436
14951	1204
16674	14335
3692	7239
1419	13568
13959	6140
398	6474
10035	17946
17756	12718
2014	2759
12312	8122
6926	17513
3944	3859
5416	2910
16908	686
7345	14049
19344	9761
5729	15265
10512	9880
3978	7244
3128	12888
4732	48
5797	12636
9275	7514
3338	11196
11122	5986
12403	16737
7968	3451
9789	2216
6981	9824
328	15332
11257	4517
16511	4206
9566	6206
18015	15712
4470	5293
17465	17675
19177	12962
19360	2342
15220	15284
10139	10734
7219	9781
18316	17590
1199	15348
4672	6917
1586	15039
17411	14072
10645	12872
11190	17314
5121	18036
9052	14484
1532	3206
17598	11290
411	14323
5429	6869
17406	4921
10214	4899
14489	18906
6946	1199
18360	5543
5278	12028
1219	15071
4017	2650
8945	15558
18342	5312
19111	18197
16872	9222
12883	9657
4327	13938
16631	10961
1931	17598
677	12466
18757	8718
18544	1684
17273	18953
17310	5462
3258	17863
12473	11116
17002	6701
9906	9284
1342	6049
18962	11484
12246	11311
1224	9924
6129	3004
405	18246
6653	10178
5877	873
17497	5045
19550	4971
15685	13698
11795	14231
17972	11410
6171	6386
11060	15692
8268	544
4887	5486
45	5250
9217	11502
3632	2124
13886	2860
7764	4481
873	12951
12711	1838
9406	3192
13729	11602
17930	781
432	4601
16338	6908
16267	2295
15765	15043
451	15540
3786	13793
8029	16341
7856	6218
18314	9189
10124	15671
9383	11525
276	12065
11336	7341
16896	5324
5212	11023
3053	13381
9453	2
6866	821
14488	712
9579	9129
14928	3909
16237	1040
7499	18337
7365	3949
8760	8498
8035	16344
4630	14074
12815	19027
18981	8475
12725	10334
8765	4145
17312	19642
17574	9748
19173	10490
17558	12562
10626	3070
6479	1207
16795	5563
3113	2864
2171	1090
13462	11762
5421	14677
15190	8479
10942	3384
11377	19702
5198	8482
5688	15295
3812	17837
2589	10666
13911	13897
14239	14596
8705	10974
3916	4164
3713	5934
12448	9881
11347	11414
3140	12852
13010	6251
65	19430
9929	6361
8133	10826
6712	17637
7679	18388
7075	15017
16296	15047
18558	16960
7461	19466
11682	7221
3186	3329
14747	14612
8289	2776
14657	19674
8360	14934
7949	1604
9564	18580
9287	3769
19260	18333
11372	5201
17475	4670
11986	15183
12823	5875
17776	18957
5709	13467
18526	1342
9824	10874
11915	14763
18607	2886
11238	18840
3403	11065
2237	10254
448	14966
15219	8039
16551	10575
8858	14769
19151	6332
13555	19190
8854	3986
8008	10115
6630	9106
15192	8768
8002	15435
11980	19496
10916	5627
2488	16735
7009	13936
3797	4847
13230	5973
8096	3183
15154	10339
7643	4912
17755	18695
9183	8003
9348	11619
8467	4184
10162	1723
3644	12865
14611	5687
19083	16062
12548	19762
4078	2806
16005	16094
1752	16117
8529	2451
16648	9870
6873	7969
11090	5074
7994	6187
4731	10550
9621	2207
18173	3515
5542	12696
18650	11407
9403	11790
17031	12361
7773	2640
16614	3373
6996	16536
5603	15610
4850	13760
15933	1115
8147	15158
11208	14868
5750	4795
4338	1233
2628	15125
7998	9410
16858	4603
11409	10901
13360	7325
11716	3157
13582	9807
9210	19659
5063	19021
10851	15728
6308	17445
396	14262
9643	17401
14984	14476
12131	13206
4473	9268
678	482
10720	12657
13141	19568
2905	5589
3751	3062
8732	10299
10918	5908
11613	13777
13636	5701
3484	10129
4423	16847
18341	899
10462	7651
13675	12736
19210	17039
17324	14116
937	5807
3344	8622
3116	17983
15221	8846
7541	9813
4491	1322
14815	3940
4833	9083
1094	18142
17883	1747
5478	9288
4858	1177
19017	6875
11277	63
5021	5793
12554	19101
14024	14200
1657	13646
5779	11105
16453	16076
9103	4179
13058	13386
17718	13124
16554	3168
4566	17076
9853	5166
9890	17171
13593	3030
14318	9344
2240	5705
2751	6761
12043	17523
13521	1044
1801	1093
9657	7994
7795	16273
2796	14568
9949	10802
2622	5128
7616	5297
12753	9325
12970	650
6549	3420
11481	571
9831	7450
18156	15314
18079	4440
8948	9564
9362	1821
3824	14281
9708	4849
6006	13716
3785	2180
9957	8680
2109	4214
87	13715
4220	18920
10431	3204
4101	14869
11655	4835
8881	14704
3017	1974
5854	4177
17208	5334
9739	15289
14923	3493
15493	5755
15416	16656
18215	11568
5597	11942
879	5474
6103	18973
1494	2714
11094	16337
1221	13340
14443	3730
4926	12033
13621	10294
13191	18201
5285	10448
8186	15621
863	10054
17700	16979
5390	13745
6879	15768
8339	7212
15799	12306
11536	9862
1823	16470
9501	11698
355	1697
8055	2521
6817	2225
17498	8783
4332	13255
2996	8873
7864	6411
8682	3783
10321	13422
14112	700
5134	13801
2913	18529
10642	12461
13778	14241
12678	10309
17877	16098
3884	6263
7713	4146
6748	16620
13715	19288
2199	819
14319	791
9291	19421
18704	13959
3358	17174
140	13921
13255	12552
13649	7298
17428	66
1477	13803
4286	16532
816	17317
404	12742
13570	7513
16382	14250
5162	14171
14217	16007
3898	19815
11403	13288
18217	16830
2798	2106
12564	984
15278	7367
1918	16050
13979	7582
11150	11237
9036	7939
2074	19697
15819	7741
7510	19294
7739	661
10287	4719
13331	11927
11785	18305
7631	2967
12998	4071
18126	11984
8458	11271
18034	14389
17081	19140
9979	9762
17222	444
13854	6781
1439	19663
17307	9160
15613	10798
12365	12502
9474	15009
1084	7491
503	18961
15741	8367
3161	11032
6266	2087
14637	152
15378	18913
13296	17953
13769	3114
7624	2783
16475	4766
3420	7783
11591	19558
268	10060
9653	7740
10140	13996
786	3383
14659	19597
14403	12507
8238	4094
3748	17817
18580	4519
8532	15745
7383	14092
8131	17530
10953	3287
7688	5842
4989	17819
3127	3947
13220	1463
6892	4396
15800	9359
9401	16482
8946	7847
19504	13676
11876	5877
13984	15803
13257	18626
13209	4411
14727	17289
8263	7989
3799	15146
9976	10437
10586	5985
10030	15327
18844	16130
5250	2446
6303	1344
4092	2494
13407	15506
19654	7334
2446	3700
17372	17790
14577	9420
6971	19218
19089	12076
13755	2285
19092	18126
1290	7428
4424	7817
14100	9575
12017	2695
17209	12754
4514	17667
16570	11949
17678	13829
14182	4345
11024	4367
18902	14162
16279	12092
10419	18893
14600	6449
18546	928
2949	11279
9256	4521
17259	1001
5054	19488
18794	144
7389	9747
8600	8744
15892	19167
17659	18889
13704	11219
1756	17552
18294	15002
7612	16871
4154	14652
4759	3184
5655	2938
4146	15672
12489	13576
3770	21
12800	4280
8134	2083
5485	17650
1033	6201
13064	13518
3505	2104
2934	7728
13718	4705
13468	14268
5522	17533
16129	16641
13622	6955
271	9506
28	18174
16405	7029
16108	4883
13132	251
1688	18587
13711	16142
17404	12492
16796	10786
14808	16600
4610	11669
19045	18703
15923	11187
215	3449
6775	14449
19120	14711
1629	5746
12552	2103
15530	3489
13388	8333
3557	5605
14007	1381
18708	8312
13876	11021
11596	5680
11956	19180
14421	10033
10118	13372
7392	18624
2935	9406
16201	4229
1751	731
289	8708
6348	7629
8062	2008
1111	11302
10585	4141
17544	1316
5802	11165
967	17562
5283	15271
17203	8445
10875	18454
1591	18492
17156	19616
6355	15455
10360	13317
14829	15880
9027	19244
7776	4773
5094	9958
16177	18282
5893	18864
15006	1932
2548	9397
631	17004
19202	6326
15336	16282
13782	14724
7613	12577
6315	719
2990	17123
10716	4355
10205	12695
4633	18911
14181	16829
4243	11661
13419	588
18679	5489
3911	8678
17170	19146
18027	443
8753	2258
12746	235
10059	10599
18366	14237
9445	9417
9911	18661
18116	19213
1269	4128
14701	6169
6232	15163
1260	11978
10201	19933
18072	15102
16422	15500
5736	6711
1844	19034
16878	11367
18807	16105
9552	9510
8371	18591
5636	10061
5672	18155
8449	6277
11045	15836
17911	19253
22	1513
237	11250
14159	15026
16581	13090
4552	7706
10103	9817
11160	11957
13017	8381
13396	18579
16349	8640
1010	17567
1190	13453
14996	6518
1498	452
10561	4438
851	13748
19035	5326
15555	1345
12515	9538
4145	11541
8733	9790
12740	3519
6612	6535
18418	6959
2870	10236
17997	10806
2761	3254
9964	9177
11711	14932
13524	17678
10027	17166
3847	7622
18568	11792
9284	2233
1567	12204
1264	5008
15887	16918
3366	1365
6249	16936
12335	166
751	7905
15133	898
15461	16242
16622	8309
4052	4863
16327	2333
7446	11547
8009	3382
11107	13121
5579	15220
6750	11028
11434	12751
12036	5314
7793	11853
10	17547
1354	19722
14840	18698
4529	6096
5550	8864
7190	14089
12201	14080
1002	6609
15348	15020
9012	912
2815	14947
5705	1148
2382	18150
17198	3313
7071	518
2927	3657
8294	7156
12202	10285
10889	8518
1389	10093
2151	6664
14055	16650
12976	11626
16135	12407
3862	5470
12262	15417
3345	13961
3054	10644
18313	14579
15062	8431
517	12533
11103	3410
7630	897
1461	11550
10369	13163
4706	8819
16987	4588
11560	910
16633	19664
17620	8736
269	7839
6852	8279
9972	8326
17220	2460
6854	7307
9591	10912
14092	17397
8779	18243
8137	1487
14588	16708
13966	8643
1860	7920
8574	4188
9044	18768
17086	9248
5294	15996
4175	15669
5158	2820
8459	8776
19141	13937
5954	11656
5494	6107
10790	12893
27	7155
904	6420
17505	15739
4733	12077
9536	826
184	18819
804	18557
18948	18479
12854	4192
18771	18649
18751	4805
12373	8631
5005	5754
5069	8108
16729	13566
6278	14397
6443	18469
2759	4476
10011	2164
10168	11616
882	717
7471	13367
7872	5851
15070	14635
9850	4811
14819	17338
7765	13800
13343	16658
8797	9703
14226	3919
3954	16350
4832	419
12390	11787
4083	10530
10981	1955
3427	18286
18817	1587
2845	4247
6580	15293
5065	18281
5994	5760
1484	12764
13153	18519
13106	1425
12041	13946
13133	7950
364	13045
944	5979
10196	15625
3219	1757
8670	9909
11295	16067
14151	2954
9436	9393
846	13077
8896	2902
2132	8850
10542	1224
12819	1590
755	18923
9465	10899
16278	2373
19216	11377
132	13313
8063	10691
12151	8406
5464	11284
5945	4368
4241	8909
1829	8801
19150	16269
1059	4429
16803	19526
19510	8723
4748	9756
13174	1751
1333	16353
9733	5597
9816	3693
15441	3292
17258	10794
8855	9416
12378	3795
16817	15985
6204	12325
5225	14131
58	19349
8521	6564
7064	2406
15868	11714
3924	6616
1026	864
4577	15216
2198	3757
13584	7500
18855	7913
3448	19644
7532	18781
19576	6642
11485	16598
18868	17931
15778	10460
6195	9096
18234	15328
1553	8764
14162	11014
8569	14103
16703	285
1456	1582
10062	15420
2719	17173
13620	8866
6587	19527
16193	15890
2145	2749
13708	5720
4080	15231
13183	12985
16397	17253
5666	210
10165	10479
2979	11591
18539	16934
10533	13153
2336	3872
10769	17449
8370	2874
2191	5815
10562	13260
1150	7403
16853	12640
7354	6855
6098	5923
2347	347
13918	879
1948	11439
17092	17714
5708	15139
10381	15730
3818	16873
8129	9642
15142	3456
6990	3530
18372	19624
524	18339
4364	6253
3502	19922
4609	16943
