6000
15206	1372
18658	4723
14706	15263
15226	2
14862	8948
1066	16281
5991	4096
4505	10927
3880	1003
15856	10980
6710	17045
2428	1258
18861	18079
8994	6111
15273	4701
4694	5750
2239	19381
7100	7761
5654	9026
5704	3105
10813	15509
7131	16739
15866	8454
17274	16477
19100	4469
6924	3558
10460	12869
7614	12123
4929	5670
5597	19288
8048	12295
7625	9150
15465	9445
4397	18665
3924	9576
13909	6075
16010	18138
18468	8624
12688	9076
1242	5685
12840	4931
14776	8761
18660	11566
14550	6368
19208	11994
1354	9355
11349	2915
10082	7395
17229	5179
7686	7008
16227	4380
13026	14910
9725	2024
8418	12029
17542	677
19248	7916
14220	14110
15260	8423
4742	8743
9511	19545
3510	10303
7110	19401
1261	3108
10430	12483
13273	7339
5467	5080
1102	16606
7762	1445
2298	1787
934	14627
5338	15237
8196	5760
1830	7737
19099	3929
16318	18349
13576	4229
4543	11247
6975	518
13646	5509
18853	8939
7072	18252
12221	5008
8888	4504
12005	1833
14397	5803
17137	12346
5720	18521
2641	15699
602	17429
5729	16086
1847	14768
15491	9734
14224	5135
5049	17975
678	10503
14255	11589
3157	17892
13619	6875
18096	5253
8451	2949
15190	8200
11696	17039
5492	8042
5539	12939
15874	2895
14956	13257
16546	8307
18364	18278
15747	4490
4017	1651
16334	17545
8492	11326
18646	6341
19326	15007
12642	1207
3655	14330
12731	4868
17524	3405
1834	14878
16012	16077
11873	11587
17573	6254
15764	16421
8302	11940
19090	3475
3863	3893
15780	1629
17454	19567
14401	7939
13726	403
14523	16812
4120	10587
15676	16428
2989	1097
2960	1574
9941	155
15083	575
2206	12850
14126	13932
18886	5653
1092	16638
6484	12872
17789	14562
11652	4084
15514	13240
18671	7689
8586	14331
14225	143
14975	2549
8730	18302
17010	12962
10862	11449
11545	12554
15151	5569
17188	7462
3931	2971
11473	16696
11892	9776
10042	3906
14682	11097
18499	10086
14765	4495
11621	16551
16673	12040
5089	95
13004	12823
19329	12036
4439	19223
6591	6525
7999	6071
4402	13486
17976	16229
533	8142
7177	18655
5493	2035
12378	10911
11536	9544
12301	3758
12273	14966
15705	214
3083	3519
1497	9925
3254	14933
18532	8335
11919	6966
3528	18821
12040	16833
4850	15417
15858	12924
7222	15796
16366	12147
16193	6491
1051	15619
11700	13885
9250	3931
2375	380
4854	13897
11232	14575
11077	14506
12183	4172
2629	10325
7242	4592
2984	11287
498	118
7001	13853
6904	16680
3230	14210
6457	12908
4121	12598
3585	9308
563	13359
14285	15126
13254	4267
18554	513
7590	8197
16269	381
3127	5966
2237	306
11493	13462
18238	483
2554	17163
6026	463
17646	4652
13545	12923
16972	12702
14228	5053
10756	664
443	4795
2456	266
7565	2332
6770	8262
13499	18829
15717	7209
16756	16309
9740	15887
10749	4525
5418	14840
13114	7936
7882	10821
9813	12266
539	1559
1482	13595
15217	7296
13552	3121
8890	13196
10373	16231
15379	6104
8726	12905
13995	2140
19221	3145
5033	16597
12285	13735
7784	17587
8715	523
10594	979
18157	13507
6231	7670
10636	289
12470	18968
7271	11784
7872	13360
8198	14651
1216	17010
12854	15576
14399	10202
1639	4055
7544	16957
3504	2042
9260	18437
8380	713
14643	12136
3057	15106
9798	8257
1427	15268
12337	2134
15611	1383
16957	6189
2261	5615
10459	5642
12425	13545
1269	5281
16965	897
9895	18682
11006	10646
14013	4955
10820	2694
13833	13939
12640	6076
1110	7924
9557	18663
7719	2941
2004	8871
18363	2592
18745	19198
6658	5683
6846	6644
10965	5178
14133	12614
8016	2228
4692	2780
11112	6285
3626	10765
7380	7946
9501	13495
1783	16738
7806	12418
3991	16996
13697	16890
562	4268
2911	4004
18013	13745
9197	10276
12889	13587
12972	8530
3436	13890
8539	4715
6334	17241
910	832
3108	1245
37	17155
4623	14036
8712	15200
17295	10658
7581	15291
2150	2293
11192	7870
17744	14006
15989	5107
2131	8106
1623	1047
15026	18853
15744	8014
1289	2013
18818	546
14611	9871
15210	7183
14264	1873
16732	2606
8427	16623
12713	7649
2759	13955
7030	5900
5377	17108
3934	7425
18850	5995
5076	1038
3558	17850
19181	16170
7247	18676
5889	9094
7196	2234
11794	7803
16481	3646
18053	17307
15594	16273
12115	651
11977	4249
10748	10268
6800	11604
9299	2825
1455	10183
4621	12092
19323	18555
541	721
12962	18977
16379	2251
4869	9879
1654	5646
17231	2682
15901	17924
374	4824
14662	186
7073	12919
18885	18012
2267	5949
3961	1648
8716	9351
6544	17090
8936	15910
6297	11427
13902	8055
16064	8630
4428	9043
19016	6885
15865	2008
2742	7067
9209	4048
4041	16139
7921	11869
17735	6204
7529	3474
11487	17625
1778	7834
7830	8999
2328	1655
8448	1155
12149	1831
17762	11913
8408	4420
11024	14798
14843	16382
11208	1828
11176	13254
4677	8058
5914	14815
19256	17263
19204	19121
2931	18923
9125	6326
15588	1285
6913	18321
1271	15642
13618	6542
8142	10532
4289	4301
12065	5955
14774	56
6549	4781
6096	1239
17258	10398
17507	16545
12109	11398
13277	4473
5335	7826
6844	10617
5573	2101
2677	4969
1712	3867
673	486
18226	9806
11047	698
1640	11607
12200	14884
17402	12117
9287	8713
17580	5833
10554	2452
19073	2497
15454	8192
10075	5559
13275	14625
3248	4709
14781	4619
11802	16605
6982	4433
18897	15870
4477	1284
9721	7458
8536	2524
6795	13350
14539	11644
6410	2203
19095	6795
16723	549
1059	19490
9650	17692
3845	850
15773	13447
12449	3229
3833	4541
8816	11786
7059	16578
6257	5787
6326	9631
15982	5513
7888	10578
6082	3868
9286	1210
4969	2091
10483	103
17824	6250
14603	1293
6244	8909
1441	2354
10638	15187
7313	2060
2145	11904
3433	15613
4076	14945
11367	11544
6937	3154
1018	11892
13635	10050
6626	10749
16908	15492
8513	13561
12489	2799
11537	9942
14858	2369
5656	18415
19028	5580
6911	15802
12871	1680
6232	13636
18716	10455
11061	16198
2064	14332
1572	17186
12870	6538
98	14384
16900	8361
9677	813
8956	6118
1163	8965
14652	0
7886	15173
8590	11592
3693	12796
12176	18703
4646	8153
11124	834
6084	10931
5767	3135
9117	18508
10308	9502
18312	5495
10512	2231
15966	17153
19269	9229
6349	19457
4660	19149
8090	15231
12675	11487
11808	5851
17327	6810
10303	17786
7296	10719
15241	17858
10009	18530
9163	3805
10765	11856
15202	5761
2544	15594
9447	35
6940	2600
12312	7496
4879	17464
12037	3876
16904	7965
16185	12300
10424	9843
12541	5407
15478	9694
15306	2560
7050	16820
14363	7480
8130	3484
6262	5408
8752	8338
13213	18068
13082	11196
19026	17000
9459	1858
10787	16708
3955	18210
10281	7562
11900	14001
388	13220
8656	10797
19053	5695
2975	12783
4911	6965
16017	18428
6561	353
3976	9988
3086	322
11083	19126
16189	4608
8455	481
5372	16456
2187	12059
9832	10297
17792	5413
16121	16970
12008	3561
15086	17441
880	16100
3895	3042
18896	5754
10761	19294
1934	4258
16892	1985
10501	12595
6056	2281
16068	7288
8276	18392
2226	676
8184	17610
1248	10925
16940	17933
7252	2305
14963	3188
7743	9140
4352	14458
1836	10234
1650	16509
9958	14202
9031	8947
2041	19070
18806	3793
2287	6631
7607	13778
8498	9704
1457	3566
16668	5152
9027	16476
3793	7790
16531	4468
15947	3090
2986	18514
3181	16669
9899	3464
6190	4286
11792	6639
933	9933
17596	3693
13150	3495
5683	8626
12698	717
11427	9543
16678	15190
16021	17497
11433	17754
2891	6350
12407	1796
12610	104
16214	14227
7336	9312
11245	11273
16119	6436
12194	2047
2051	3670
6603	6437
13771	17310
899	3994
3894	6134
8367	11879
13590	14793
4761	2393
13985	8489
7158	13483
5068	797
6422	16278
466	11867
9951	889
9787	12545
15819	10734
15015	635
14152	11330
552	5929
15937	13937
12671	2358
13669	14584
14466	5285
12290	1890
2689	9470
12583	17394
14483	248
18417	6819
12462	14125
3930	6878
14044	8316
2568	16081
8345	11302
5605	3888
6216	17136
8699	18380
7674	11694
2988	19399
4083	10319
6774	14808
11635	2765
11220	13005
10705	13109
15665	17685
19253	18308
2673	7893
14150	17030
7981	16526
1272	11927
10425	4661
14722	10635
1553	15789
14412	13434
8570	18617
18497	1336
12048	16011
15976	12376
18516	17640
14974	2671
18393	17173
299	9597
9284	6908
11435	3873
15564	9740
5916	7844
14026	19050
6687	3428
10491	11885
172	1767
17156	7226
1149	544
2540	1053
6815	17672
3271	1881
688	10691
4132	12335
16167	15050
18109	3376
3905	3775
17390	4206
11087	17527
6488	7176
19057	9404
9396	393
16317	3312
2492	12526
2734	15012
4698	4260
4429	17885
1081	12810
7349	8246
9491	15691
16529	2178
4140	12533
2549	4718
2137	17291
15862	2014
2458	1376
12560	12151
15416	17342
4738	10014
9628	12269
242	5244
14365	8797
17826	16310
13732	15292
1094	3819
14498	19502
5811	14666
1787	15920
5184	18629
13382	4921
6160	11031
13837	47
8995	1280
11204	13746
4128	4845
991	12844
18335	18544
2722	15010
15910	3075
11500	7039
3099	7031
1762	1091
12304	17475
4554	3399
9040	5597
6354	14528
2869	19544
3034	574
324	7370
16311	13792
18090	5168
38	10195
17144	849
14398	13539
11532	17094
104	18926
7298	16788
5819	7269
15559	7453
3429	10921
520	6179
191	4381
18175	16689
1531	1751
10004	12713
11818	13990
6286	13129
7172	4367
11360	15180
3866	8756
10775	78
10000	3885
17613	17760
14380	13364
17797	3763
16089	17156
414	15315
13945	10105
14563	15581
1607	6180
15180	11634
15030	19535
13193	14965
17101	7798
14831	17344
16702	5467
19184	2616
17966	16356
11685	943
860	6741
9911	1946
15944	5887
7813	163
5481	18165
8507	6278
9184	9008
3739	14995
8897	12502
7788	10203
4093	4183
17093	3132
3274	15538
9995	17816
1999	9121
7088	18527
1716	16905
4124	4090
15347	17009
14111	17566
1321	5517
11643	9969
15554	6742
18511	7593
18832	16993
11884	14526
3292	12590
3978	12611
6744	10038
6807	969
5460	4635
12213	11207
12463	1290
10199	6394
14723	2787
227	1874
9689	2401
8959	16017
6031	5630
9464	16947
1975	18893
6991	17949
3122	919
17324	17806
4159	11089
12006	15574
11766	18230
13056	19447
12669	7135
13850	7220
18765	12630
3172	2640
1053	11729
9063	4576
6030	14339
18390	8059
1408	712
504	2809
12964	10930
10007	18993
10903	4163
1815	14696
10151	16685
15345	11125
9201	2704
18772	15068
18322	10964
2405	1180
997	12401
6947	11339
3886	1373
9818	8872
9522	17479
3529	14173
9652	4892
10102	16676
4986	2861
16762	4670
1394	16103
4602	11864
3430	6733
988	8480
4898	16172
6721	7097
16767	9343
9695	2163
8307	603
732	16242
18976	8659
18578	6314
4642	12035
12177	9804
2887	14256
5382	16290
12222	6493
3665	4053
11035	15003
10338	14268
5913	15133
13641	9337
580	11597
1089	760
13874	14017
2372	3395
10428	10406
2176	15702
13638	44
1355	4068
11418	7192
12990	4667
14199	2997
16180	17661
17813	5379
13239	7596
10435	6251
11326	11224
201	12966
14129	3662
10577	4002
16169	11422
11877	4684
15740	14490
13989	7261
16306	12927
17440	1465
15912	3431
12623	2174
8158	12620
18744	17897
7302	5268
14604	146
11714	14154
4984	14055
3401	18540
13248	2678
2542	4583
6271	19029
11188	6294
912	15372
18129	2813
11874	1101
7516	15931
7114	16298
3744	19167
3363	4885
16980	16057
7214	14472
16396	3126
7998	1253
8972	6013
4458	4507
12107	7155
4865	1540
4689	9418
185	15759
13862	10524
8761	3944
10766	11699
16791	13798
17897	1315
9667	1093
1226	18509
5262	4052
15375	13448
36	19508
9302	4734
909	9959
40	10582
2364	4498
2437	18312
1532	6820
5600	3186
17218	7473
15760	2877
11296	17599
14948	5666
10227	9412
19368	14831
12695	10761
2155	10148
75	11591
19321	389
1148	11638
10414	8372
14807	6527
15700	8822
7339	1872
5875	6131
3983	8087
5902	14101
3542	2676
16919	12406
18591	4757
14977	12986
12621	15204
16400	15660
15689	5070
11996	15193
11655	14216
7661	13386
3842	10909
14243	1068
11264	12160
2459	2248
8791	15588
18336	5539
2409	14664
1258	1033
16145	7685
6105	3905
10980	8668
13578	5303
5660	17299
13531	46
17612	7130
10412	6177
10702	88
7827	3875
19258	6803
13556	5882
19214	13909
16264	10404
715	14523
10187	14590
13431	12877
18823	19061
11190	13307
16252	16845
16255	12041
6063	13685
13613	9044
12026	458
4946	15975
8842	18535
2159	12073
15057	4673
5041	776
8618	16977
7856	3736
11768	18738
7011	13365
8170	17779
8135	15573
12809	17650
1733	11352
10219	15545
14355	16952
17947	3200
6124	3553
11672	1360
5353	7144
11283	8889
12533	16245
210	18450
9070	10800
13401	3379
3030	1983
1523	12267
586	3300
7978	19011
5293	2790
12248	5483
16583	3578
9180	5699
9280	18029
18996	10918
11019	18267
2224	19117
2225	10176
9713	7671
2706	16174
13859	15280
10983	528
2037	3692
17605	17368
2073	1334
5471	14171
19058	9899
4441	5027
8678	3195
11623	1735
7698	3838
7672	15128
17872	19312
19052	4018
6021	12626
10573	9864
11795	4686
14431	16703
16127	5312
2872	12380
11375	4676
15279	8737
12303	19176
5170	9341
16722	13226
648	18784
148	2294
5148	6588
13551	17190
9475	8899
7344	5480
12025	2136
14239	18100
146	5948
12955	7766
8643	4210
13421	12109
2551	13683
957	2410
4763	4228
16709	8143
528	13694
4693	10756
18505	5490
17714	13912
3532	590
18243	11774
926	11262
7915	9721
13078	15159
1575	12183
15811	2065
11511	2247
5425	18186
10614	3187
2327	8085
18730	10359
12414	4641
18603	15061
8606	315
1750	8903
2325	17606
6627	18426
16321	10450
11004	10133
15048	11677
10193	8068
18441	16933
13677	19235
19273	10259
12261	15653
11328	755
10031	10945
9394	14611
967	14021
17502	11530
8480	2494
18095	17957
17461	14956
12893	2794
14189	11622
11470	16006
16054	1736
5697	9145
594	2974
9792	6355
2154	6301
10380	6147
15317	14636
4096	8470
3995	2668
9189	9237
19303	766
5814	15951
12201	6967
993	10815
9285	3556
11421	10933
11586	12944
15963	2083
19344	7001
5025	13743
3117	12695
15354	13321
2951	3599
13133	14757
14994	9668
13992	9632
17866	12693
4263	1235
9520	7230
3659	6145
6525	16874
1536	9750
17635	8571
18508	4041
6191	11242
14717	10461
11895	3827
645	160
12965	868
6344	14900
8004	18981
12056	3574
15575	10393
6384	15183
11888	17279
6362	9227
7374	6964
17355	18577
3821	1223
10315	10240
8440	3468
16881	13748
16455	6796
10461	3182
18362	15871
398	9802
16312	11845
2272	15671
12746	18203
15833	15690
10853	11337
348	11502
11918	9758
7621	3352
8980	2660
14992	2644
9847	7106
13012	15901
15905	16339
16562	11317
16256	8400
5214	2956
4824	1644
17953	4982
12417	6740
9717	6192
18623	11148
13610	16162
13090	16115
18750	6207
13300	14262
16303	14135
8013	8054
8317	7887
9082	10773
11923	10305
7091	14759
1391	15629
15367	2888
851	120
8153	158
272	5819
11666	14300
549	2307
10278	12336
16677	3800
6310	6616
11959	4244
17699	14680
18509	13823
6307	14836
12513	18568
122	2504
10267	3623
7675	17955
5724	6227
1307	12697
4290	18742
9537	5317
11627	2766
17297	7003
898	18204
7992	4326
1006	17403
12078	1152
6787	17499
9611	13452
5303	244
7008	7638
2852	16416
13106	17347
6899	9835
15907	4813
11939	11650
853	12597
11606	201
13955	11772
8738	624
11548	7235
18248	16818
2079	804
17088	6323
3267	9712
14969	2404
1669	3538
13245	4079
18204	3880
15425	2760
928	13490
9957	5043
17016	4693
12227	13123
417	11454
14996	329
4348	14734
10894	16518
10071	2227
14896	3777
14658	6422
9461	6662
18711	108
6155	17369
4941	17346
14792	14775
10263	14699
7527	10805
7974	14996
14000	8549
12206	6098
11261	17719
11217	550
10783	4119
6059	927
1227	6582
8910	1765
14475	8779
10885	17934
166	4755
15311	7063
1029	15466
329	8201
15531	4818
10910	3169
15341	18588
6573	1066
9353	18762
6732	11346
11215	7212
18634	13696
12464	14563
10528	16279
2635	1481
134	1310
1681	3949
3456	16119
4954	17518
3580	537
14947	10299
7093	9589
1044	4008
8249	10877
3173	9963
6067	12062
9052	4482
16773	12800
9810	3111
11678	19458
2605	6583
13656	17225
4539	11618
6355	6736
13605	17666
5665	6652
2802	17426
15474	16774
11631	9627
11870	10281
16617	11058
16799	8403
5615	4716
12576	16210
11513	2521
9991	19425
2711	9818
8173	18446
3728	842
12737	14463
10401	13719
14218	5325
4838	9999
13201	2282
3773	9262
19020	13971
16316	5245
13633	10888
4487	18135
2827	2438
965	18332
13165	7371
14870	8295
18565	4918
13588	15164
13065	19110
15842	18639
877	13030
13202	10485
6288	6287
3277	19382
9948	2235
10604	18964
7356	6517
2326	12902
14504	14832
2762	9622
385	10326
8467	5012
5853	10722
11547	3859
15654	15529
9160	1886
19149	12280
17089	15821
6620	11347
392	19311
15590	3632
3315	15605
14242	9252
8878	468
11618	9149
198	19252
2169	15169
1203	12830
3026	11657
11733	7450
12011	19141
17360	15058
5361	8256
4919	4533
17515	7642
14698	15684
9277	13703
15415	3952
9172	2898
6995	15878
15778	6643
4610	3660
19034	6786
6461	18303
15872	13799
2296	17591
2383	3158
7027	8967
15535	1291
5199	5124
4344	11535
18112	7567
17769	15359
7930	6702
17994	6555
538	17433
15863	6915
2247	6994
8767	7751
10117	7784
11848	3230
5976	4569
9736	16247
17804	10752
11628	5206
516	7848
11430	10744
4239	10771
419	9110
18965	11965
2	11970
18075	14117
10476	15076
4195	2525
4501	10879
6655	5779
1002	1459
1928	1934
1530	426
16993	11052
7270	3820
5769	12471
6129	9010
18210	15266
10420	17641
8748	15230
7650	15906
15390	5449
2659	8793
18359	3913
4172	19260
11056	12351
19300	8003
8434	10280
11388	17590
19111	4936
8732	13700
6225	7068
17878	5799
7295	8688
5512	1883
12365	8926
16104	2283
18835	4038
4224	14078
249	2066
7536	8840
13079	15553
7876	2828
6563	7707
5134	11807
15930	326
798	17060
19345	7772
17068	13965
4040	18543
4825	15121
12497	5274
7450	12056
565	9763
7389	8356
14710	6176
11668	3998
15096	15899
11571	395
14172	11840
2694	19247
18979	10224
15897	6604
7841	10306
1534	2581
16040	4413
5941	701
4744	8820
1141	12714
1564	16325
14773	1185
6131	13202
10030	5022
11099	5751
2977	12856
2520	3655
11480	1661
1169	1534
12439	3852
2908	11570
16864	4745
11538	4789
12311	5180
6003	3718
3206	1032
7101	13619
7297	2980
6739	13008
3446	10937
10802	16540
2956	15395
18973	4972
9101	14825
6398	17297
3598	5391
7825	12018
9043	941
17452	16866
4828	5440
10654	1001
18036	7806
13135	17159
2080	13148
5350	5741
3944	18538
17656	4538
2579	18288
6388	3469
15706	6940
1760	475
16087	17837
17424	2409
6062	1178
3917	8228
279	5137
19174	7648
2649	19067
10627	11111
742	13439
6666	5981
6794	413
2482	1503
8250	8953
19005	5210
7120	12600
5230	17351
5009	17194
18451	3336
9969	16880
8685	18018
8437	6306
7851	12711
15451	529
18611	13791
14443	18961
9687	9628
93	10787
17429	923
4406	2334
17700	6687
4943	14032
8528	7631
7608	7542
630	6526
430	4102
11559	4164
15198	4634
5266	8924
19218	4179
8491	1613
11846	6800
13471	11156
8596	2387
13036	13329
3370	12537
19346	4054
126	15518
14732	14770
218	6821
6856	12021
10647	13103
9625	14802
276	10456
18770	6667
786	7202
7795	7287
7924	6471
3319	2467
3025	10506
6903	9715
15384	5460
11256	654
11366	13829
14846	19551
6394	1168
2070	3036
18290	1202
514	1184
5056	4194
1841	415
2642	17615
16493	12909
4018	2824
14952	8017
17114	17920
1616	1157
5236	7188
19031	8075
19133	16950
14864	9805
13069	2903
51	15202
6894	8823
10490	18689
11117	11078
5389	310
8407	5488
782	17874
19066	17876
1067	5897
10950	6903
19310	5867
5160	16522
16339	9887
8465	13879
17634	12444
1186	9397
3335	16320
922	11949
8201	19528
14816	11228
5378	18997
17626	8349
4760	67
3953	14481
2130	16426
17870	16482
2752	12778
18997	17996
3165	656
5912	14637
18629	8064
6237	11413
12931	10801
6701	17020
10687	11486
15537	14087
7415	6446
14106	1710
17083	6143
2932	19
19192	1995
17533	9133
8331	19109
1859	11594
16941	8283
3743	10630
6857	5231
16497	18000
16353	5841
33	14784
13443	6344
1252	18529
8254	6563
4443	3486
5498	3643
1086	9634
3826	16598
9605	17671
14574	15271
9434	2931
5093	16909
10177	5658
9224	4910
7218	9321
2432	8238
5444	8526
8745	5628
1411	4536
1264	5005
4042	14213
8342	18462
11320	1078
16823	12549
16598	12232
10677	5298
19328	3668
6623	4521
14078	3667
12370	8561
17761	5885
8002	2356
17445	5748
5576	7470
5518	9509
13487	15302
12235	19249
1121	8497
12865	12914
8727	19304
5186	5636
18619	14719
15620	17532
12091	6673
14540	2627
12867	14888
9953	10586
8750	14222
14062	14400
6263	15963
18408	16925
13609	5045
6000	2796
14711	6928
17371	10852
8653	10825
13626	7048
15476	9673
487	42
12030	15378
13612	17732
7707	2911
17927	9695
7572	9796
5291	10403
18661	15587
14245	7898
14155	4218
9297	3253
13186	15469
10272	14987
17778	9244
18085	3117
8899	4098
14521	14894
10539	12740
9228	4180
6816	10842
10701	5144
18840	18519
6268	1351
15608	5529
7274	12777
15348	8296
18822	7291
5403	5898
16819	5647
16797	11075
17664	17361
659	6494
19079	16065
5158	12048
5042	10664
15059	780
12634	15710
2223	2654
16761	6638
5066	11989
4933	3970
3334	7284
4025	16458
2047	5181
16378	5740
11275	9974
1960	10103
7035	6241
10760	1418
13260	14304
18114	1065
12453	13388
6595	15446
6032	16226
179	6066
14168	12691
1372	4613
108	18258
14148	6916
2623	3626
4283	6645
3016	16484
2480	16505
11782	10936
2029	13949
7526	9936
12191	7366
16962	4899
2974	10531
17690	7351
10502	15056
10258	81
5935	9895
18154	1621
875	16562
7284	1652
2045	13886
14709	15472
11205	16868
1434	2344
8691	16023
9701	238
1942	2649
6173	8477
10755	11356
11055	904
7889	11795
19155	10219
18274	2696
11161	10129
17014	1272
3061	3794
3097	7116
6233	13826
1244	10516
18905	3527
1734	530
7622	15733
19120	18884
15157	1679
10160	7
18748	6512
3140	8730
6804	987
8132	14867
3750	7498
11999	16544
13968	15186
2220	8774
16309	9207
2116	12703
19190	15986
8176	2667
4317	13026
9157	9726
101	17799
18506	18547
11554	4801
14986	5980
13640	18868
11990	8219
5690	3569
11142	17152
2981	16550
1915	4520
13297	6587
18058	10570
14657	24
17124	2626
7393	10109
9393	702
2768	15140
13035	9402
11477	999
6009	4085
228	2737
6321	6390
11167	2118
8532	19519
18692	18215
1668	4022
14251	17077
8144	10798
3786	4142
18928	6033
6513	13181
9246	18785
7950	3909
4664	5469
9215	18826
18876	13631
10948	8575
2353	392
14718	18062
10785	12002
4114	2403
5635	17289
10876	5678
13691	3684
5110	6162
4764	14724
8155	1281
1184	11827
820	11789
4068	12947
16464	16715
16430	6665
9967	3858
6945	2733
1339	4452
4778	11456
4612	2840
10134	13974
3019	2686
19167	12710
157	3602
12255	14392
18212	13441
1046	19042
551	9293
14335	7424
894	12649
18998	13180
5995	127
17777	16238
11023	14327
11762	11612
1180	17716
3757	11434
8396	6405
8222	4491
18949	209
10869	6630
18961	9427
7471	9468
4475	9929
7669	4785
11374	9808
14325	6615
956	14161
4685	5001
10076	4449
11942	7993
7935	18104
16733	1046
5638	15109
11566	913
17036	17248
4670	14516
13252	14434
19222	15995
17547	1480
8941	1402
13098	5830
14194	15257
14799	11465
2652	6634
10086	6373
4164	207
10937	65
9989	4743
4305	12
16137	12253
6828	5339
16910	15243
11563	9630
8370	8109
11679	5970
9889	16915
13064	18642
5281	2453
14780	2313
14296	10886
5017	14219
8711	3614
18712	2595
8806	5468
13986	6472
11582	18151
11809	5197
17030	16029
5761	16216
13857	6748
14678	1196
8297	1388
5858	9941
10312	2968
1202	2440
4138	17097
15796	14206
16878	14474
16337	7715
2089	2382
5843	19309
5740	4581
16016	3390
6651	1140
1620	4671
15722	6208
12585	7313
3779	5876
15562	7089
1313	8433
9282	6039
292	15785
5746	6092
17417	11603
7009	4912
9952	10903
13188	16133
7708	16983
2730	5104
16748	17477
19215	8988
9902	12637
19318	19290
16774	6905
8118	10883
6725	18127
6004	565
7157	6335
560	3377
16671	10265
9253	4614
11858	18929
17365	1378
17569	10010
17431	5191
10631	19046
9518	6029
15220	10740
11410	19343
14278	7119
8907	10689
13144	2636
11357	18781
16224	11295
7505	10534
5826	2854
12088	17137
15883	12184
9145	13032
6363	4516
12673	19386
14065	18353
14795	14976
15008	17573
7025	13732
367	2273
8056	15101
1775	17349
17876	10567
14416	3219
16780	8384
423	13763
1127	7990
1689	14916
5500	6429
13931	6499
18396	6653
7292	2297
436	3601
10525	4645
9514	16359
7215	8784
10510	6809
15688	10949
11612	11008
14405	12225
14257	4033
11739	17902
8148	894
9793	8582
6359	9605
6044	978
8366	14435
4671	11803
2518	18518
14531	19037
14573	1614
17875	8407
7486	12625
3928	7227
5027	8018
4177	3770
4909	7623
9693	9386
14238	1522
6668	3524
13693	6431
11761	5847
9453	17280
18837	10490
5754	6283
4594	15403
12569	8518
17421	19245
10630	5812
4842	12003
4361	16045
19041	9432
16567	1169
18245	18281
2293	11081
19173	14034
11680	14008
16575	10878
15895	17846
16942	13665
1567	2755
3507	15715
10247	14550
14338	13940
4997	9567
4818	15371
5808	16634
6281	9304
7780	6942
17846	17132
8206	19354
4696	10786
7010	2715
17361	132
2536	5359
14181	15898
15670	9020
16268	7344
17561	19558
16234	1137
13049	5335
5547	12767
1267	3148
18868	17568
11039	17674
5308	5542
18974	18150
8223	16560
13663	9129
5235	8213
1868	18897
6867	3543
18100	9666
10524	8581
7651	10961
14386	4994
14972	18095
10457	11844
16807	2929
2769	19487
3182	9995
1709	3199
16062	12431
1647	14712
3538	13232
5381	7152
11078	4747
14593	386
1342	10789
14188	4343
3161	10440
8836	6637
6070	7777
4362	16008
5523	1841
12539	2901
4977	6324
3128	14450
19179	8110
6647	16053
895	7214
13038	7551
5383	8801
19355	17013
7563	4216
14058	19398
5527	11954
5564	14020
10499	13003
6889	16336
9342	17584
19013	12509
13296	11246
17214	7703
5185	9992
15272	13300
14594	501
2766	7197
15071	10368
19107	13747
6197	13905
10165	6596
8020	13518
5333	1249
14127	7178
16629	7157
13520	14738
3021	7846
3024	8231
14857	2043
17604	3511
16446	8644
3550	4025
4545	9329
8853	2340
17000	18096
1608	13227
9779	3141
2691	12684
10304	16016
2770	148
2790	5648
11823	13040
208	10968
12081	6171
6332	7113
6315	13091
1100	3418
18967	11071
2957	91
17167	17585
12638	19168
2463	10172
10477	9356
5905	18856
7508	18459
5854	8011
7463	17051
5526	15688
3068	8792
17493	7956
14342	10767
7045	4427
7366	8209
6472	18895
15732	1604
4346	4830
2729	19520
17056	9979
6482	1603
830	9068
9062	5489
2350	12615
14115	11914
15544	12237
4748	13189
12868	8904
13905	15108
5423	10618
16345	10760
17979	4827
17567	367
2831	4013
17392	9728
3100	1618
15745	6919
14685	17808
18388	15321
12460	5328
15158	13821
3650	533
81	10565
16653	4378
14248	9205
15440	14532
17147	7062
16528	17320
15208	5815
5824	11562
19348	19412
12522	19016
13883	17104
18190	6148
17372	11118
15355	3421
17942	11938
12228	3957
11591	18443
4260	7608
9503	9147
1917	14104
1347	12822
1137	8474
10846	13192
15380	16981
11331	9506
2229	17235
15378	6220
11249	5250
8575	1775
1981	10112
6401	10810
2181	7635
13318	3992
6931	1318
15893	4429
7922	8958
18370	18223
18938	2605
12591	14372
9094	12492
11189	3781
2556	11809
3984	13980
14465	6843
401	706
14958	3410
720	2503
5126	15563
18517	13975
19249	9220
9746	14097
9060	17770
2756	18059
15471	8614
18786	15889
7480	4659
12573	10392
18654	14632
16822	19455
16435	17976
11041	15366
639	2629
17007	19041
248	15027
2589	4372
16090	1520
17643	5445
17113	14891
19314	16554
14609	4991
14284	8798
13898	3281
8531	16294
858	5034
10496	8637
10323	9902
17968	11429
4736	12586
537	14493
13402	7252
2454	1198
13212	10248
2464	18985
10824	2792
15243	2034
18323	11475
3485	17015
4745	18870
2043	6595
2713	5
16665	3129
5775	6678
16039	16710
2979	17276
14459	12024
12372	15163
5780	16741
11310	8121
1162	7185
9187	1638
5468	2272
11145	11859
2253	10848
16789	2699
13751	1043
11308	11211
16524	13451
3096	4803
1818	13088
17795	9066
1284	11314
14899	7626
6868	9096
8915	19002
6022	14309
16989	11883
6367	177
978	7774
14005	18863
8736	9395
11805	11080
2499	15422
4563	11105
12596	6995
11534	8332
9122	19285
7238	16557
6061	16186
13400	8418
1695	15678
13972	4876
3653	14448
7542	15734
7905	14623
3753	4782
2270	8091
3904	5774
4861	18008
4401	4149
204	18988
11303	175
6466	9552
4016	10257
1594	1037
15155	3842
15716	11595
18743	4154
8860	13784
14930	9211
6516	14431
4620	17019
5409	10098
19037	8366
17644	7701
1429	2530
8766	18776
5181	5781
17957	6715
10172	16381
12971	8414
11258	2301
16001	6978
14860	3629
15737	3124
17802	2011
18091	1362
5842	19059
16204	17968
413	17819
16868	1010
13621	15723
14019	939
12505	8921
4709	8434
2311	1126
10972	9492
13222	7132
8237	11483
2140	14762
8049	15542
3010	15933
4569	8015
5173	6358
9377	18175
12276	5789
17967	9914
16714	942
839	11497
5458	5553
13103	15658
14605	1852
1211	2985
18900	9991
17112	5800
14103	12271
16633	6675
17119	2598
1353	16288
18576	17805
467	5545
5797	8094
336	14111
2591	2983
18903	10795
5894	9840
777	13263
6184	6829
4558	19466
8103	317
4347	13398
7168	1848
2522	14771
18311	97
18731	11616
13263	19415
8974	15540
7203	13401
4618	1044
9338	2262
932	1839
9569	2742
3966	2998
3495	19125
10058	2547
3125	6311
14819	11506
6429	12903
6144	316
2565	15415
13600	16985
16042	14732
2307	9387
17141	19454
16171	18329
13204	6426
9599	9299
6134	16653
16844	2205
12830	236
3116	13967
6305	7891
19097	6167
16122	16907
12518	11087
570	39
7729	881
17118	3974
4106	18227
15701	19326
2684	2420
2207	2413
927	12935
17500	7723
4321	17905
16155	14993
11620	19389
2164	5919
3571	18269
14983	17778
7066	9738
14703	10094
12447	14624
1420	6142
2788	11987
4404	12246
3466	18454
17940	1759
15596	13410
2489	8771
3164	17943
14056	1580
8375	14817
7077	3078
16643	16508
220	360
3265	1709
11728	17187
16331	14201
18126	2380
11399	18188
2910	3353
1562	5205
2451	11878
17703	17106
7573	7827
11604	17435
12968	301
5082	18113
7347	15945
1412	13429
1496	11580
10171	3008
4816	5419
2066	3625
12051	3810
12323	2912
18076	5071
1475	12539
17404	16782
6252	4428
12811	866
9329	5415
18534	4681
17773	15261
4150	14037
4755	8528
2313	13160
18406	18286
8589	11605
18287	2664
4934	13392
6050	13195
18704	8031
8323	11182
5313	1501
3871	11163
5544	2563
9723	4307
3247	17201
2686	10107
607	3506
9587	2241
10216	15534
9665	6119
8863	328
12836	5510
10700	1182
19104	6502
9390	19035
1014	14828
16459	9045
7777	7455
14863	12834
7321	15198
5648	12113
5192	16093
3199	3317
19361	16829
7907	8552
16055	14873
11752	12732
5863	1217
11951	15138
6383	14280
13735	12764
12672	9788
10034	2959
8595	18219
17239	11829
15394	6451
17641	8631
568	17602
2290	8879
11642	772
8129	18344
14837	15373
17105	16427
6368	745
18234	142
2092	14207
18559	5643
17640	7224
8751	3001
19180	17655
4724	7609
12341	17677
7578	19232
1706	11714
4866	1647
12856	11162
9378	397
7779	6835
3089	8656
10167	2611
3403	17530
12429	11990
12015	16354
7848	243
11646	17377
11143	15779
8831	15388
11567	10008
7330	6223
15600	7589
211	8766
18966	15380
18060	12979
18587	19113
7416	15532
11413	18070
8875	16659
10100	18811
3733	9083
12514	2144
9726	12943
512	6717
1095	11351
976	2539
18917	9106
2514	17845
2056	10777
16102	17864
12069	8726
13460	10736
19277	16589
9863	13810
10851	4077
502	516
6612	14470
9098	6725
7446	17389
2512	7331
18144	11708
1071	5637
16213	4987
18448	955
8351	18085
1636	8435
10791	5860
14008	13464
557	354
5659	9762
8698	13981
9103	8601
8649	373
6671	4978
16898	2680
12086	13105
102	12219
15533	3879
9386	477
17819	11817
18018	13958
13766	4889
16907	2893
15221	18429
13182	16778
18762	13641
7121	13793
11005	12542
2893	7505
6584	4492
5292	17237
16260	11851
9637	1634
1418	16097
18440	12407
4252	5020
18183	17562
12619	5796
1266	7465
11813	18729
10570	15628
14371	19396
9817	12486
8798	11343
5509	9667
19317	14642
651	9256
963	15249
17871	11053
2289	4252
14941	11746
7207	3695
16821	17002
2006	4981
13683	655
19301	15475
14852	909
10812	6852
5895	6789
10057	2514
14844	6309
18613	8278
18553	3641
18241	4400
14499	3389
4727	12459
6686	16479
17838	859
8284	13
4010	4416
10873	6761
16212	3375
4412	11820
7761	4329
1792	3385
13554	5711
14567	4135
18026	1409
6456	7244
17047	9610
1039	7994
15232	15310
15840	15074
6207	5703
14309	17442
16543	8873
15336	17306
1741	2192
18454	5207
2258	5706
14073	18028
16011	4748
8151	17878
4451	8444
4142	16904
11291	407
610	1299
16188	1608
8544	18526
15178	5142
3316	240
9686	14395
1982	11279
5953	5821
18307	75
4339	15503
6763	1405
11580	14968
14161	18282
7188	5289
17637	281
7735	13609
18722	10906
17051	17121
4000	15064
12778	9779
16166	10897
7860	9756
18107	9175
11429	12882
4604	15602
13395	4359
7793	17321
25	9964
2590	5512
18855	18900
14404	9800
13332	12100
2109	14671
6572	15637
13936	16369
5004	2173
11478	5504
10039	3372
19364	1623
13410	9130
16048	6540
1742	6001
15213	13855
7605	9599
15684	13830
15420	10656
14104	17873
13932	7472
10135	17224
9369	11641
14232	6015
2980	8966
18742	17493
14394	18149
18551	9511
17022	3714
10427	13991
8350	10698
1476	9676
19130	3732
1914	6550
18227	8942
9892	2981
13817	11504
3069	8735
12205	8574
13758	19418
10156	8263
13963	6808
17335	8177
31	19143
15686	3968
19363	14208
325	18976
10362	1900
12331	8807
13920	11508
14555	14194
8045	3370
9161	16531
10385	8753
16796	818
17236	3349
11171	13050
17285	9230
9069	4895
7832	16491
6709	19308
14413	100
7023	2698
16374	1984
865	4646
18785	17089
5830	5340
4936	6610
15926	3209
6352	6090
6751	1015
10487	19404
7517	13494
19083	10493
4217	16776
9500	3408
9084	10192
468	10429
5086	4312
2727	8036
14621	10536
2235	4574
10737	8825
8311	8122
9869	9006
2407	17341
8981	10150
7748	9097
12281	4104
9712	351
14544	15095
1245	3143
5642	7651
7040	10029
6511	9564
2781	867
718	3294
17920	10214
4081	4618
9120	13417
7557	9645
5592	15968
9773	14962
10836	3720
2443	19027
1500	18790
12280	12587
1799	14853
4276	2459
11686	15610
15121	2718
16445	7191
15784	8170
14064	14736
19126	6507
703	814
6740	3414
16091	4051
2097	9151
5702	7199
14141	9294
4342	15361
3513	19411
1671	3378
14262	11667
497	14096
3581	15890
1989	14031
9715	15147
3038	7211
19195	13252
12305	4720
12915	5381
19085	3446
491	9405
9202	9138
178	15562
3829	3483
2845	7599
16057	14336
15922	11707
18439	9421
1849	19542
7630	11284
11928	1897
750	13534
5152	3927
7266	10916
12097	8963
2874	1308
5331	18485
13019	9361
5588	16146
2216	13759
523	12917
7394	15267
16571	15160
1390	9030
16471	14653
13584	14811
7818	16724
6551	1007
15664	2041
8124	14267
8303	17791
12792	12195
16468	15490
7357	13882
9042	3609
13375	9953
11074	16395
18123	3058
1073	18232
14740	1814
1346	5838
3229	7561
17615	9050
2276	6833
9618	10640
2517	15252
914	17571
10777	2498
3656	17374
14175	2446
788	3583
9319	17334
631	1379
13334	2123
1793	1888
147	13802
11363	15614
18331	16600
1485	9442
14654	10705
4237	9540
17537	18205
4230	17065
2929	13248
18073	18427
1409	274
10248	13898
14457	447
6312	4924
10110	9705
13478	13618
13506	14610
13686	9384
13394	14694
9791	8745
7192	15916
15529	8790
19075	688
444	6898
18719	14553
16512	15797
9333	2236
2374	15896
16622	9415
1777	17748
18980	9301
1661	19409
6996	17071
4208	19405
6337	4099
17136	9494
2461	12529
9118	11444
8803	16763
15495	10352
15072	6609
9860	6228
15349	754
18804	12860
11865	600
2018	17437
14537	7524
8622	6150
6199	15860
5215	4847
13232	5238
14067	19478
19076	16014
4777	5236
5537	3263
3368	10052
3250	13151
1927	11269
6210	10675
4896	15522
9281	14058
11944	13031
15988	12075
8442	9685
8799	14343
6979	2889
11810	2679
15116	5736
12866	9954
12651	5620
17679	11215
1386	1399
3017	5775
9659	16918
5073	8754
3389	9916
14047	12802
4133	5295
10844	4198
13617	2202
9585	8086
11633	5501
7169	13633
8909	16917
9229	9870
15184	7440
4316	11372
11292	7325
13672	13065
17499	10018
9200	285
9566	4966
7086	12050
13775	10239
15920	7485
250	6042
6171	1400
17476	13920
1084	12405
1664	11759
10137	16038
10715	7301
18386	6242
4295	15584
458	16566
13805	11421
5917	10847
12436	14647
7826	6291
17336	740
4754	6554
16984	13238
8087	16737
4809	249
12016	18145
9278	4489
11531	5108
5983	6288
8414	14552
18862	444
16141	12592
16338	18963
8401	4702
10174	489
7159	5822
16606	5119
19289	4980
19239	96
18219	6374
10464	10043
13327	18587
1334	11697
15298	5042
6527	4786
9769	14929
3151	14567
10243	13122
14500	10492
3673	4741
15368	2209
2970	16152
18178	12087
335	18207
2764	4349
16489	3965
10147	4683
3615	18298
14447	9054
10036	8767
9553	6279
2833	7007
10511	16643
15352	16131
17931	8758
10166	11303
2483	13328
19103	12799
14619	2425
11851	18117
5428	9048
17935	7028
8356	18404
9878	2462
6886	6844
13018	16871
11987	18276
4593	8258
18010	7748
3621	13794
18032	17935
16186	13079
15353	13107
11387	9318
510	352
847	16646
1155	11967
6235	13709
12488	4186
12861	5016
4829	11096
13495	1153
2452	12174
16009	16599
13365	3986
906	7732
15124	14224
14950	9731
10583	15647
10611	17112
6389	15450
14116	6404
8594	9706
18686	17642
3780	13361
3597	7527
10547	19328
15228	5125
6238	7396
543	1877
17564	1203
521	15394
13496	18274
9	18238
13827	18937
5317	17676
6765	228
9790	2119
7703	3286
16674	1789
5275	1657
7520	6781
17534	13935
18418	11955
1160	17835
17396	13059
4337	11624
110	19199
3443	17862
15859	12835
3245	5323
15337	988
15435	41
4990	10985
15769	17753
17510	6052
5618	15541
16267	17769
3399	18469
4058	15328
17242	5677
465	4434
13942	2561
16936	5204
18954	13354
8282	16168
18962	727
8990	10249
12160	15270
13218	17823
18099	9934
18940	7281
4183	9007
13450	13025
7962	14814
15285	907
13512	2838
13915	12793
18929	11359
12631	4010
5200	2365
689	8645
5718	12888
8891	16407
9867	5921
3289	5161
11482	17182
1250	3921
4952	13551
6515	8747
649	13834
5535	10310
17983	4529
9097	6972
3360	11073
15207	14349
293	4124
6415	15707
16474	2918
10906	16651
3488	124
11036	5577
15956	2027
15772	3862
181	4631
8079	19473
15156	4797
12574	2116
13733	14316
13634	13128
12706	8744
14687	15631
1397	561
13927	6375
14206	16335
8195	12734
18450	13864
7953	1464
12391	3024
4356	6851
5098	2489
7363	1264
12060	15477
12758	4974
7436	13379
17157	3017
17864	10764
11992	9104
10546	13969
3910	6521
1844	4547
6489	13188
3478	5370
4082	1533
7283	11509
7083	10466
13214	3844
3770	17095
18848	5172
28	1968
4110	11396
17305	5927
19334	6123
15721	12468
14306	6492
1648	4060
14867	19007
17416	8478
5748	13751
9655	2436
15402	13651
8352	14189
15791	9335
5316	1764
5999	5038
1382	14383
2982	5923
13891	8542
14319	12813
4157	14887
8308	16805
2795	17458
5197	17245
11553	13780
1730	8247
17252	9832
87	16184
8047	13012
16664	13345
13772	16255
7451	12975
542	6601
11568	15032
16630	12815
18275	11385
10458	13432
9068	10189
15490	17271
8419	17072
12394	12847
16763	14852
18518	3362
805	9975
13441	16997
5304	15824
8371	11267
4410	11016
13593	4250
11334	10520
6803	8610
12961	18449
3303	10080
6559	3636
6467	14413
12155	12278
4277	17375
17655	5032
14585	14437
3613	9221
8760	10238
4626	11825
1994	14340
5130	7627
12606	17735
6038	4596
18531	3250
10081	14440
3066	15752
15774	12107
12679	17339
11193	17755
11368	7758
10210	14583
14323	9067
13456	4555
2603	12731
384	8012
13461	4553
16418	7796
9835	17126
2902	16971
12760	10501
5095	12179
4615	14756
13459	18602
16895	3914
12098	13648
17348	6152
3568	11733
10743	7633
16421	4300
1080	12207
4086	2376
1736	7401
5855	11191
1753	4798
18698	10460
3364	8684
5668	9636
18814	14729
1472	10117
13673	15358
17718	1585
8835	18042
2914	2058
1630	11161
10833	1231
10854	11656
14895	2709
5921	16266
7620	18490
9454	15043
9676	10568
8886	16472
13364	12701
8776	10781
13080	17783
14436	19092
17384	7216
4779	506
2749	3947
16959	6594
18802	19057
6550	15815
13085	9812
2062	13277
18627	13635
2052	3079
5705	4030
2849	13092
11723	11528
10659	9414
1585	4072
17837	3648
9939	19534
3500	6012
11975	16857
5984	12193
1685	19105
18921	6868
18411	12244
16545	5114
5837	12523
18693	15513
8485	9562
4509	645
3262	18257
14109	5321
16133	19543
12123	12878
16638	1471
8566	9360
11624	8819
9745	1478
16601	19541
16247	11185
3163	8846
15752	3707
5994	11609
11393	11873
10238	7218
17444	7856
1898	5441
762	4900
15812	7739
18019	16555
3076	7376
11948	14684
1552	11176
17042	2355
14805	12583
9840	11331
13283	10989
3918	11441
2521	16178
19332	16515
1700	16592
6172	18046
15668	2182
10746	14116
2044	17966
17597	174
12143	18917
10201	5857
2455	8697
11309	18773
14084	14081
908	5089
18865	16652
18892	9235
2561	11920
4729	16604
9008	12726
9643	13217
318	815
13789	10713
11062	13557
10532	18984
14803	11400
17011	17553
5053	7668
13539	5591
6407	16402
6047	12076
8770	5294
13819	11271
7241	6812
7796	11574
2819	16636
1111	17565
2259	19380
7223	11289
13206	4557
18846	52
4113	1135
6888	15972
13490	1139
9310	1166
18374	16376
3616	13408
71	17883
15765	9854
9102	2310
8693	16114
5451	4240
15477	16380
9355	18468
11260	12864
6202	2386
12992	19295
18338	15644
149	15357
7499	14638
7403	3249
15244	10439
241	11210
2174	1337
10142	10902
3422	3116
4938	14088
1895	17286
280	6258
4490	5491
1824	1411
9917	11488
5805	15053
17318	13081
1450	5635
15325	5915
10313	1331
9499	16901
11551	18198
18297	8986
14649	3900
13564	14079
11940	6305
12988	6826
2035	4021
8458	11725
3501	6295
9970	14783
9891	7292
9767	3351
8105	7352
9734	1602
14970	7519
11956	8251
1752	4094
3102	14503
12332	17502
5258	10904
7718	18270
18237	19407
12347	6817
5672	9440
17050	11819
7873	16775
10224	16019
15192	7398
96	13922
6822	8013
5105	10594
17823	156
13645	15994
3540	15132
4971	16956
599	14795
974	8620
15066	19560
12053	15437
15508	13139
19144	6377
4704	3332
5922	17922
9513	5090
19151	2372
6785	7064
4395	11301
3563	10963
1300	18756
9047	6936
9348	6848
7276	1090
19377	13485
12185	19136
13815	11614
7350	9547
13383	5614
14227	10682
1931	17114
14628	616
137	13544
10236	14723
16843	5609
10599	7799
7714	12015
16289	9708
14514	3570
8421	7299
10241	15919
12140	1918
8139	7256
8710	7716
176	11198
6870	18044
7715	18283
13647	18388
15101	2040
18427	10484
11211	9143
6922	19518
2570	2821
6433	17752
4388	5355
9269	6939
10356	19097
11384	3573
3405	4575
3820	11150
17776	4189
15005	15897
3336	12231
11902	11814
4524	13862
18113	9116
9567	17856
18604	2502
6681	2152
13373	2730
18149	5721
13745	983
9531	8970
6002	19228
15992	6057
10976	13430
8235	17084
12322	2052
8592	18600
3251	1901
4730	8529
5768	18423
18088	9081
2496	17667
16106	18296
12938	11815
14834	2090
17098	7952
8865	9242
15792	1039
16685	4058
10730	14269
4985	1237
13977	1215
8800	17826
7398	9475
4700	7290
2668	16004
2269	4779
1027	11683
12128	19459
4723	1254
5795	3673
16458	17066
6753	14310
8785	10515
4536	697
6416	16419
10025	16991
18368	6270
5445	18156
9556	2050
6737	16257
5035	6317
3967	3354
4654	2154
18317	17053
8127	14075
9023	1930
12334	14252
17221	11811
10588	8905
4319	17455
11641	11852
16540	15992
10383	4937
19096	681
7727	5616
15720	16164
2863	8410
2550	18899
12480	14249
9525	3710
3268	14122
5433	2630
16261	15055
17532	7468
4784	4500
10590	347
10684	5655
10780	2820
6703	9583
12581	17261
10534	507
4863	1846
4583	7929
8117	2870
3320	13075
15027	11167
10907	1174
15809	10027
4766	16075
7732	9735
15626	19179
7756	11505
6586	9255
13194	14930
2507	19319
7153	9545
6876	554
9457	2350
12508	3981
10969	14698
7847	11350
13321	17219
2879	8508
8898	7793
15475	14139
14668	7854
3059	2770
3411	7129
10600	18133
5191	452
15177	14687
65	18480
4567	9878
15987	19054
17503	2408
17073	2441
6616	16575
8032	6893
3591	13884
14015	102
14012	531
16250	3167
3220	7169
7228	9028
5847	16041
9110	2884
9429	8185
17191	15929
310	7677
2851	7639
16236	5764
15073	7393
8031	6210
14037	12997
2632	3899
14840	1219
6790	9935
1487	6935
10564	3406
14960	12843
11885	847
14762	8642
16074	4911
251	11872
13704	5064
15591	18523
10998	17157
6165	9981
2864	19203
224	12312
6430	4627
232	8720
17746	16342
6423	8471
2780	18202
16408	12501
7128	13488
12059	4465
16100	3743
14936	17697
13480	5217
3680	11906
3543	6918
2211	10608
13519	18765
821	3422
6040	10354
18592	7949
18935	11812
18657	1233
12816	11976
4178	2910
18986	9032
15903	12643
10095	5718
10419	10387
3635	3768
16301	15347
14267	2648
9714	4151
13055	14752
5178	5213
4194	2016
9661	12200
3679	7963
356	19299
2809	4290
13299	1742
10468	16839
8833	17962
12898	10125
2348	15435
8721	1018
17065	9330
829	7241
6717	3661
1602	1791
14725	15649
5443	6293
8903	16249
9384	9517
1835	4724
3792	17904
3775	5148
3372	8940
3072	8640
16658	12989
12034	12189
7612	14859
6027	15790
4812	15695
3357	10436
13034	14394
9944	17598
3298	10409
14672	17185
12130	1816
17717	7513
14415	8270
205	19202
143	16535
15142	16436
19270	9536
4442	11123
13113	17469
9458	11072
6900	17609
18548	19330
11479	17947
3758	17386
15000	1
16902	17945
14350	2689
15763	5382
5480	13889
9146	3938
5007	200
17019	16954
4481	10984
4988	18416
2098	10770
5069	18906
12287	3396
12719	13573
8985	968
1175	4629
16107	7358
1718	16272
2427	3685
13346	18758
12635	7050
2202	13296
14176	12348
14004	17988
12914	14561
16769	10314
18257	4622
15923	15523
9311	4209
14928	11481
9833	13411
11496	1577
5730	14425
3197	11439
10908	16193
12750	13115
14492	13116
19322	9656
15275	2815
10357	3400
3290	2743
10400	7060
19245	6483
3608	12582
13447	7955
16604	17080
7964	10671
16126	5452
10618	4585
16829	8406
11507	5273
6736	19024
12547	13255
9339	9853
4649	6785
6693	4376
9196	18894
17099	19174
9433	10669
10602	15582
10392	13095
17608	5287
9225	18318
12704	2443
17414	61
5755	11015
11125	19450
15424	16287
12641	13449
5239	14387
12716	17246
7598	16603
7890	7535
2881	18552
6425	1054
9737	3047
11662	2226
15100	421
10899	6706
968	6481
4370	5891
16738	18875
8261	10437
15094	3100
351	9422
7802	3291
9730	11584
6453	2021
3333	18846
15504	16627
11676	3244
691	2164
3919	11423
3537	3791
5244	251
6611	5347
13175	15376
5993	1132
9900	9273
8061	12208
5602	14270
12481	18662
16802	5423
10808	18374
3361	10187
13807	7439
11564	4558
5476	6313
18231	6763
9704	13484
5692	17751
8772	6065
704	12249
14211	4650
8217	4308
5351	18167
5990	3591
16515	16745
327	2180
15518	8010
17990	6219
11847	1495
525	3928
17535	1227
19101	4700
13684	5126
11938	13933
238	12998
2279	7360
2611	1573
13559	14446
3766	2966
11922	6510
6157	7362
9288	8150
16909	17222
9321	14414
19385	450
18333	2025
14627	15307
11840	12170
2477	11964
9974	11753
7262	520
4102	17628
16014	10981
1024	10858
17781	445
9672	5735
3951	6141
12771	18786
5136	17739
8862	2788
6350	18140
9856	12484
10691	851
8569	1416
14653	8260
12801	382
707	13847
13047	6121
12308	6547
1972	10954
575	12163
2791	14498
6437	15555
12654	10246
14830	2415
9594	6874
13381	7880
14566	5259
15103	3120
11281	9595
2524	1110
2658	9718
11386	13068
16856	8534
1842	4388
14249	19131
4665	7728
16022	12623
18780	2845
8335	5669
13305	378
44	5069
6346	7575
192	731
7803	6713
17879	12435
117	13558
18601	12012
8943	4205
18766	33
4656	9874
12660	13621
17271	1543
1469	10739
13778	80
13021	1704
7836	2729
14174	13607
1435	17554
7755	5674
16006	17743
14288	9782
11057	1292
10092	16258
1838	1536
3093	13258
16948	16999
9827	918
18746	17827
1233	2624
6644	12067
6424	11500
8436	4227
14241	13150
17999	18256
1524	8875
9223	18370
12529	16212
7299	7911
8561	12617
3956	19357
1622	5709
19219	12434
8700	10530
15106	10144
14362	1838
17320	19187
780	18576
5171	9606
11378	8347
12538	8041
14272	5378
871	3666
10750	3114
6893	13663
12102	6255
10230	11023
12819	14720
9138	1500
13954	9505
4322	10243
2664	15750
18192	7262
8960	4137
690	9983
10887	2224
8225	578
16745	13677
1463	11263
19032	13832
17423	5174
727	11922
8409	2756
18043	6347
7594	4965
12527	9186
8478	10134
2300	12329
8824	13049
1743	12098
18960	9770
19188	6883
18953	18226
9026	5554
5028	323
11012	17193
16406	4811
911	1356
11574	10677
16013	3585
6323	14767
18372	7961
5088	827
17652	793
18214	1957
6095	17028
4632	2847
17075	1431
16410	2112
16836	11299
10231	14927
19010	14925
16157	5073
11773	10432
7918	3881
14559	9428
5633	7026
17340	1865
2709	1063
5475	4451
17468	14432
18086	1266
16417	11719
8815	16852
4517	8763
7655	15428
13333	3066
6883	6648
3979	18291
5159	19449
5379	16204
17066	8602
9183	1936
4160	13581
3640	671
10860	12467
2453	17234
12724	19563
4330	3797
1214	9817
17977	12071
15174	12753
11731	13117
11240	17774
741	17611
15269	2887
15108	2781
14268	11849
5118	9626
2498	11047
5008	19501
1958	5651
18636	2932
7087	9424
7958	12320
6365	11558
16086	19263
13890	9200
3469	18691
12068	9109
11882	9971
9966	12154
4450	13414
13262	3613
9993	11756
13391	14323
2473	7110
10540	17064
11941	10072
8979	17544
10192	4780
6998	5302
12687	16417
13568	514
3252	17882
3162	18390
14589	12795
11354	4087
19347	1028
11834	15333
7212	18322
10681	19400
10719	5050
2647	12504
16958	10228
441	14714
5440	696
8391	17404
9170	4204
2213	7163
14599	11181
17173	4968
377	16799
1537	17736
14696	6430
13666	3041
5166	6506
4960	2268
1519	10147
16081	19161
14050	17822
14810	18152
1290	85
18379	10817
3788	2655
4928	4793
16695	9042
12738	2916
15738	8340
11822	11877
16241	4088
14753	1773
15169	11537
435	16995
4291	10819
6276	12534
8608	18382
6678	10264
7753	10494
9880	7966
17117	8984
18790	14367
15786	8046
9046	15942
17845	18037
16652	11416
3669	15205
8338	16444
18915	1611
14625	12530
14439	12284
11311	5714
13757	7013
4959	809
10625	770
6601	12290
10946	18064
16981	4945
5506	16311
7293	1211
461	1945
731	5132
1907	9060
3748	5291
8681	19038
12930	16609
9698	12372
3244	4589
11636	16220
3143	13347
17937	6353
15613	13491
9622	7566
14633	15748
5766	9844
6376	3830
7016	4187
7186	5011
6930	14312
2672	13711
17049	17684
2873	11888
12258	479
17347	19225
5727	10901
18487	17961
4669	15009
7375	19218
17074	3270
12607	8501
17737	15866
14339	4315
13721	12641
19351	1514
19061	4719
9635	1385
13650	6387
18888	9620
8904	14214
17720	16791
9923	9982
5557	13736
7176	8971
8301	11272
13624	11747
14754	535
3416	11411
13389	16850
13211	427
12382	621
13412	11765
10280	19274
13301	12416
7673	2928
7760	28
12451	5222
161	4481
18246	9168
8952	11458
11454	16488
583	14656
3198	19286
17678	6268
17313	5237
11670	1967
13524	7427
17160	16519
6713	17397
6810	17322
11824	3177
2581	1677
14976	8009
4216	14018
897	6602
11214	16105
32	19137
6916	1777
13247	11250
4551	1670
12114	11862
10931	5492
2739	4328
6905	15134
11333	16837
6639	4663
17367	584
11355	6243
18438	4879
1565	15473
16038	3449
7113	2878
5878	9749
17552	17484
12230	3472
11732	68
4374	5587
9596	9142
2271	6186
4547	8371
7493	11758
7160	17893
4722	18043
16098	2221
4815	18888
12346	7857
15081	92
13057	12094
9990	13977
12780	7497
9147	5384
8395	4751
17766	16117
18756	5188
16698	3806
19257	17560
6501	11410
16004	15206
13344	18890
11044	10892
21	10465
412	1921
2539	3776
17492	13323
12864	16351
4874	1061
624	9347
12217	3586
4624	6873
16680	15623
5954	14494
719	17096
13875	10421
15549	14291
12313	8671
17627	14746
15607	5305
10817	18688
11921	5343
3884	3936
4233	6281
11282	10151
3392	11837
6818	10390
7433	9877
12587	1461
6317	3753
6214	10593
11285	10607
14107	9943
7834	12400
333	12264
8360	13957
526	8786
13886	2569
15807	3647
5050	4158
8428	15071
15410	732
3208	11937
15539	14866
9332	3751
18728	11098
8438	3338
17338	6511
3531	2746
1765	2714
10181	5903
13870	6006
18409	13261
18351	10237
2185	9486
16477	13087
19271	17535
11157	8431
4279	15654
1679	15452
16920	7821
18140	7172
14290	19498
1165	14621
5466	13782
4136	11446
2490	10874
6755	18907
18260	4625
7191	16804
3855	19441
15486	4390
1270	9638
13097	6910
17548	9021
11274	15308
18796	7624
1764	9317
2631	6617
15179	8364
8768	4459
14429	12272
199	13175
8294	17197
10620	3430
1238	3993
16049	4201
15154	993
4112	10876
6610	14286
7062	3972
9452	4421
4200	12978
2134	13099
14488	11984
12044	18827
9238	3901
8497	12447
12647	1486
4152	3096
6675	7266
5502	14686
4416	19521
6879	5791
7823	379
6254	9204
94	10092
7552	4108
4437	2735
19124	19503
13414	15033
7951	16250
472	19352
13720	12972
16386	12149
15674	14690
1430	383
14815	13018
1404	18999
8636	18304
14043	13433
14797	1469
10426	4043
2704	1711
9363	9490
15541	837
9308	15535
6400	8290
643	12845
5006	14915
587	14236
9140	15260
15900	10071
16599	17630
7817	16940
2683	6333
16711	953
5565	10979
17249	7875
10798	7747
16258	19244
12981	5817
164	1899
2616	6144
10865	10875
19078	2218
8939	1307
6249	5482
1056	2306
8728	914
18005	18947
14729	7876
12612	6536
3840	17017
9834	4139
4097	1403
2506	7719
18104	4306
2942	16973
12232	1917
3649	18214
14049	14863
17232	4807
5813	10120
5996	7025
16833	11899
8690	18411
14476	18904
10473	308
9220	9264
2530	1149
3047	8020
9018	14796
9996	4143
11980	11026
5698	18438
2412	10631
17267	15978
6328	13966
5310	7200
18131	8436
16115	12495
17706	15974
4533	2373
13889	15918
7478	15369
3787	2826
6110	11158
123	5530
8441	2416
6339	7971
18697	150
17426	18787
10126	19193
14775	10232
12917	5534
17512	13094
8725	14254
1153	15767
14681	4173
13722	15162
6508	13708
2026	11109
3734	15527
12523	17515
4571	1754
3055	11706
18162	8415
10544	14988
9135	15869
6125	14893
9479	2308
9543	13770
18939	682
15999	1386
13793	15112
6371	13592
7535	8865
11288	14546
1246	10013
17772	8447
10434	1517
9783	3045
3970	1051
1295	11178
12899	2947
11881	10290
5189	539
9195	13043
15574	14100
19157	11151
3853	7781
5832	872
9088	8891
10337	16389
2915	1391
6502	10184
2317	7897
6169	18065
12626	5879
4394	18032
12656	3804
7722	10649
9037	16702
492	14067
2367	17301
13844	16863
2450	14640
3051	10357
16645	11254
3420	15402
11109	18142
11002	11894
17162	9003
7610	5261
8523	17529
7189	11200
16401	4447
5120	8331
13259	4922
10572	11055
19342	15746
10454	12449
18106	9248
15291	4255
13866	17756
6618	17407
5032	12314
7511	13125
5881	11623
17043	2786
10597	6079
13210	8337
17219	13324
10114	5173
18829	17188
6570	12664
4213	15544
3818	7958
6029	13860
479	5242
4999	13409
9385	1854
9272	17304
10835	7231
493	17709
17079	11934
3479	15925
8187	8189
6691	16920
14510	15611
3201	2577
1883	9744
8706	5271
13169	11484
6154	5925
5295	13720
2992	3756
9816	11850
3300	18177
7243	8929
3388	19102
18228	9041
16153	17379
17057	4708
9061	15467
5992	3069
17662	19495
14659	19205
9021	18467
16911	8877
9670	8670
13665	3513
16025	1074
5603	2023
1075	183
9405	5858
14458	7069
1600	8498
3612	2673
11022	15344
221	8002
2868	10294
4674	11896
14020	13869
10555	659
6599	5582
13946	15090
13481	5165
17767	9261
16956	19142
10013	283
2576	8780
2444	12070
8757	665
15120	16784
9487	3730
3620	6093
13798	19297
19116	5036
271	15448
3662	8813
13536	10046
15972	10543
3874	14223
9932	11542
15946	19047
15586	13945
8591	6085
5016	510
7814	5720
17617	2071
8911	1663
1179	2693
7533	8845
6078	4344
12418	12146
6640	5924
1253	10816
1074	9357
17473	3656
7065	261
1853	1430
4180	11190
14125	15852
6279	14464
11819	13463
1217	1109
10344	9714
2811	5254
10675	11000
5852	10651
4769	11221
13075	11743
2329	11145
14252	6545
5809	7850
7512	17781
5422	7809
4710	5818
7617	2999
1115	14674
15714	6170
8325	12574
18550	9739
13860	4215
8175	1317
12410	13594
7781	17940
2214	2364
19230	17331
14971	5746
735	10313
11113	4132
10516	18249
3505	8587
2674	7005
16069	12589
1944	16092
8682	14652
197	18734
15017	8450
7678	13527
7175	10710
13676	18020
9064	1213
3651	7019
10250	7680
17821	11668
18653	8505
7904	1381
5249	15006
935	11291
5487	15272
3293	1770
16537	17058
12637	18628
1862	4323
5100	14076
10374	15778
3636	12599
6742	18649
54	4546
10266	10699
14716	3420
12552	18130
7004	12004
5343	19155
4107	2147
18371	9784
8390	7501
18267	4906
7068	8324
8215	6479
9526	11471
6776	2823
6168	11204
2233	6019
6020	6040
3883	13807
2850	12612
16441	11732
10136	10266
18904	503
14530	18456
9255	4515
16655	4794
14877	16400
3039	17963
5394	13244
7754	11523
15139	10551
17150	6681
115	344
3527	9881
9973	7283
12622	8698
1197	14845
13823	13001
5599	7801
2065	11079
16997	4440
15388	4710
18341	10317
3338	13692
2160	16664
18955	7161
5651	13389
15565	11728
1969	2053
5269	7382
17138	13319
163	15849
9675	4740
11584	15791
2081	8888
946	8805
3168	17210
14226	1646
14827	7927
6988	1801
1757	11402
5371	14843
10794	15915
14984	1667
3424	6727
18934	10560
3345	896
16897	12054
11146	12559
10744	2230
2284	3306
18566	11054
8861	10558
16210	8768
17339	2653
15175	8393
13154	16111
10246	8051
9077	10028
18882	17794
10115	6945
13314	11212
17589	3437
19197	321
17044	19115
18283	2463
2725	11119
267	6272
10917	5286
4461	8272
16367	6378
18142	5780
8226	14650
9732	18753
18503	12555
2072	13819
18666	8451
19331	12676
12683	11288
17178	12381
15702	12385
16461	17088
819	15099
6185	14514
14367	5015
14025	6338
1631	5109
15536	14014
17868	16002
3224	7517
16574	2526
2369	2495
10370	19427
19036	1410
17130	6094
17631	19264
15692	1606
3575	446
9497	3445
303	16219
5472	19369
281	1624
1134	6198
18189	5990
15301	4146
5119	5211
11397	13828
1033	2822
11811	8835
9924	4578
6629	16864
18527	4487
8564	13962
12557	15316
18031	8881
10141	4519
346	668
2466	7901
2069	3645
8386	19091
14474	4979
17694	384
716	4662
14779	15030
10090	2128
11521	11946
7435	4424
3234	11445
12815	6747
19127	10131
10521	2995
2435	15386
8009	12490
15423	10986
13821	2869
2058	11626
2898	5195
8133	15665
12146	14554
18057	9601
9735	16341
1218	8718
9245	14549
13925	8516
7919	15981
8932	18383
6914	12205
14082	10001
16849	187
14851	13952
4989	13530
1144	16405
5644	19283
16079	2177
609	11935
8819	13827
2687	13006
10417	5765
15171	4832
3695	6504
7227	6211
3079	12165
698	8900
16423	17139
11327	2565
18084	15795
19162	12868
12406	14555
11064	1724
18201	18620
11901	10733
3160	8108
15374	4350
15735	17919
13501	19434
3760	8243
4	18725
4788	16727
18740	2059
15043	4190
2794	5792
18482	19022
13557	15118
12093	11855
8533	11387
10581	7546
15621	1725
18810	3251
12661	8088
6478	6253
1311	10707
6756	5526
92	1926
7938	11376
6270	7659
7354	7095
9949	14182
1897	16032
8166	17921
18223	7289
17571	3505
5771	12411
9849	6892
253	15533
1168	2200
15013	15566
3790	1408
15115	18889
6545	8691
10718	16207
19006	15696
11187	13679
12377	8496
6343	7100
9498	18311
14223	3735
18546	13654
7399	17277
4573	4638
139	8117
17140	4738
7626	13554
7844	15711
18858	6825
10781	15932
10864	5680
17296	11258
8517	2858
2334	4475
7587	1774
12151	17989
695	18901
9403	6623
5577	18670
15830	15176
1723	16936
18028	6576
13500	12166
4930	3289
12310	18101
1545	4338
729	16445
7434	6887
2266	5387
9318	18883
10397	5183
14028	6962
17153	2767
8873	17903
18689	16453
19335	11642
9778	5883
14173	11222
5116	18666
14910	2466
12900	3461
15212	17008
8378	17538
7619	8493
14789	13658
10527	2168
3822	17380
13342	15170
9341	13512
14370	6457
14093	14990
11307	14051
6796	16530
12186	13382
10963	12871
12012	16926
672	13172
5104	16424
17829	14739
18830	16331
19148	11602
4797	14389
19367	10433
999	3951
18087	798
17458	2191
1598	13177
2324	12807
17609	8828
8578	10500
9720	3190
6192	14737
6869	6730
16982	4148
10923	5041
2655	5996
6772	59
6799	7985
4193	822
6941	10572
6289	5946
6649	3411
6702	6831
8577	219
11814	10058
14908	17364
16466	15488
5904	5767
15102	14124
12381	19525
2996	14949
619	7646
14513	12605
8188	14272
2246	2712
17549	15800
7420	11043
4641	15025
7736	3507
11615	16025
14261	9015
14379	12360
10105	17564
18477	17391
13109	13902
17774	4947
17505	12279
13054	11985
10277	9303
4459	8654
17330	1145
17123	1840
7044	3622
14003	1476
8648	4483
2621	18755
14294	15706
13476	10550
18291	12440
16412	8162
10455	16134
8034	3803
13415	2426
1465	10458
11861	15638
11830	7999
9881	13070
4139	14415
17727	9339
14411	3603
13818	989
1794	12058
7021	15125
7220	9090
1980	11669
12033	13024
3033	16218
6220	4591
12828	18465
13899	16355
12253	3624
753	8383
9294	6560
9230	14019
16340	840
61	6666
9408	7704
13769	19025
11118	14022
11974	10872
170	4527
14235	17787
14869	4506
8593	10085
14327	5425
17842	9960
3413	3326
11067	9332
3916	14972
10364	5570
15188	1175
4396	13335
13343	15023
7469	5664
861	8550
7778	7386
16926	7754
8587	17460
13304	12946
531	16223
13981	973
16202	11658
15525	8063
4965	2333
7327	16313
9401	19087
17331	7819
5613	4733
1012	3545
9548	11276
7959	9139
16913	790
11160	7140
6535	441
15939	5726
16609	297
6181	7254
15303	17801
10639	129
2557	17965
6364	18626
14061	10987
4470	8954
16420	1040
17710	16043
15404	5528
10634	1204
12397	13788
16075	16527
11359	12717
9547	1895
13146	8346
12696	5896
3685	16611
18724	4562
3777	14902
17519	18572
1128	15709
11071	2477
2703	5942
10154	1706
8684	19564
2599	15351
202	10867
2398	7573
15924	4887
19160	5079
6014	11726
2474	7899
5968	12694
7750	8667
14915	3980
10270	8945
2535	15737
5634	15214
17930	18924
8481	5276
3834	7744
7961	8884
7681	6744
11233	12347
12090	8930
5959	7361
8037	19566
11684	17023
11605	1937
11931	17366
10074	17087
4562	12956
4312	3383
12238	11826
11385	18134
14620	12332
596	3447
8296	14518
16683	11034
7414	4263
1113	11113
10038	1484
13138	8445
2588	6346
1452	16972
1959	5332
7047	5913
18203	18919
3249	3235
17283	12991
9234	18624
13454	16612
4899	10830
11481	18825
18381	13085
19383	16843
19255	13787
13966	18040
13808	5474
9884	14701
7975	3443
1306	14605
8655	11466
3557	1675
4979	9644
350	5127
10984	13984
16427	18952
10436	2412
12575	504
4135	7663
13425	13841
5217	5450
16932	9396
11231	4640
18158	6611
14135	15530
2600	16628
1618	8857
15268	8525
13358	6822
16934	12692
7273	17613
5183	4695
3041	12758
3897	3215
13251	9144
7525	10377
3975	1993
10394	10574
6793	5585
10509	14847
10309	15420
7202	560
11013	19523
8280	11635
10345	13795
7937	3020
15790	6073
236	13672
959	11213
11745	18055
7397	1978
8273	3196
641	10573
8657	1830
5429	14098
11356	3882
13591	9686
5213	19540
15952	11901
13528	8565
2424	1278
12786	15712
6812	18844
14879	5514
6539	12700
3054	6589
19373	4939
16286	5167
17989	2536
7982	13405
13276	14509
9644	2925
5998	4474
494	17580
17301	16240
977	12213
4675	5215
11199	15805
19241	14029
3081	6441
3933	13556
3782	15194
15117	4110
234	17706
8573	877
9821	6414
7822	14094
19293	15152
13328	302
1586	2196
14724	5134
4981	548
12510	1674
12768	5518
14072	18864
11432	6465
10452	3295
18033	7572
852	16330
14842	2384
3454	11392
3009	12227
16233	10620
19129	309
1323	11981
16177	2930
3174	90
4225	7489
17733	7321
13468	11433
12770	5691
12002	3149
19376	18553
5776	1243
12003	9757
12457	13626
11065	4875
15240	16667
11954	905
15985	5083
11484	16942
9022	2167
11352	15178
10005	6943
16596	11675
13104	10353
14624	12954
17362	6070
3153	557
11082	16796
9095	14248
1605	8336
10957	16834
11727	3297
10107	17618
11122	8992
14832	12417
5078	10231
11323	11229
8958	161
8202	1313
8072	1712
901	7205
77	13691
7495	6115
6104	6578
7769	19234
982	7099
17784	9508
10676	4207
13577	18804
11034	13547
19288	14459
1331	10643
17560	18971
5865	13163
1666	18823
3322	952
3732	10661
19210	2390
4714	5433
1521	10157
15264	9305
13274	1958
18038	16819
5946	6124
15127	18396
15853	808
7725	4332
8346	6529
16517	5719
6984	12547
1603	13435
7857	1863
7867	11905
18070	12202
16371	1875
16221	84
18999	12007
18943	9727
18269	1294
9572	6418
11740	19139
6537	11090
16538	11838
3296	10687
18957	3932
9657	12038
8937	18850
10354	18954
11708	3837
3749	16440
19047	1868
3809	4337
14442	16270
3805	6880
14177	2183
219	7926
5237	16142
10913	16789
6608	2617
7567	14484
17906	16090
18540	15409
13071	9629
2449	11133
17208	5661
869	9038
12525	366
2430	7413
5681	16265
4351	2162
8638	10482
1062	7347
1159	9551
13791	3315
4800	10738
929	2175
19000	8693
10260	16748
340	8299
14432	4431
18009	4665
13089	1990
14382	4859
11401	9233
13298	7976
11237	1191
17432	11464
19228	12511
2671	9766
1135	15964
7282	19371
5552	8149
5002	6872
17696	12402
9694	4848
1249	10181
9871	5184
17286	6122
11054	18575
1076	7494
5364	17537
13117	18779
12937	9259
13979	1255
7556	8568
3848	3254
1138	3202
7053	13470
907	583
4026	3841
3204	12140
8213	4480
11076	1822
10805	8563
8762	15835
10422	2535
15480	18006
4699	9513
5062	12493
16078	11358
136	4031
12787	16856
2283	11264
2613	11660
15484	12188
3390	576
11539	2084
15673	4404
3877	10487
18688	1259
14279	18855
10369	16569
6318	1491
18942	10683
12601	10843
1850	3037
7960	12037
8662	11480
4549	7742
1192	5169
12324	11293
4581	1382
4968	14691
10209	19118
6100	14266
12653	2476
1645	18799
18111	10684
13413	451
12459	1849
608	16437
14505	2897
16870	2394
18217	6764
3373	8348
17586	10859
10448	14038
11774	15465
8318	11032
12493	9598
17063	14908
6255	10840
1806	15788
13855	11395
11648	11524
13420	11571
5827	9001
6579	8605
5015	17707
18956	1567
15561	14337
3203	2836
7258	19162
19244	13976
14075	13973
13446	17189
5011	11472
505	2069
19247	19132
2265	7493
12117	8523
5187	1597
1720	3737
15851	6757
2433	545
16801	10824
14893	16144
19211	7763
16198	2588
9718	4952
16361	5049
9920	13472
13505	17712
6510	11997
13124	15226
5887	8584
16219	1769
18749	6428
8063	14250
18937	8927
18195	8831
11255	5951
15245	4819
638	7835
3864	9287
13692	8662
15182	17869
8329	13757
11198	15311
12029	13671
11299	2062
14032	14477
13137	14834
2800	985
6041	8808
13497	9056
10299	13931
8358	10394
1328	19353
13157	12220
17673	14421
1229	16753
302	14163
17494	3716
9495	7547
10589	7149
3986	2414
8850	16136
15513	19211
5328	16323
14074	4174
14660	7434
5985	7253
17808	6571
15556	3575
18380	8442
3497	3954
3592	806
7439	16343
6353	8859
16616	18163
905	13170
767	687
18067	10912
7166	5922
14533	8191
2005	4812
17237	18179
766	17031
2968	19083
1410	4588
13967	14050
5469	16742
4300	17384
12710	4040
15064	1909
9771	10688
1943	13623
3957	8957
5209	4761
11556	17207
15479	10382
17743	359
11489	17026
1057	9496
917	14716
15637	6498
19117	3261
5997	14722
15453	16191
12467	2768
16344	7645
18642	10481
15578	10102
9130	2554
11298	18854
13227	4594
5140	9167
10623	7461
24	2406
10828	15119
7618	12126
2826	1343
4907	14375
19304	6044
124	5227
13854	18440
10052	8429
11753	5075
119	10972
18215	8772
9028	18656
14993	12638
5369	10834
3018	3955
1615	3596
1711	5976
10513	16682
10003	18595
15427	18112
6631	15717
16307	10960
15950	12241
16472	14151
13271	17431
13161	718
9846	14475
12820	17926
15994	753
13879	9223
10073	15077
15781	12124
5936	364
758	5163
7868	11290
4359	5873
19114	12928
2071	18272
13768	134
6847	8067
13463	15484
4747	16755
11210	15991
11318	19261
3847	3163
19033	4086
8982	9702
6575	425
6926	5028
5799	11364
5406	5667
11783	11
9473	14794
5090	15559
4597	15022
16490	18074
16592	3144
4257	4929
2880	19254
2472	17367
16544	13004
6156	6342
18857	12196
866	12613
11756	16964
4385	11593
7133	7320
4003	5066
14213	10024
17215	6081
1949	9185
14470	6277
16521	4862
1533	13207
8654	3162
3912	19376
11151	17059
5574	15440
9322	6806
5307	17803
8218	15741
2192	15086
16731	13283
6733	5798
7629	750
8076	8144
6438	18158
2718	14200
9925	15904
15782	145
714	3471
15136	8404
12558	5960
10251	6359
15163	13604
15331	6173
7315	11971
6729	17998
16165	11723
16148	15814
10738	9901
18020	16462
7763	17482
4659	13264
1550	9683
11945	7734
16837	10654
6212	3266
7024	14538
17121	12455
455	3795
12450	9563
16295	14066
6114	9005
386	17011
3872	13737
10752	2774
9325	2927
312	11557
9300	8446
3302	14253
5945	11541
14	1302
3890	17481
2553	17195
12684	19536
10656	3125
11246	9855
4137	4047
10120	622
2515	4464
1314	2631
11090	5035
9057	12853
11345	12302
9143	18597
359	3070
16388	11202
4306	18754
2726	4863
773	1690
11163	7088
7504	15514
18530	16792
14105	14901
3715	18950
12705	8217
10140	13418
12435	7845
13177	14427
5449	19549
19349	7622
17020	1933
3035	1330
6874	3237
6370	6138
7476	10275
4831	15406
8571	19212
12745	13383
15442	16434
15827	13953
760	2329
6827	18865
12657	13643
15309	932
18350	16293
15001	5063
9800	17868
5637	7491
870	502
4054	756
12103	12870
12295	4485
9335	3509
5031	17912
10848	15693
19019	7118
10288	10193
5744	16529
12577	771
18167	16321
4901	17990
6204	12045
4055	15809
11447	3398
8630	12164
7368	14551
1893	16750
15097	13854
16979	3
18733	12218
9306	14370
13574	14083
12421	6689
3971	7047
4680	19053
16061	13136
17332	8559
3329	10033
13258	5021
6837	8488
10878	3674
17978	14352
4440	13234
18545	19096
17992	14715
6117	6476
11462	18761
2378	1206
5975	6433
17934	2074
14778	18736
19216	19268
11156	10011
17707	12022
17409	14580
5610	18915
15168	14162
10191	8343
6097	2357
6088	14192
15252	9388
18197	10598
6205	15624
4601	8280
18160	18166
8918	300
13750	11311
16894	184
6447	1240
9960	4685
4939	4853
11372	7813
12249	12859
1001	6932
3548	7449
4972	12445
15128	18911
11667	3559
13534	1673
3784	74
1225	17528
13836	4746
10296	13959
13982	9829
10198	490
432	4251
13788	7600
6123	14376
16322	9178
10116	12863
8140	17396
5431	8977
10365	467
11647	18317
