582
144 185
859 44
35 164
46 1004
6 789
811 284
1063 2
218 193
289 1067
407 1129
665 75
883 1058
1192 601
404 823
298 56
804 378
1270 312
1102 195
796 769
624 649
527 106
1204 1036
1138 851
75 668
76 31
989 104
1263 722
1119 584
1133 689
1251 391
950 303
119 103
894 403
1113 564
799 186
776 944
1224 690
667 976
432 606
65 256
33 457
1275 844
1051 198
946 476
246 285
563 939
1179 1123
436 861
983 1057
441 1006
904 685
243 1145
1041 351
1149 451
388 960
585 1105
364 847
742 644
249 337
151 821
769 43
426 699
450 739
1151 897
415 859
430 254
1003 135
253 445
374 957
215 398
1252 1116
187 330
648 875
633 574
696 237
500 356
295 6
576 948
10 110
1072 846
736 729
1280 215
228 433
303 1049
210 305
280 1021
1247 743
906 444
844 253
1026 652
949 1065
465 161
723 778
1104 443
680 620
868 594
517 279
250 281
857 641
606 38
350 36
1066 376
1103 1079
1 931
73 1018
100 730
227 1102
562 751
85 24
875 440
1194 216
402 860
685 333
548 529
1236 363
174 283
464 142
244 691
175 128
1101 1046
354 661
782 120
259 25
131 519
30 760
8 840
107 930
635 514
1215 815
819 218
992 1052
262 296
121 294
580 1012
444 21
754 286
81 807
1196 561
922 723
418 1140
913 762
502 203
396 862
602 954
654 231
1173 800
1294 300
711 463
640 677
149 590
318 469
839 921
468 340
615 235
1079 19
1227 785
816 125
1296 995
269 579
221 618
1261 227
1131 986
1140 662
496 26
587 250
357 385
356 855
923 229
676 898
177 275
117 605
399 684
24 93
564 712
644 54
1028 127
7 933
1154 660
991 773
1012 1111
1097 1054
1058 502
21 812
673 1131
316 750
1298 637
132 138
398 633
708 679
1164 200
14 224
1239 951
996 885
429 810
183 133
1136 140
386 607
159 546
223 520
111 92
884 257
1099 636
9 1084
1005 809
626 29
220 131
1279 10
135 1096
1217 189
1112 535
1120 13
601 943
427 531
409 409
705 938
377 1062
1109 11
1078 830
916 640
1141 117
1139 321
707 634
320 834
703 716
1240 969
1068 906
1148 1064
682 374
459 826
792 970
416 405
1014 143
171 355
93 497
612 919
346 434
182 76
161 1118
43 595
101 1037
835 1032
578 940
1223 548
1226 488
928 180
611 582
29 883
948 864
283 42
1024 204
392 1014
898 372
880 738
22 616
709 876
482 81
1272 630
309 732
852 950
623 323
1117 1112
272 597
942 342
863 421
762 707
1152 141
234 437
158 173
275 754
88 336
765 1120
718 952
940 721
1178 426
376 490
719 177
155 59
116 425
1086 493
126 735
758 1019
681 833
188 917
651 293
617 1016
1034 780
454 456
0 329
663 196
1292 545
761 209
1258 977
970 982
160 447
570 446
671 159
478 904
42 673
583 17
1207 777
838 740
954 824
313 197
493 108
255 1126
568 703
760 332
1260 308
1050 528
725 698
963 504
95 48
480 375
608 901
372 871
339 611
980 109
953 635
287 997
544 414
434 464
672 692
541 65
960 16
921 187
245 277
124 854
510 837
380 169
1163 352
260 838
639 1133
61 918
692 61
927 272
455 410
1276 14
1021 223
1241 1086
657 983
536 536
256 700
113 549
442 516
1031 559
520 827
837 666
1222 971
1185 88
1187 249
337 419
371 168
899 747
1190 591
345 768
650 129
448 1003
1106 920
1013 680
433 328
64 73
286 191
266 1100
338 909
649 27
735 492
861 234
1091 55
878 157
1177 672
247 388
58 262
827 663
683 570
1125 891
873 1150
584 609
731 515
324 418
1088 973
86 678
734 1138
597 936
1206 713
987 40
37 395
820 708
1033 165
712 629
327 839
704 278
806 706
334 361
669 347
176 984
1064 912
684 558
453 831
84 348
934 205
730 357
849 156
1268 863
728 1094
1273 604
508 201
1269 782
977 181
553 681
551 343
941 408
780 619
194 534
1158 52
1201 1031
903 642
784 756
152 1101
226 1130
652 530
145 651
658 848
1055 287
362 12
501 625
332 1142
200 569
524 1051
1053 442
112 828
230 368
271 416
590 163
1116 219
591 555
23 565
1255 654
1183 1055
1168 922
686 259
1052 517
1238 491
1253 324
1216 246
1205 599
1108 926
307 481
449 68
701 1108
834 585
38 71
232 881
749 923
489 459
172 334
848 1141
157 1068
347 111
625 115
1126 612
1250 4
494 3
92 842
491 57
452 386
531 327
890 449
690 145
1230 793
507 1146
1008 843
1143 346
358 643
596 766
134 435
118 799
44 373
882 139
421 675
910 525
818 727
128 326
18 761
552 210
252 610
74 1020
397 748
634 593
829 136
607 910
629 392
748 63
660 1099
12 58
616 819
184 214
1076 704
788 728
1115 240
384 1024
975 963
516 527
443 261
1254 817
410 479
1135 192
1011 959
938 32
82 269
261 1007
1081 725
1062 925
329 1073
702 980
77 587
213 1097
47 816
1197 845
1256 967
71 985
843 465
1098 900
610 72
805 341
1202 100
1284 236
365 598
846 377
394 83
315 207
360 987
1237 772
1025 571
767 78
473 894
770 659
1291 888
185 239
1083 80
867 631
333 270
54 602
268 242
238 480
1035 394
41 267
1134 105
285 28
217 381
17 805
304 820
1032 603
206 509
212 489
1242 271
535 147
893 116
51 733
1043 709
774 1038
1181 1134
368 978
1067 573
400 532
842 541
886 972
729 683
142 1056
526 907
114 153
603 1
1245 895
826 822
614 51
756 1042
556 87
193 694
78 291
773 962
915 430
1209 66
781 908
