7500
12833	3339
3620	13613
2848	4495
11840	13527
15493	8076
7478	6025
1372	18274
6479	10925
18222	12891
3750	1650
5384	17748
3497	15037
10793	5957
11119	1995
7189	2332
3030	18376
6406	18830
17800	2882
6778	19532
13875	14167
13601	8039
18903	14489
1904	10685
10342	8639
15640	19518
12031	11290
15738	12245
12494	17051
17908	11230
9750	11513
4878	8967
16095	1899
1619	5332
19176	4110
10951	13617
11351	1154
14615	10760
12924	9605
4296	144
10375	1234
17814	8791
8925	9370
4037	2266
175	13174
1868	5912
16631	2144
18441	14767
16440	4939
8702	13308
16686	17047
5752	7375
10876	9895
17479	10650
18100	6242
10510	10923
4907	1574
6041	4173
15577	15775
9235	696
8477	17876
886	4105
15988	9190
15397	3047
8701	5150
2211	10755
5701	7754
3929	14028
14487	9644
7537	1214
15236	19611
11813	17799
1094	13983
19474	17945
9714	19843
14930	5568
13565	4923
3661	3784
1057	14938
2013	11281
4315	10348
17829	16971
19168	14118
4005	6070
18776	8163
2184	4389
11684	4543
496	1521
2182	11005
12024	17199
10564	991
15710	10900
13999	14269
5608	2847
5124	12590
3598	8432
18670	2511
15750	19666
8047	15002
15046	5294
19302	11032
8230	16661
1971	9625
1214	10054
6198	8202
14109	4857
6891	9994
12387	1043
6181	2500
9461	6896
19125	19452
4302	5545
4095	7340
3141	14045
9523	16859
3196	5216
19516	11765
2407	11538
7622	5255
8401	10784
19339	18218
5691	1091
17606	5353
1112	7033
15703	5579
11011	7728
4559	19448
11815	1865
9645	19024
6963	7814
15826	297
16583	7006
17312	13781
12733	10179
19386	18859
9664	2160
9097	7120
9917	19375
2807	17424
13832	3861
1662	10648
3801	19289
19333	2862
2352	16993
18780	18317
2792	8462
18829	18695
8396	14498
2826	9920
6960	6341
15007	14301
19396	14174
17304	13438
4831	9764
4379	12171
1599	10928
11553	2523
6590	4611
16215	8559
18412	19950
2854	1591
1737	10381
12128	9525
3358	2407
19147	310
18516	13349
1687	13188
18572	3553
6051	18623
19385	6325
10959	9085
14410	13699
11600	7603
7630	6788
16077	5655
19054	3066
7219	1953
8459	10038
239	6563
7784	7874
17554	9262
2375	12035
8389	3530
8093	3165
14597	4721
5633	10502
11280	13560
2942	18498
279	16392
14774	12598
6555	4778
13694	18308
12190	14242
15949	1688
17349	5668
1053	5785
14571	11627
9390	9853
15705	1332
6206	16039
5347	19504
19564	18361
8955	13434
19620	4577
5354	16623
17772	4885
1109	2432
17821	11004
9552	11940
6701	8146
5672	4924
11069	9154
5283	15334
17815	4473
2063	7498
10725	10468
10191	15434
7798	13597
1715	15172
18573	11380
10741	10242
10198	11452
18471	15347
16603	15558
3233	2999
2452	5102
2575	10536
15992	14012
12244	8014
3561	8675
15373	13271
1464	6351
13658	12800
8304	16218
18103	16109
6133	10405
473	12931
11627	106
17408	17890
11763	12441
5500	4354
7053	18905
3355	16711
3960	404
13829	4499
2675	18151
7689	17899
1199	11664
12664	4655
14514	11449
6464	11769
12785	2118
7283	10821
7910	9619
10110	11204
16742	513
3353	3890
11154	7206
15582	3088
3122	11338
7625	3903
6731	8582
8530	16656
12087	1568
4589	2811
19578	17242
10897	8342
3727	10472
9722	10641
11273	11576
608	10826
18801	11760
14585	1363
611	7738
18893	12098
8656	15227
17616	1532
12534	5548
1435	1453
17399	2732
13081	10947
1764	11244
927	19441
15979	17771
3675	7220
6200	14394
8914	13345
5250	13563
3980	7803
12084	9776
11128	8734
10711	14456
2036	683
4883	19629
15650	18287
17503	16966
17688	5261
14146	15582
17694	16045
17356	16166
9146	2925
11961	3083
5206	11050
15719	4877
13338	9930
6475	2361
18688	15100
13892	5592
8413	15913
9867	3608
417	1600
19300	14944
1453	12579
12722	9147
14055	15789
14911	3978
18771	18704
14111	15099
17317	210
14645	16048
9447	11831
13433	18195
15310	13705
16279	1923
6605	10403
11807	16437
1690	10176
14133	3050
6502	11407
14064	6971
18663	18723
5746	12845
8842	16755
12210	4061
9784	10367
907	15455
9518	9489
18015	6997
18541	9804
18827	4397
9329	7398
9431	8501
16249	18566
7314	12802
17801	13045
5638	5796
18013	9283
934	10300
7666	17397
4967	5985
1942	12128
6980	3280
3034	10845
18115	17197
18321	12544
6601	3072
13269	8249
13272	16411
10045	2016
13514	3621
8161	13615
16021	15258
12744	3572
12923	19038
15222	13077
18834	9704
217	12867
7224	372
18909	16301
2080	12064
17531	17985
3323	239
14020	14985
12052	17133
9547	17005
17872	12320
10289	4915
14247	14078
16415	9879
2302	438
7600	7844
2841	6996
14405	2751
9638	669
9122	14931
578	7519
16992	3311
16426	1494
12804	11202
6998	9791
18744	18898
5984	8994
11138	19040
9333	15463
14461	8334
3447	11870
19558	16003
2995	5040
9369	13346
777	10008
12729	18972
8642	15544
14398	156
14832	19337
2336	12959
17221	13014
15592	10992
11114	441
6560	11060
3574	16870
267	7795
17195	5063
16054	9506
7466	13408
6126	9743
15885	15103
1215	15148
15445	8224
17077	7440
3897	16627
3111	2607
3487	12022
453	7714
15533	17679
14196	3461
11665	18885
10834	8920
1279	13288
9627	19192
3731	19212
18035	4487
17284	19240
6492	17160
4159	6159
11590	18527
12596	16842
9564	11485
14997	5315
17477	14757
9858	7969
17528	14868
11710	3431
1324	18989
3264	19273
18879	3548
4103	9198
16623	16221
17836	17046
12116	19214
15870	19020
5167	13447
12386	7017
11389	5675
338	3249
7455	15066
2536	6276
5130	18844
4246	14458
13649	7530
15515	8221
9545	17331
1166	16288
2238	1915
14862	14081
10889	5538
13240	9601
2454	15470
17023	2503
8409	1292
13586	14940
3031	7833
4946	12534
10053	17410
7610	7030
8375	18709
14859	17903
4482	19574
16099	3607
12666	9476
8541	18564
16023	12676
7118	11777
8586	14620
7692	12723
15399	16255
19465	5057
12115	16259
6374	18103
13027	2163
1988	3519
16487	9618
8978	12158
15326	10907
15251	15727
9207	1100
11939	36
17734	16200
18588	488
1143	4127
15218	10527
19105	16028
10409	13498
1761	8999
9475	16501
13909	18067
12830	574
399	8533
12602	14915
2818	15814
12455	19984
15461	9957
17203	19628
4463	3847
5766	3218
11944	5584
19161	14348
641	2107
9116	8319
13716	5285
11717	13138
13647	5146
5244	9280
18177	9493
2292	12335
19157	9962
7886	19001
4552	16958
13062	11852
10635	15719
7509	3792
12253	15341
449	14712
6285	12854
10838	886
11768	7040
9730	15320
11940	16327
2154	5221
7879	3053
6542	14153
7771	4214
3105	857
17013	12061
9389	13875
13381	5196
4500	5840
8718	7623
18404	12908
12713	14668
1830	16135
11468	16424
13210	4049
1274	8381
9215	3586
12383	5341
17890	13616
3737	2505
17388	16008
14014	5911
17173	19361
11240	12305
6215	18114
17465	306
13997	5400
2256	6160
17744	8196
7289	8896
12232	122
14391	10327
9378	6319
10811	7395
16671	11752
7158	12861
19225	9760
9009	8105
980	12082
14592	1211
18418	762
18171	4817
6390	9549
11921	16425
12916	15955
11344	14259
14448	4684
7362	14906
7919	19938
9160	10092
13585	15838
204	6199
15472	11048
6986	5748
10460	5108
13951	17456
4403	8087
11674	6288
10894	13689
5498	19092
15917	1056
18624	4783
8950	16086
6907	15399
2149	15926
8001	12229
15767	10752
5319	7324
15249	2570
768	8001
9871	15746
862	5454
1889	6606
16284	16803
15138	8715
10060	13003
10469	12978
8627	8408
558	12782
17624	6666
15728	13966
14035	16734
16033	772
15781	18489
7486	13492
1643	7151
19513	3866
18302	19620
2204	10759
15732	5391
13632	11350
17238	17481
13362	2691
6207	11750
2906	11225
1300	17898
19304	7298
10893	15882
11058	4552
12234	14727
17490	8310
411	5697
17633	13887
10509	9334
14709	8190
19117	9862
1365	5349
2539	7323
6296	18814
5338	18142
16312	19225
2508	4714
4515	7763
259	5490
9463	11078
17029	11678
16645	903
2229	16207
13735	2090
17576	2545
5251	16894
8971	3180
12922	19177
16629	14037
16362	13382
12612	15025
6935	18786
17567	5696
13239	13823
14419	16659
8382	2644
2067	11993
18485	3040
19361	14660
6637	1796
6877	17344
11283	19808
6452	10163
9758	2816
3046	5354
18765	11957
14046	10091
16401	14330
12003	19059
13563	8412
10272	2970
8218	16974
3983	5990
18381	5677
18264	14840
9040	6387
5595	383
9965	6467
6442	5307
15654	11494
16473	13013
13094	10208
6799	19968
16584	5735
8858	644
6636	13719
849	9759
1524	53
572	8429
17456	16277
14195	8296
15269	12610
5326	17944
555	14322
9988	4251
11898	12836
10941	3837
17867	13783
16164	8990
2606	7835
7320	6098
6527	1402
18067	14811
9711	14295
913	19355
4341	13122
2820	12264
11413	9942
7097	12647
663	3310
9148	3648
19586	6530
12160	11802
11455	18601
7016	11844
7633	12797
7599	10531
13123	17121
10026	1919
9830	897
9576	2307
16727	10484
4862	6411
9686	7618
4278	14842
11793	11111
10575	15342
5881	12099
10678	4757
16022	17754
1004	16118
6417	4240
18099	2072
16895	14021
8897	5507
14995	6626
11946	19942
17631	11612
8819	19838
8817	13947
13653	2181
17493	10395
19570	15967
4345	12100
1834	8961
13392	1025
12233	3082
1993	9926
13257	6393
5656	561
17104	7644
15641	17918
619	16833
846	17451
14648	18627
5425	4723
15295	14573
8620	6102
16681	19608
13291	18926
17461	10789
12252	17940
1839	13506
10950	6627
12863	7155
598	4276
15416	8663
16554	8254
15112	19955
5286	17208
18988	4149
12579	4005
2795	10201
3925	1319
17923	1327
4797	7957
10969	12270
4996	14535
8594	5039
4201	1476
1549	17522
15829	9301
2303	4237
18853	6528
2450	17989
5310	1462
4955	18261
16163	11892
18186	9669
657	10077
3971	162
11179	7194
4744	18487
10545	6051
2134	3274
14878	1173
8561	18115
18651	3828
2875	11197
483	7191
4078	1642
19263	10621
2396	3287
7649	19124
7442	14058
19636	18654
13646	19919
2516	18678
1203	8875
14721	15112
16780	3395
10228	6494
17303	1466
8191	19813
19461	18188
3009	11198
10220	4595
1836	11444
12344	5300
8406	2592
2544	8000
13556	5420
8691	9288
18980	14886
17702	589
11780	17016
6104	17942
18580	1776
11669	6358
18536	15058
7936	11618
8256	6499
18	19651
99	4759
16999	636
1460	6096
8799	15961
5464	13218
8526	16163
18403	8519
2493	14700
3005	18432
1816	15353
7272	12747
4106	856
5079	11144
4020	14094
10169	5939
17373	8522
2071	4569
14540	206
18599	1486
17471	6007
8752	16159
11755	10157
14579	5197
2234	2670
18961	2283
12862	13587
4311	5625
13225	2285
4528	17439
6174	18980
7499	4459
2737	19940
13798	16951
5708	15890
14549	3213
13886	11648
18314	10436
14867	4942
10646	1808
1631	12001
11082	18125
15614	15720
15099	4277
13940	16765
11333	17420
10380	10532
2811	5670
2951	13252
2404	13961
3962	13830
18278	13495
7938	6589
305	15385
10708	4177
12158	18969
13327	19350
6901	17963
14956	5958
16664	18029
10675	1761
19124	19545
8556	15621
3973	14714
4630	11400
10096	3181
6759	2237
16684	18253
13771	3417
7770	16397
13428	629
13191	12475
10368	8417
11216	12450
10189	2108
17080	15981
17220	12622
18209	3096
6810	3435
845	1562
6163	19415
6785	10861
11353	1497
5390	8940
9613	9000
5899	15818
4497	6685
16199	1192
15806	5097
915	9233
14885	1779
3284	6673
10887	18620
2481	10370
12893	9824
1014	5215
16873	7756
13871	6308
5320	19526
15925	549
1085	15669
19476	5869
762	3999
14543	15990
3820	19915
15714	18986
10363	19652
9476	12684
16773	4222
2588	9486
17690	4201
7619	12343
3312	9954
11009	12981
14178	3261
15559	9516
10597	5766
717	15905
18725	10878
5300	1436
17329	9030
13870	14911
18617	12220
15511	5623
16718	6163
15146	19568
10554	1823
372	10055
11753	8574
3901	5678
15284	9505
14941	802
10982	16730
69	17981
4393	12028
14752	17535
12099	3225
14554	17488
2559	10470
7957	12643
9883	4157
13686	6076
5869	678
6157	6834
1582	15612
16517	12243
751	5335
7821	4772
16079	1458
957	6807
2011	5715
3290	5644
18701	13581
9962	15675
8667	3063
17012	12291
13819	6295
12015	14889
5897	105
7527	17638
8172	768
11995	11447
15305	12803
16461	16544
8002	363
16432	18792
5253	2506
2143	8238
8017	17747
19030	9694
11125	9832
14903	7175
8278	19196
9196	10018
9346	19082
19459	637
14115	17423
287	5898
11863	17557
18973	1433
18128	5941
6468	8171
18119	8732
19102	6270
8366	10584
13815	1461
10647	9703
5391	14681
14380	8272
19357	16076
11536	18670
2279	9440
16256	8824
3416	7401
1499	1375
1303	4558
2545	11095
12604	17764
12775	14196
12656	11415
6598	3122
123	1064
13040	15756
12089	7521
18199	19379
406	19142
13346	18769
10966	12819
6246	784
16357	10478
14353	14
1451	6661
10257	6294
3396	1361
17794	12813
17289	13155
3219	8220
14539	18072
12251	18506
17894	8867
17102	7918
9811	7643
6761	1822
13631	15663
17347	13674
8105	12607
14668	1017
2578	11828
12873	8152
585	655
8080	12689
14173	1300
10781	7406
10910	6268
15009	9369
14274	10675
17913	9148
17155	13945
15978	8165
10196	2856
3686	13632
11677	11641
5426	8547
7366	777
4504	6081
13579	9846
571	14373
1938	3494
12696	9803
1298	8644
16009	9708
11872	9044
19424	14799
3059	13190
18905	10715
12683	19405
9448	4467
9579	12685
10025	8335
11372	5410
5459	19793
8128	12755
5697	463
487	16515
18218	10612
214	7392
8400	11340
14643	7687
7297	2952
6197	16141
12584	13483
18730	8506
10663	16027
6951	12362
9509	19674
9205	13493
5308	11980
14053	12018
19473	19371
4596	17980
7194	15931
6999	6126
4250	16422
10926	4725
3988	17082
6398	5120
11847	2104
13812	11169
14757	153
3682	14015
4386	15115
948	5409
18066	8060
2045	15553
12798	16760
9893	3106
2585	3332
10322	14004
18887	1618
2971	3696
8839	17949
5503	6479
8305	9854
15827	1790
18036	15076
9210	16706
8053	19602
16960	16683
3148	18728
13213	3104
4355	5973
10676	19467
14070	1366
2069	15978
13436	9683
18550	9885
3837	12144
18141	4727
17979	7034
18369	7500
5056	15960
16128	9237
10672	14718
14165	13538
3835	14505
11739	7236
3945	12560
7256	9143
18781	4070
15820	12738
5277	6728
17740	9865
18091	19450
2984	2204
7983	2290
11440	19096
18603	12201
11100	1633
17218	1892
2963	16121
219	13723
13912	4029
10276	5851
19343	19456
17103	926
1122	3617
2453	19738
15556	7813
11550	9352
4002	9094
11423	13327
13135	10868
16990	17210
6086	9260
19065	4490
2295	9403
17837	2038
15180	10970
17371	7538
1912	9443
18453	11293
12410	17300
120	13999
11397	17875
9798	1059
17439	12592
3078	19553
12337	11331
6488	16055
5943	9724
7065	564
19256	971
14256	16326
14099	11719
14713	6911
18917	6099
9825	3378
14498	12878
3627	8055
14512	18748
12652	2687
13192	3764
11891	10302
9853	3725
4462	7693
13968	1951
12875	4279
18182	3893
13082	10422
11250	15458
15922	14682
6261	948
3902	8670
14329	8006
4958	13977
462	10921
13325	5292
8039	13296
9970	18555
3472	15566
6311	12295
16117	14109
12987	7868
1500	14793
2000	6318
1120	12032
4768	17351
18391	4350
8132	13669
18795	19226
10971	5772
13805	5374
19359	16505
18374	2376
14596	11628
9265	14613
19324	16245
12431	9805
16265	13413
8306	17085
18087	1527
11696	781
14851	7753
6633	4442
603	2386
8467	8081
6867	16946
8683	15398
13645	4906
5486	12862
7992	13269
10839	17213
3628	6918
4514	9187
4383	12977
6111	18738
13472	12695
6729	13053
5796	7118
17492	7531
276	10692
6781	15397
5273	10126
17662	10722
11267	1135
6811	13604
4806	19455
8130	2029
5016	10551
2095	3496
13503	6724
12143	3348
2806	17224
13670	19039
14337	14253
10813	10518
15890	8845
5839	43
7834	17245
12358	12414
5191	14265
1263	15146
563	974
16695	13500
9066	5684
11789	14592
12212	15247
2939	10015
16588	7501
12169	17114
6683	7031
16804	15759
14176	10019
12236	14424
19492	8696
6908	17807
8794	8915
8772	195
325	13853
6401	4848
15235	17362
18325	11356
8120	17628
3811	16679
1571	6389
16494	9969
10280	11748
8619	19632
18511	339
17563	5520
3205	3009
11843	6524
16006	11466
4282	17264
17344	709
15417	4583
6347	9473
9370	12602
9729	1209
2872	84
18556	15273
1370	9783
6103	825
1096	9188
5963	11472
7076	12983
3027	4588
6559	15314
4591	12995
8552	6930
8049	3986
15083	5703
11010	16268
11551	16630
345	9179
18228	7528
2941	13363
17807	5866
4607	9628
8318	18468
15168	19922
6643	1196
4163	6782
19374	19604
13864	8938
15192	8612
3798	4336
11482	2901
14162	19356
16788	9055
16372	10036
3381	7490
14450	4528
3728	4598
11555	1152
16445	19528
2217	4620
19575	4158
8686	10906
18950	15083
7300	11635
4133	19370
12214	6686
3898	8113
12997	18722
935	2578
15433	1299
18022	11322
16524	14843
18509	11874
2627	9160
1923	17004
18562	12731
19202	10296
629	12436
742	15448
8096	2918
9415	17695
19434	16378
12786	1949
1220	1701
17542	2057
9056	5979
17719	8739
2300	10455
16806	521
13289	14106
17083	19546
17770	11698
3347	2260
17680	9763
14536	19135
9481	10507
2815	12106
9236	13224
3354	18597
18296	9639
577	4206
7330	1344
4347	4993
1182	3362
13784	15133
7966	18608
16934	1326
15348	3973
340	17182
15758	5043
17859	4574
13497	13918
10334	3694
14277	13334
2735	6619
18738	10962
8658	18310
8189	10132
6639	17382
3431	12709
9038	19220
2270	11325
15159	8581
12681	1242
5259	9828
6677	5634
10099	8109
13036	19302
13214	7112
9701	4878
19001	8787
5724	4951
18004	3551
8518	917
17389	409
17715	17615
13419	16877
10156	8449
17695	6798
7585	8874
4668	18329
11247	11170
3375	299
17200	16224
1382	9311
2035	5461
10874	5674
12238	6057
4338	19046
668	17979
149	5414
10852	5984
363	9801
8626	10153
14796	2555
13530	13629
375	433
9715	2629
17803	12066
14981	8668
17939	658
19373	17962
18372	16347
7420	14365
3622	2683
227	11433
8891	3438
5452	13302
19577	1232
17034	3424
6989	9507
1159	19909
11042	15189
13057	1848
17638	8625
18118	16860
887	14643
18252	3719
247	2397
10271	9021
10343	2779
16119	11023
14782	83
11361	13710
1588	18537
6351	4616
6855	5967
9109	1350
18514	10031
3022	15674
4672	4749
12482	17205
10645	539
11814	13922
12699	15477
13290	16806
2805	3020
6898	6118
4505	12199
16230	17301
14407	4207
1356	14183
15282	10566
14759	7896
10927	2196
14735	19081
4624	18782
2604	17158
2576	17808
6480	14554
9016	8963
12979	9550
3875	9914
6735	14783
168	18941
4638	1773
5010	1113
3243	8435
6552	10503
14725	9048
13149	3481
16511	4794
3910	17039
7018	19496
10321	201
2223	5007
12497	9037
5054	19492
18604	15411
11660	17469
17225	1597
10830	8366
19164	8056
1282	1880
36	11834
5181	6316
12970	7776
6600	4799
13781	7497
5494	9939
11963	13799
6018	13221
756	6715
319	13820
5055	13508
17808	18662
15730	904
1073	7159
2834	16025
14473	10652
12730	9206
15258	15812
9291	10850
8780	13357
2230	1306
13280	11049
2049	16493
17644	19436
8272	19570
6494	5457
7275	17328
15522	6538
14040	3153
15482	419
14672	13169
14826	7223
11499	17252
19366	5927
14043	15092
9555	8921
10208	2060
15751	6381
5236	3268
1684	130
1848	6846
2505	19681
14652	11259
9067	334
16187	14133
14641	10139
18749	6194
16485	3771
10566	8928
19015	5882
14646	18611
2989	6759
12474	16100
2719	11181
6403	7400
5063	19232
16057	10016
18057	6252
1377	6719
1610	14442
18720	17758
5423	3238
10661	2796
5653	1990
10252	16136
6222	9868
16330	18236
5658	18765
1602	9404
2440	18981
402	19763
17212	12107
2381	15168
12860	5799
9385	9124
19284	15302
12794	7296
2492	625
15894	4491
15336	12398
14524	108
14939	13623
786	10575
2912	7016
1508	7396
18498	10494
13412	14315
7423	5652
3162	6027
17288	3569
5915	13164
1386	5029
12436	7596
13681	15231
15594	1147
14268	7532
901	1564
13118	7177
14708	12623
9438	17712
14518	8101
12047	13256
7304	2094
17944	1690
3582	7496
7037	125
1288	17781
15801	2191
3850	8620
2702	9674
7084	15352
12401	14894
12065	6873
1495	10843
5408	14032
1034	15331
5554	15016
1026	11967
16757	4840
4547	3376
11462	1772
9573	11960
14890	17655
4942	19775
2634	9636
2274	17418
13993	5965
13157	10944
1050	19231
1794	18884
15700	10123
6561	10514
14227	1233
15886	18315
5189	3932
16993	10319
16464	541
14749	3765
12388	939
14263	8805
18370	1751
3461	2044
19047	2713
5900	18668
5038	9693
4635	18282
16090	612
19045	13630
14877	12268
6831	16381
13166	8803
6186	13938
11569	14136
10686	16312
3256	10191
16214	16610
12271	13861
16234	9919
12237	13715
3060	17520
19056	9330
13474	4421
11859	4868
7177	3396
15499	15079
2410	5821
12103	8182
13678	5881
592	5195
3228	13939
15479	2892
8299	7778
18709	6714
12434	746
9977	10674
18479	16658
1502	3824
6572	4406
17251	9114
8593	4035
6684	2216
1621	19333
17666	8661
4783	15519
16854	3576
5411	6093
9467	9226
4669	3667
16560	2788
1022	10498
19149	13654
16753	4203
18333	9293
17372	6964
5155	12124
819	4943
15930	11283
12498	18394
11185	19870
14319	8580
10790	174
7181	17984
7906	15714
15443	12472
18837	15703
5291	4824
4187	9388
12227	11442
16011	2871
8224	5189
15306	9794
12653	2640
13375	16270
5855	14752
16870	17254
979	3688
5537	16464
11211	1744
10870	4921
13587	6502
10507	6033
13547	6952
9041	13679
13989	14710
4184	6713
2514	9692
6860	1846
7696	12427
12069	18087
13648	16368
5403	18579
16505	4613
7210	9608
16893	1221
14915	19493
15294	13339
18538	18223
14074	13827
11171	1316
18328	3044
1990	5273
10939	13052
1636	3826
5489	1297
15072	14839
4157	5605
10384	8298
18121	6662
4196	216
14653	9110
1679	15264
3547	2605
5125	1157
12601	8708
4861	9343
4627	1255
16897	12173
4650	1298
17402	1987
1123	19661
1240	17837
14187	19774
8668	11065
14555	3159
13902	4546
7494	15837
14193	14939
13019	6029
4959	9471
1828	2344
14727	16054
13643	11717
13895	7253
17574	993
16003	8793
17369	18046
19583	179
460	9559
18033	19733
14364	19122
12077	2585
18803	18038
12609	730
10079	6103
6702	4455
3740	7978
8678	9429
15519	12764
6397	11561
2020	11585
16102	5805
1574	5976
11205	9431
13802	10260
1616	594
8074	782
1559	5167
4141	14552
15483	12820
455	10352
10465	13908
2397	18602
172	19817
13950	3635
18621	978
8940	9526
18042	8825
7407	11527
709	3728
3309	8970
14253	7706
7701	45
17756	10810
297	15865
4370	17970
18491	10231
4255	19301
4298	17269
10061	15020
5969	10002
11545	10313
12422	17525
17682	13040
12449	12987
11429	12374
8964	19654
14945	12290
8732	9512
18752	14379
8310	6517
13797	8703
11096	9646
11985	533
13268	11687
8788	1150
8599	7499
12931	4238
12706	18482
4560	16016
2441	9495
8390	15039
2809	1101
4244	19903
9263	981
16218	489
1611	10980
13826	2817
16246	10898
463	7427
17111	12461
7186	6651
5103	12730
17326	3275
5660	8095
9282	11753
19517	17753
16594	7076
4180	8964
6997	3015
14355	2602
19512	14006
18746	5257
14108	9265
8745	17125
5036	13261
14434	6220
8469	1206
3869	17936
19156	10927
18191	19229
12322	3666
18250	14801
1565	16478
15794	5175
8010	17595
4220	4468
12741	13519
8792	16196
2435	18050
10186	18005
7637	14098
484	7858
15926	11785
61	5723
14932	4675
59	13750
12111	9719
1784	6310
288	13550
9308	6577
9072	11269
10519	9402
1063	4062
16488	14761
5655	4239
13898	9394
16385	7547
221	13704
11902	3216
6503	17717
9807	16644
5684	950
14459	14669
2247	1080
3916	12810
2171	17495
2541	4722
1824	6311
4438	7483
721	17843
19197	8614
16145	9207
1501	6107
9652	14913
12621	9351
2864	476
8953	15629
18398	14652
8088	7556
7673	4786
7802	15846
3259	1334
5530	2226
3114	5818
12526	3430
1465	19542
1119	7077
4424	7152
2990	11019
17354	930
11308	5105
5622	12577
17252	8343
5183	10635
16831	19505
2358	7510
16733	2418
11907	13305
8034	15532
13285	12750
7174	19923
15476	15451
7540	1945
3643	7232
10221	10224
3273	7717
17588	4919
10052	11242
4448	13772
15150	6167
19463	5309
4205	14963
3476	12262
13460	11865
8276	3008
12041	5227
4993	2305
2940	14195
8484	14565
11159	2424
7240	17145
18056	17714
15030	7843
9904	4704
15378	16399
17177	19191
19245	14198
17132	1961
7429	3299
14009	13338
9185	5906
150	16936
822	8717
11370	12033
9625	9956
18425	14773
17888	12253
14626	7167
7082	228
8491	1856
10146	8617
1944	12052
11918	10075
18213	14275
5398	11149
5613	1537
7230	12778
9568	10838
5951	16402
9816	15872
13455	15255
8071	1884
18605	6754
14476	3281
15494	660
4618	4629
2904	4582
19038	3046
3545	3140
18366	10523
14460	13055
4838	6917
8712	14019
1118	15831
7832	13398
14747	5051
14581	7140
5590	19896
5205	17951
16296	18227
4138	9894
15517	3189
12157	6980
12222	12104
12112	3681
13031	6625
12773	7681
17385	13406
14289	10443
4989	2559
12012	12897
4075	13596
2725	16983
8771	15154
18210	19100
17160	6143
11573	15229
12788	13375
986	1625
812	14090
8086	9907
18263	4991
19579	18466
16316	10450
16840	7816
8591	12380
13066	2848
532	19438
18856	17827
17619	14465
5170	3101
4609	5648
9528	9393
6725	18505
639	16990
503	15662
2551	12562
9938	5778
16942	15407
278	1009
16337	5905
15505	5334
16406	7399
10649	908
10273	3906
2992	14834
17990	10830
7958	2366
18253	815
4978	13244
8330	18755
3191	14149
15371	2362
14237	17793
8942	6106
12865	12084
7790	19233
14681	5179
7493	16982
16566	7359
5556	12473
13134	15119
3483	10798
11810	16263
16692	1257
5578	14151
4546	2151
2307	6516
12091	14396
10837	18925
13425	2428
17397	19484
8421	3315
9201	5832
8440	10937
4620	555
5121	15191
8520	18262
1769	9545
14803	10619
2055	5920
8146	18374
15521	1952
5330	13894
16933	2158
16575	3489
1237	11791
17310	5829
15725	16768
17999	15305
15303	5789
13466	18509
18680	12616
12898	19290
10770	717
10223	7727
12333	15450
15367	2076
179	1158
968	14020
14127	11083
9635	12979
413	2729
12556	6548
5353	9890
1617	8795
13170	8206
10802	13059
6795	3695
16118	2345
18167	3967
4762	13741
15837	121
2023	15422
7166	13140
11666	14479
57	4520
16341	4545
18350	10700
15763	18882
2249	14374
10636	9748
5161	4174
14647	6151
18149	14168
8340	1347
6125	16233
686	2984
191	4034
7959	18833
2683	6495
289	14092
14664	16603
9951	3500
14396	9156
7344	18440
626	14635
13926	10950
10523	12913
16696	217
1476	1931
14902	19577
3876	6491
3275	6456
19456	10056
2896	5246
2518	3810
5558	9046
642	9524
6534	1247
6825	12486
12870	18581
13477	6843
10370	16519
2313	11906
13447	3331
2163	10945
4456	3632
1638	8375
18897	1329
4936	19338
8283	18659
5216	16693
14266	9348
2225	13497
3015	4666
6029	4048
14953	14413
13160	7860
2722	933
10293	3549
14050	6218
7697	19065
4613	19720
15597	10643
3430	9483
14763	6887
16829	13634
17710	7231
4279	6747
12450	19525
226	17278
9554	15569
14122	16943
15467	5392
17654	81
2089	7287
19107	17075
12503	19867
7218	8028
13839	12593
5399	8935
5580	2379
2260	879
12635	2618
11802	10125
11744	17023
19114	10642
13506	6148
9599	2022
15796	17471
12704	17009
15971	7063
10652	18150
1246	13747
12841	19173
11118	2401
14447	14705
9854	12992
7248	16727
12426	6861
8140	10737
4471	11903
6853	18273
9225	8546
13305	1061
999	17162
19090	2881
9356	16600
16449	15468
18133	13503
13923	11795
12223	18007
16862	14412
11485	1281
6851	3172
10192	19971
9363	18976
567	4862
2372	18066
4171	11406
5177	5080
6432	5522
1873	9108
10855	18526
8398	6015
861	13212
11999	18095
17960	7750
14490	4768
3415	4287
13747	1610
17587	7793
5193	12831
2631	10839
10765	17698
13732	19575
19123	9975
18943	15316
1186	4202
12314	7285
693	14402
12861	4340
15747	1526
9082	18057
8649	12388
9971	9138
3845	1496
11258	13866
3840	15253
17830	15447
16339	10159
10820	14917
17959	9362
4320	12397
10034	19688
9773	15991
7444	2096
19559	4438
10381	5182
2341	4228
1037	867
8868	4860
11323	1637
18041	14544
11452	3887
17729	243
3319	16503
10945	10541
13064	17741
7034	16787
17833	19788
4507	13880
9637	19051
16643	6947
2475	11956
4344	7625
12199	8209
14485	17455
14488	17417
15615	10379
7436	1830
6162	18171
13045	12949
19631	19085
17810	7365
14604	15416
10435	10461
655	375
14547	10656
16619	17142
1084	9970
2542	2705
7766	15627
1722	12943
1302	12658
1466	16732
2241	14997
12623	2649
9742	1201
17691	18101
15163	9552
17658	6483
12567	11523
3320	4024
335	15473
10066	18685
11281	2546
8116	4791
4617	7417
16944	5049
8743	4327
13485	6817
11706	2429
682	11462
6010	16394
216	4810
7087	396
1093	18955
17226	8107
9252	8089
13086	10162
18881	8376
12479	9025
11312	800
19131	1731
3482	8026
5232	14303
6260	16352
329	18336
5394	19120
166	2343
12552	2364
1402	17003
11929	16569
16610	17447
5978	14934
6956	8630
5698	12407
6893	2921
4651	17017
9000	7621
9379	18121
139	4260
7132	4492
13344	8879
11285	1019
17884	8144
63	8833
13618	16005
294	13399
17819	6447
17305	17883
1396	7579
6839	8103
594	6390
16542	3170
16860	9948
9892	18673
6039	19062
10994	7163
16496	10929
2180	12892
9608	9569
10490	16302
14304	15717
13717	18368
10973	4576
16743	8096
8910	15974
16966	7162
9174	17094
7726	2357
11612	7103
15655	8674
3781	12328
17539	8481
18787	19407
3094	365
10832	14788
12066	15898
5488	6677
14300	8066
14689	16884
12672	3993
6630	5649
16319	2815
2803	5839
15994	19523
12600	4977
6744	2861
18483	2792
10164	9604
12851	12619
19423	3459
4521	12225
1766	17516
3972	2481
8563	9323
12132	14018
1180	6581
1344	15382
4807	17865
10181	9484
12975	4221
11997	1705
14823	4954
11794	1005
11738	1520
8385	12172
11295	4630
3408	4580
13910	7557
15835	10386
3569	18295
19392	17230
18610	6303
12897	13842
11087	2684
5879	1136
5982	293
6395	9490
4982	2067
7370	15062
5600	18853
3533	12011
12973	4701
10664	422
5245	13627
5093	18055
8500	10207
8018	10915
5878	15228
2470	14904
12338	15615
654	14899
5485	17433
3630	14504
14212	12895
12577	10739
17805	17616
10958	16861
15596	2435
2975	4152
9102	4596
15957	15561
15960	9857
10398	18974
6107	3220
14225	19117
16656	8969
9657	11240
10449	11705
16636	3185
19069	1256
15784	1580
2466	14775
15015	16749
4715	13860
5288	5587
13314	7749
5081	9387
3664	19762
6674	18415
3863	17556
10029	3479
5568	916
4322	17391
14978	6460
13881	5977
6026	10104
13983	1072
16578	11973
16522	14095
308	854
859	116
11875	5571
415	14738
13043	10429
6194	15763
13452	7827
6923	16357
11259	6868
5400	11236
10003	1862
17030	4469
2129	1887
17767	982
3718	6354
2658	12989
5413	1974
9490	10264
10609	4042
3938	5249
18652	15030
4285	14800
14764	16358
8629	13142
2986	19974
12469	1835
881	5804
5542	18124
6948	1639
17996	8363
18848	9107
4362	15453
16421	16914
9051	19906
6233	7221
8908	19880
1437	7641
14180	16080
3206	1146
18728	3911
6098	9004
12282	17701
4824	16492
19011	7958
17827	14867
5223	9705
10135	9254
8166	10919
15610	16900
5083	13187
18310	19786
15591	7830
1538	585
12650	10110
13994	712
3644	18304
7425	5265
18238	11502
2283	2547
15904	12300
12808	3802
12274	3366
4945	10316
11927	13594
17507	6908
8241	7224
2280	3876
17663	19272
2744	15045
12475	12477
6685	17172
6061	15869
15442	7326
7744	18996
3714	19644
14210	7987
16746	11478
4233	17953
8183	8150
2901	3924
8212	14205
10665	17333
16112	9634
8325	575
4236	4989
7462	4116
17337	12323
5221	11082
14239	3227
5932	5607
16644	5826
17617	11854
1010	9415
362	6767
12123	576
7543	8996
12957	11287
13174	11755
13059	10664
298	12447
13324	18082
13350	2337
2268	16633
10800	4624
15948	3178
4903	5459
270	2873
4822	9599
18010	7407
11517	3917
16851	5974
16798	10673
15423	19248
13770	4124
2633	18158
4008	15957
2077	10530
19092	8781
14913	9874
16690	8834
7403	15571
320	2426
7046	19778
11671	972
8789	4108
18002	7171
1079	7200
4570	15529
17912	14325
18198	8499
14421	9756
12871	19293
3126	6954
7713	9090
9477	3691
16492	14916
3289	8486
16747	10879
11018	4581
11816	15019
18575	8255
4335	17223
19108	1357
19290	19625
18378	11992
12748	19148
2615	725
8797	1280
3927	11203
19654	12637
5070	15266
2006	1720
13400	11814
4268	9826
8359	6189
9589	10408
6127	19803
10113	4614
16116	13049
12626	7038
12062	9118
12324	16276
3986	8815
4373	10295
12058	12204
3150	5846
8170	12420
8664	12948
3536	11070
7368	6030
791	11258
15073	5528
1691	1349
7848	4699
12295	12313
2261	18879
16867	5014
4352	8542
4852	13260
395	10586
3098	2268
15500	16183
7746	12276
7650	19855
2214	11946
11203	7350
6063	16848
697	8141
2672	12368
12843	12965
9950	6509
2202	17505
15459	7258
800	15394
4728	19320
10239	3462
13984	2714
3170	602
9	11855
11017	14440
5458	11099
11260	19113
17697	5730
5618	16520
378	9325
16499	14551
7336	190
14780	14730
5478	19015
2704	4153
18986	7029
18959	11741
10881	6342
13374	17881
9386	11046
11554	14209
9526	2567
15557	3941
14002	224
8796	10602
16786	4067
5819	8549
15985	11856
14499	19861
4902	4805
16916	12541
9716	4839
7168	12015
1213	13361
15463	15193
19200	16810
10303	18744
14779	5050
6173	5070
18862	19086
12306	19725
17267	17785
7503	15295
8438	15921
5921	8778
2228	2056
17295	17948
14213	14891
4913	6488
8531	17867
4146	16547
8803	16720
7430	16645
4602	5899
16932	19943
10302	6584
6872	7710
2964	16206
17544	10969
4717	10779
9806	4591
1576	6972
14080	14029
420	7129
3072	2542
15940	18439
6857	3596
241	15297
17449	6555
6027	12387
9206	19585
19602	11531
6949	402
11317	13294
5072	10840
12078	13738
15437	12968
15914	11125
4290	15478
14209	5071
5141	4945
6886	17905
15031	8789
1723	11013
12457	16748
11168	6748
10315	14122
4821	17626
2296	8478
17681	11116
8506	15159
134	8595
11130	10166
5127	15308
15119	15914
17314	2324
6644	1155
17652	17493
19412	1180
5866	17586
11050	6110
10885	4135
16287	8757
12070	12540
91	18186
2330	14905
13869	19805
3576	7936
16922	342
11303	14291
9147	7299
7282	4693
3956	7192
1048	12452
13655	4765
12638	11850
17362	19524
13125	8496
6738	9797
5643	9282
41	19748
17847	1485
5799	11551
15070	12322
18937	16712
6550	1561
8699	8377
13318	8909
18503	11593
10639	3601
13075	1745
9616	328
394	14970
4987	12925
2037	6164
19230	1309
11596	4126
14085	13071
12620	12751
5367	7819
9749	12631
14198	5200
16974	7371
5716	4698
11072	19150
14089	8242
14772	1230
1623	2972
5402	591
2979	14230
6813	13107
3130	15144
2866	16866
13613	13126
11217	2726
3913	5622
16332	7666
11350	3593
4077	294
13955	295
7968	1035
15981	3470
3635	9361
16314	382
9863	7544
16663	16158
3177	8423
11414	4863
10362	11675
6654	8550
15268	11879
9593	11167
9017	17860
3187	347
16370	9623
10601	10687
2723	18661
8410	17671
15534	11213
19613	15408
1853	1627
1595	15947
14327	17645
5861	5325
15462	10901
16875	7594
6910	14893
12085	5886
3709	1924
9268	534
878	5791
7183	12596
4136	2238
3316	7932
3906	17292
4846	9891
1325	12580
4496	5083
12985	5239
15362	18610
14732	3295
14811	19169
18212	17272
8879	15497
9879	5539
5717	11817
1756	8086
3069	2193
16364	13789
11687	6482
7868	5732
10721	9715
4437	899
1289	14778
3337	13088
17343	8585
6688	1472
8737	9378
6472	3129
3270	13763
6007	2017
14980	16328
6099	9248
16543	6136
12960	17617
702	9079
3868	10610
714	14145
10778	8632
13911	6024
17798	12732
794	366
2301	7332
13098	17909
13679	14371
4197	8553
6221	12231
15165	14377
3745	13601
3573	2757
8653	13708
3115	2660
9076	2035
3315	7423
18579	10499
16439	15976
7223	15067
9850	2498
19421	17123
18463	7782
17049	17950
749	9414
5789	13698
8856	6585
5309	15525
2800	3886
15860	8857
5770	3841
15929	661
9150	1795
11020	7972
8801	1278
11745	9049
14888	19576
2589	4732
13076	12531
11143	8275
14797	19709
15711	2101
6964	18145
12247	14921
2311	19930
7645	19502
6008	16604
2411	16530
8734	5788
1561	8120
15076	6913
2073	9873
3818	15599
15531	15082
2391	14604
17750	3422
1224	10282
8063	18026
2860	12148
13608	16195
13693	2020
15335	4290
5571	16798
3437	6327
8095	4745
15275	17262
2626	10570
3251	6360
11933	15924
12518	9721
6626	10404
15038	467
9276	4016
11123	8065
3417	4308
19224	9563
15580	2069
6779	2736
186	5629
18200	11498
1106	9947
1052	11942
1125	1479
7751	9441
13390	14509
1886	11153
2706	7620
12203	16010
1919	4478
9842	6910
9809	4376
6870	9547
12825	1389
4418	19208
15309	2338
10433	17734
6068	15196
13791	3503
18386	18894
192	5434
8253	11590
18085	6586
5611	17591
3458	19497
2386	17100
13644	14703
5692	11410
108	6258
3283	3977
2479	12512
12708	13450
3864	9844
17489	16670
478	5159
3520	2084
18109	11715
876	18988
5379	2810
16092	18332
3659	18014
14621	12642
19002	4414
10150	13926
6195	17040
2079	8907
7923	1980
16051	9395
5667	16538
7397	8292
10763	15466
7812	17978
888	15842
7071	13379
29	5737
337	7453
5064	17528
14218	12221
8367	18160
14384	5765
13205	13968
373	10445
19155	14353
12283	11800
11380	18511
14103	10563
6258	2131
9766	6
11709	2672
16771	15518
100	12186
1454	13981
5382	455
3638	8090
15695	13118
1681	16504
14723	17795
19109	11157
998	13068
13794	110
1665	8187
18723	1210
16274	17735
10614	13367
4206	15611
9434	14531
9091	12342
130	14763
10478	8303
6784	12770
12376	6011
8538	5955
16534	12618
4855	4458
10474	18921
11642	9086
4576	3661
7170	15157
0	7286
13427	16916
9974	11158
3341	15543
18127	4077
1779	8817
10731	19073
14569	16099
15080	2790
14952	18386
18451	3727
9687	5061
14587	11292
1368	1989
16839	3298
628	13992
16425	11697
18823	9883
95	17966
3410	12746
15351	19223
5220	11792
357	506
11716	18720
7511	6104
8206	16585
754	1882
3888	12174
12281	12265
13126	12621
12096	18068
15768	5864
6361	4692
11773	14802
274	11894
9723	18290
14816	15693
13144	12260
13762	6037
10660	7062
3877	9751
3006	14031
19372	7377
16291	1665
2272	9508
18830	1937
6691	13046
7767	12710
19395	2763
283	6356
2771	10187
11272	9256
17405	11422
13286	18949
18295	852
2306	10299
7104	13274
4300	14548
19214	6094
208	13821
6345	17211
546	15902
2610	14918
14582	8855
13554	2704
11301	16403
10446	2048
9395	7148
5975	7050
16912	3959
72	10281
3208	3351
3650	5163
982	18454
14083	16176
11437	6035
13041	19704
13508	15143
3026	230
6916	10600
6957	19635
15495	19765
11248	5059
19413	17299
12000	10434
2165	10366
7615	13254
688	1175
13053	14237
18031	10399
9574	17132
14362	15095
14025	570
16463	17498
18492	4901
7048	711
10873	19089
4860	470
19229	19771
14118	7279
13588	13716
533	15432
339	1971
4940	3713
13112	9546
10576	2423
16489	17002
5305	8022
13682	10364
15603	15697
8915	15626
10518	16043
2621	18635
19500	13959
19389	10932
15797	16273
4933	17675
6399	19172
14513	7463
1688	17744
13673	13997
1030	18500
9546	9682
6116	13885
19262	13611
14230	7330
11471	2001
2669	4010
4189	4917
6265	10770
17954	13834
8059	17565
1197	16375
14161	5859
12028	2915
18717	2805
6591	17427
12148	6185
10041	12307
3515	13425
16700	18915
13640	31
11395	892
11625	9120
3298	2517
10500	5996
13115	19403
1438	18387
4704	19437
4890	17859
18049	1559
13931	7915
6245	15414
17759	16682
14248	12941
19013	16000
16177	10001
914	5884
1095	7627
19521	8313
9253	1657
6830	12277
13406	11736
11127	1916
16929	18148
2390	9657
6259	19385
11313	10129
5376	3992
1782	1308
8386	8601
5988	14883
7235	11206
11680	5544
3236	4156
13918	3302
11910	10353
10212	12267
7873	6513
13724	10680
6293	8448
1762	6506
14687	1000
8327	13874
2344	7731
7836	10546
5017	11022
2997	1648
1144	1440
3917	18914
1201	19566
7640	15828
13309	10655
10055	1420
16352	5819
2416	6943
7632	14158
12731	18131
15001	3869
18126	5272
1712	1199
9531	18447
11325	351
14284	13312
667	17531
3303	4450
5761	445
11479	4673
4323	8124
14619	13464
4276	10870
11363	6141
15737	2168
14819	6568
14169	19821
16805	3300
3306	18699
11797	19366
15576	1763
15337	6987
3762	1409
18872	4502
13774	4884
2660	14173
14552	14296
10184	8471
10750	12748
10267	1454
7999	16174
16513	194
14655	7272
7178	14996
14207	11185
9371	19050
3696	471
10151	15907
18505	11764
17345	17791
10497	9603
10582	11273
5946	16120
10160	14919
1984	10993
7517	13195
2694	1053
12597	12639
3867	816
12176	11424
5224	14797
5457	2448
13245	14733
5419	9649
10042	16890
5679	4242
13916	9659
12016	19070
19016	15346
12467	5066
8764	6515
2361	17811
15708	6870
13952	14016
10179	12425
15266	10782
9158	6617
14131	14049
17222	5180
3600	1074
2747	442
17596	9877
15525	19010
1482	4777
11261	17349
3926	13974
16965	8203
6974	10131
5249	9104
4974	2235
11359	6776
1175	5119
6687	1367
19211	10043
10456	6402
7375	14707
3401	19428
14578	17435
15160	774
17956	14051
16576	6120
8999	18802
17473	970
12816	16560
7298	15743
3747	3633
6349	17273
2527	11482
3237	19265
14977	7513
4523	18617
2758	12041
17549	16460
6112	17437
13446	19424
4939	13258
2657	13451
2709	4088
6668	1351
15254	2552
6824	806
14356	12254
1146	5863
4780	17895
16570	2679
17391	5074
17753	18238
1907	19986
3182	17324
1528	16926
2855	3599
624	1579
7742	4355
16590	12929
6438	16261
7948	16175
3081	18587
2257	11848
14769	5223
15813	19354
1235	11028
17866	18634
17190	6607
17796	4081
6143	16226
5738	6113
13690	9578
19635	11674
3194	7473
17594	14251
18952	9695
5392	17370
10516	2138
7380	701
9453	18442
7276	14875
18110	11822
15012	11432
18227	273
13133	10987
18282	1243
3726	13712
2956	14792
8104	8175
13755	8894
4365	6282
7244	12331
13979	1107
7391	11091
8408	13871
17831	8552
13749	6770
19571	9259
3957	12356
4719	14845
18858	3925
310	16480
14850	14427
6171	3410
5720	448
5000	13215
15952	17976
9320	1782
2477	5073
2764	15935
7001	12365
11504	16617
11053	19042
9866	1238
10936	2968
9584	11135
17293	9347
9725	2013
6530	3785
15972	10938
6693	7478
18023	16620
16859	12990
17006	5914
17316	11565
15347	4112
6828	2536
4736	12572
5266	16807
19272	11218
16468	18883
15412	12495
3632	11155
10441	4913
12476	12536
8587	8213
9248	7946
9997	18681
11631	13324
6449	6344
15060	10199
15704	288
11327	14596
15028	9119
17626	8425
964	19132
7027	1827
16533	18512
9979	18932
18544	1501
10051	13186
18542	16074
454	632
8544	12993
8821	13809
12624	17105
11887	13283
15693	16063
16190	14180
4158	10375
8328	4627
5884	15238
4199	2489
7662	1161
16268	8160
7028	9078
7399	16797
13713	19853
8630	19797
7634	6395
7078	8539
3873	11015
15067	15349
10	5472
16056	5823
3889	11803
17875	13727
5834	5878
12575	16017
3570	2756
12109	15462
11362	10509
5918	5535
18769	15392
10906	12708
18991	6432
5043	13246
2501	4396
10033	6899
16205	16918
17748	16334
6523	16641
6832	20
640	8207
7119	7289
6164	17335
10261	11188
2487	4710
5227	1174
15563	5269
190	309
16290	16709
10206	4709
7085	12280
18722	18835
16691	5282
13743	9911
10909	14059
9214	6140
16988	34
17097	19703
17157	16469
7953	1685
8739	3392
3847	15127
10301	7591
9578	14723
15322	2292
5325	913
5948	2105
12266	13476
15560	18935
10445	6236
8935	2641
7732	2410
4776	406
1492	16144
10733	5647
12969	9652
18416	15513
16454	18827
16655	698
8883	17144
2366	744
1989	17029
15391	6932
15510	16809
4446	10731
11532	7146
3070	4288
4042	2703
5661	11884
10514	8205
2417	17240
6405	6898
9747	16626
18788	2985
15764	8337
6128	10991
6642	6842
18257	9017
459	16041
11507	11947
13860	2760
16460	5448
7406	9539
15707	14537
3074	10113
11144	9151
19025	1078
17446	6158
6730	18682
10918	10112
16081	6637
12746	17330
19212	1417
16257	2075
12490	14654
4213	18504
16297	17928
18661	17551
8884	18516
2890	18886
3263	5669
2097	10170
3007	19710
3151	12756
13271	10427
13779	2314
8322	16740
4953	13082
14228	7661
5828	1883
1550	18309
1417	19398
3147	18534
15265	19404
5919	13998
17101	15855
8407	13372
5142	19812
12174	4085
15096	15209
4076	10657
16991	16572
18576	13843
17540	7713
2170	6629
13104	11730
10603	9819
19110	2250
10044	10030
8176	19269
8613	15008
16017	3786
3562	6013
19127	14929
2614	14383
8768	12196
4094	2715
15104	18130
3939	16380
2191	19391
7988	4587
19237	19340
2916	6916
17764	6204
6284	1615
7213	233
9797	17184
16273	14595
17535	17416
13106	17681
4927	18559
13821	16098
16106	9295
16722	9980
3739	19670
8635	1041
9070	9793
14333	19876
4057	19564
14411	2453
17401	11982
6218	3064
17419	8856
18841	7989
14923	5620
1038	1977
7427	16695
13852	17038
5388	3620
38	11339
12712	2678
13009	17768
12005	10958
2994	9184
6363	11885
11315	5344
15149	17217
1962	14975
17809	6225
11256	18766
15458	17532
15786	718
1829	19057
10400	13143
10772	4419
8700	8782
7023	16067
17279	10218
18828	14034
15279	13524
13975	18328
6657	19343
17565	1794
12110	9213
8736	1771
16427	2126
706	19595
12540	3937
11708	16517
14882	16482
426	9231
12917	6970
13533	14170
7265	6778
9983	17664
19580	5384
2687	726
18797	11126
10498	18024
17323	8162
9799	15106
10292	19420
616	265
12911	5693
4035	4106
4128	7812
10960	12700
8774	11827
11743	17510
1560	13095
8769	8085
7394	19315
11838	16466
4445	16735
6836	3594
443	9278
5980	17611
15682	11662
5324	10649
7373	18129
15129	14401
2608	2688
2399	11895
14745	12341
1902	16931
12510	9360
183	15690
17657	7104
18165	6382
14988	19830
11971	7093
3866	62
2231	3872
6424	4509
16582	30
18352	9113
129	9688
19422	6828
19535	17389
12996	7278
13897	19927
14575	16964
11563	16523
19375	8362
19153	6408
8033	11860
10574	10025
16708	7931
6595	12004
15733	13485
1858	1709
17902	2904
11421	15866
16310	7734
8326	11306
17250	12498
13187	3687
15965	11570
4711	6959
14386	15859
15838	3161
13495	11245
7409	3386
17093	16863
2468	17682
68	7606
2190	10178
16697	15068
5809	7649
16982	6549
7606	14854
4265	15351
3860	4168
13751	13574
46	7056
8219	11638
12381	10442
15092	15801
7591	19535
11580	8912
10087	11542
2731	2112
18390	4184
3159	18476
17036	1481
568	15600
1627	7887
4124	10000
15696	12334
13282	15620
9418	13303
3990	6818
11212	7246
7791	3589
9583	6125
11051	8706
1669	8393
11269	1499
13103	3935
7721	6397
7335	4075
19451	958
5648	2677
4211	9491
14096	17780
942	9210
9493	5689
16105	10816
5743	14026
1083	8075
11673	8358
16996	12384
13808	18364
17443	4353
3658	11999
13101	3448
3993	15766
4443	11179
17828	11647
14821	2874
19312	15312
1105	6984
11748	11250
359	8041
11647	11395
14123	18334
11473	13020
5299	12680
8159	15724
15172	2212
5507	10550
13048	8737
10486	17149
10346	3147
11133	18683
1170	14777
17751	13533
8652	17006
2278	6597
17970	6017
4729	18971
5117	4002
15689	1387
11172	8676
306	17575
12607	8770
16729	19022
4240	11387
15899	7203
10174	3794
12432	2207
7345	9648
9990	2209
11183	13029
8703	19316
3676	15377
12445	12432
1506	17662
6915	5726
4399	14518
3742	19250
12988	10905
6023	1259
1088	17568
6954	12468
17714	1716
18093	6154
16910	3264
772	10771
11694	713
2679	17673
9642	1469
3803	11767
19317	5997
9728	3744
1554	10585
9464	17031
3421	17365
7687	11063
1787	15639
14427	9917
1864	345
17989	11707
13357	15186
3982	6410
2943	11495
12753	4485
8258	6332
14119	1218
7935	10822
18219	15951
10388	11659
2861	8097
3615	19976
19429	13631
14784	10665
7862	9700
19141	1825
11769	14381
14128	19899
17940	16423
2889	4997
3623	9377
12779	10805
928	17622
7841	1067
2451	1324
8982	7292
1223	19784
9159	12141
18098	13301
5818	2291
1634	18731
2113	8623
6624	1832
7072	16001
18408	11554
11085	7475
7192	18351
2359	3840
5208	5930
12293	8806
12261	12912
14446	5808
12821	238
14349	626
2103	1493
15727	7589
171	9342
16096	10918
716	1424
15736	10318
6146	7002
12121	14244
18464	11725
16672	4559
16777	9087
10148	4708
18101	11
17589	46
17910	17690
3660	6459
3767	3411
3361	6922
10451	6624
17380	1557
7729	7899
14493	6604
4281	17037
13255	11819
7450	14925
15681	7276
16272	18877
13139	4255
212	5373
16592	11224
13444	1826
7480	8589
11922	4835
12311	16208
18319	9529
18075	13234
17868	16795
1860	4309
11456	14073
12421	6556
2120	2047
300	7240
5813	12042
1845	2639
12561	3499
17677	2950
10076	8763
1753	14846
11356	1632
12007	7001
6613	4258
14608	2115
11962	9676
9561	16796
218	18761
3836	12615
13513	715
18534	17374
18159	10190
16888	16750
8134	11616
16074	10633
3261	12112
17495	3795
1258	1563
3365	11223
2816	7092
1765	486
596	13614
16527	14486
18387	6178
11430	3389
12751	12263
15762	19028
3719	2025
4313	11989
7481	10073
8012	11493
14235	14528
16799	7060
12230	13810
9785	4518
10040	18923
12517	8136
9732	13047
3853	17339
19657	2415
10415	6518
1304	5574
3590	4319
11969	5904
5994	4180
10762	19156
6427	13729
4594	11164
7531	4019
8930	8253
4662	73
14302	6616
789	11841
12305	15910
14613	11776
1791	18983
3339	6967
781	9406
16535	10425
18005	1050
5666	18102
16525	17766
14661	3789
17452	9966
113	3184
10421	3440
17011	3183
4833	5276
7593	9116
6456	9008
6495	4130
2664	14762
18356	447
16391	7575
11089	12055
11265	11706
1768	9031
18443	5329
7234	16674
9618	3672
6329	13580
8841	4567
15520	16134
2266	10138
10747	12769
14359	1777
523	4253
16515	7697
8135	8742
12513	2211
9788	2441
18529	18542
4605	214
10769	12105
8980	3441
16086	14329
8853	16152
4053	8274
6145	13507
2756	6067
3617	2370
5	19445
13270	254
12698	7689
7491	19443
7676	10024
13723	100
13958	14674
13891	5962
6000	8252
18740	6162
12605	17219
6865	10869
3238	18837
6520	8454
3668	10579
2465	3355
1812	6660
4051	374
5051	16457
2509	9612
16977	17310
10915	2525
1025	6744
8849	5755
19380	14305
12766	11073
12044	1736
8372	16631
13035	8273
8347	3770
2579	18839
7080	11826
12371	3484
14809	12661
18984	14115
7196	15386
6251	11496
4581	17281
8618	10035
16229	18872
16178	1722
85	4175
7146	16665
3087	6508
18082	6124
9909	1612
448	2122
18636	14181
17679	1999
14600	505
2395	18428
15359	11553
10140	19583
8014	12012
8698	10287
15543	7476
4420	6956
14467	11950
18649	14390
4272	18353
989	1692
19322	10583
4046	9121
5588	4335
15213	17796
4551	11910
5169	19898
2791	8350
3821	11584
16060	9197
15118	14430
14482	18472
15300	12582
8040	17020
4810	6988
6703	11285
5566	7979
1319	10457
9126	16009
1187	213
11817	19509
18895	17720
17838	14555
2638	15057
7882	7383
5102	1993
5215	19390
14352	16552
3269	368
2840	19352
12191	1432
6835	4956
12300	72
10017	1011
11812	16837
10913	2844
3343	8231
10593	9144
9748	18217
10438	13000
6315	9277
15058	9001
1459	1121
17466	7884
17938	2514
11007	13652
17611	4763
18626	949
15924	10671
1345	6412
4665	19339
15876	5643
9471	15636
5683	14473
17598	2584
2823	5283
9279	391
16055	14559
8854	11364
16130	4249
15054	3195
7414	8347
5563	2599
15920	2095
3132	7238
10546	5463
6460	17851
14716	11783
9615	13416
9003	17171
5733	7907
15156	19346
5744	8669
620	1909
10386	387
5026	7072
1389	3022
8480	3030
10630	6614
8357	2509
9845	9139
4177	8914
17453	12736
6201	2617
15636	16053
11352	10289
1173	12476
16395	11214
6382	2966
15900	4243
783	11072
17156	9274
8087	5827
16046	19201
5508	4471
19267	15040
14144	10236
229	7064
6118	1400
2802	1358
2354	15224
4869	6328
6939	13177
4270	16883
12454	17983
12496	16019
17469	18337
7339	3224
11970	17489
17005	7810
17170	8956
6165	17326
3448	8491
2265	2638
10916	12612
17214	578
8936	370
10337	8602
17182	14310
16127	3716
17210	3321
6586	11086
13835	17708
11290	7817
10479	7331
18377	8349
9585	4003
3810	1828
9199	16091
14017	16077
16148	19878
11984	16296
10173	7321
14576	13572
10849	4973
18080	14798
2857	5658
6640	929
18625	1741
18301	13513
12207	388
8027	7770
15440	3683
7631	998
15514	16802
6995	5961
549	11904
19387	19657
2284	18298
207	12049
10822	8555
10004	4797
19350	7465
15818	1858
1899	16673
18849	8751
6695	2463
4895	2174
9559	10683
5688	1246
3612	2616
8977	7460
15968	4272
4676	8058
12359	19944
6719	6323
18241	4095
10748	7410
12466	1065
516	8887
18702	18032
2526	14138
5241	18212
18563	19918
19428	14309
11460	12496
15074	7047
6573	12812
2734	980
6252	12177
13936	6679
9841	10221
9651	14128
18284	12271
4470	10439
2506	6979
16405	2665
6679	6598
13589	12093
6692	12627
1597	11303
12008	7244
16763	6929
9644	11382
17941	1044
5996	9990
9260	2011
2827	13657
14269	954
8187	5415
827	2590
17621	1339
11653	2301
4071	14711
1878	4767
14348	15660
17185	2581
7233	18917
14560	6142
11788	15852
8361	13943
4466	4621
12646	19578
6604	10622
11005	1028
14834	13784
12368	11162
12438	9903
19276	18264
4889	16007
14323	15317
3398	4801
16723	7327
9604	10794
2100	13208
17455	869
4031	6863
19128	5288
15950	5995
18179	2537
10177	2310
4922	9354
10002	18187
15274	10087
7667	7614
17001	8694
18445	6353
9246	17992
2532	2845
3468	4305
9996	6816
7323	18987
12385	12727
5587	1267
9357	9097
11187	4715
17678	7448
6537	5127
1751	11484
11495	16862
17699	17288
3539	6732
13458	10233
5774	8088
7772	6433
13180	472
12710	15557
8209	17188
2858	3288
11394	18612
4550	710
4837	5406
6414	5525
1659	19389
10175	17578
11690	15000
3607	9684
19219	12692
2438	7995
16632	16023
16574	16165
18932	13752
3281	18854
1354	5722
11345	17234
14805	19698
9451	19819
1982	11945
6671	14860
18559	19058
1202	16531
16381	18443
16087	15026
15086	19167
16121	16459
8182	7341
14610	16094
9532	3821
489	2766
5034	2724
4062	3480
13129	10061
14663	19956
6235	17715
2618	2253
7921	6559
17433	13360
13423	6340
19547	3474
19621	16968
5369	18628
4336	5917
2945	6299
6924	16138
18029	257
625	13873
17342	14649
18270	17632
2667	4304
11811	123
11068	3037
9878	11195
9422	10887
1479	17194
6150	15587
2178	5302
530	3021
3764	5885
7252	5342
7763	16955
15692	8890
13120	14307
5825	215
14507	992
10920	9313
17319	3103
9165	1397
15857	9249
19177	5021
16238	8868
4013	7133
1865	8042
6863	15758
11601	12233
15953	12725
6856	16758
13981	5744
15649	13062
15836	15078
8524	14626
954	5743
2187	1103
6396	5339
3128	17122
13703	19494
16378	8108
7257	13421
8303	18320
12512	16840
5851	12031
10520	19034
13544	10899
18364	7066
6921	6229
16861	7222
6287	15139
9323	6503
14733	13780
981	13131
13183	16431
7501	14677
11965	6379
2029	18076
12146	1609
930	12412
16156	9778
3138	14990
2871	685
2586	13901
19190	11652
8811	2352
13448	13089
5573	14255
6324	7363
13807	3262
8068	807
4619	17500
19003	11239
4000	18291
16486	3953
1707	3543
7741	4400
3891	17275
3065	822
11861	1250
9176	12152
10316	14123
13074	17161
14286	17308
4992	10108
7835	8116
5707	862
4811	11891
5882	3843
11092	12904
10217	14631
18537	17929
17350	10931
12268	1907
1540	2199
1081	19282
70	8835
9617	10410
486	15368
18030	6281
16132	13895
6474	19961
4779	7353
15135	16814
3235	6682
10607	3369
3480	8145
16555	1271
1908	9754
15550	11929
3213	12852
6064	2920
12156	18266
377	17894
18114	1733
13352	7733
4149	17243
12519	1651
704	7880
13244	12772
1430	16311
7263	17449
7512	19106
8631	9672
6543	14784
5422	4420
4064	414
6990	15753
6121	7409
5929	14408
16638	2041
16744	595
12488	7815
14007	461
16250	7568
6062	1702
3485	516
653	14468
12882	18299
10877	3769
18470	12522
5974	11055
12819	3235
19462	1654
6755	5563
17698	340
6664	18757
17268	15188
1421	16148
10615	11939
8076	3920
16726	1051
12265	14625
16211	19980
7613	2438
9572	5493
18911	6874
14481	15013
4164	3974
9105	14338
8089	11337
7811	4521
5174	9448
15753	13917
5497	17834
4597	8450
8460	15244
16209	5850
10779	7100
11202	18804
4009	3859
13175	16252
13172	18061
5090	10505
14149	15953
632	8359
17955	5552
6635	14311
9663	64
1666	7929
11629	13717
10851	4947
6446	319
8403	1508
14589	303
89	8320
15201	19514
12098	1515
14293	1864
5779	17350
17318	15873
12679	10599
5303	3871
15210	19982
3377	3800
15301	1675
15497	15384
6094	2762
6751	5956
1735	10106
17239	17216
14614	7134
793	19018
343	10432
6903	12258
6355	11100
8042	14449
19452	15514
14113	13844
5704	9701
1255	7145
14075	8692
14249	11600
16043	1588
6486	18185
499	3433
13766	2427
11638	6471
1161	15742
12822	19889
13599	5513
15980	905
12325	3934
6975	16360
13526	9955
14170	8023
15793	11735
18371	7655
4545	1118
5931	11642
839	3460
14855	6193
5024	17270
5835	15433
9437	12928
19487	12646
10659	11451
2476	17689
14737	8812
8579	16499
11724	18865
14351	1717
7242	6693
11804	14178
5649	6297
12149	3864
12687	473
19080	12796
11369	968
669	14538
1566	11405
5999	8664
2469	11038
18285	3150
13379	15854
3329	12834
9852	8799
14492	11137
3516	17286
1957	13840
7202	11858
11846	10037
9817	8753
12755	7541
15634	16085
6305	3595
13294	3912
14637	17624
2656	9830
7533	14147
14415	616
19482	18221
5535	14341
6117	11357
7319	18649
1823	17561
2767	18081
7805	2539
12138	11295
9566	15657
13785	8957
1871	16421
8180	14162
11525	15355
14633	7826
11765	12986
13517	651
11558	11813
1676	17318
14194	10152
328	11152
17572	229
14676	3736
3865	9602
16881	16297
6822	17728
17091	13975
13194	11128
9870	13726
875	3759
511	2365
15216	10982
8863	703
11364	16715
4473	16988
9020	9081
8907	8980
15271	14482
13737	7876
19431	18267
6179	16664
5100	17507
3596	18918
19488	12604
9026	15868
11030	18613
7989	1586
15789	15149
19206	5559
14669	10743
2504	2987
12211	2133
18054	15826
16779	14725
19367	3010
17877	6865
10529	5027
299	16947
3266	14134
2423	13463
3616	17790
16609	2889
1738	14333
8417	863
18876	4866
5104	9007
16503	13147
1647	6182
8024	8659
16902	9527
5694	11121
2424	13216
14363	17403
17187	3559
16756	12482
10032	15093
8376	5935
991	12967
16778	6628
6343	9056
15179	5852
2294	18821
16088	5402
10238	11869
3220	17276
12680	5619
826	4874
3595	5637
18761	1227
14208	1605
6881	9050
3540	16047
10682	10997
8760	8677
3088	10105
1367	14099
6304	18214
3388	2063
2617	507
3950	12230
19195	17924
12092	3314
1191	6931
9767	5868
851	6978
12353	11076
8903	6207
1557	13431
14715	234
10120	5243
19063	157
18068	4071
9341	1746
1062	3855
18711	17467
13195	10874
8785	12640
8874	11938
18034	14139
9044	6544
7356	140
13856	10924
13206	16700
1956	10835
10727	8528
3535	16140
13301	7443
9896	9240
6225	19936
203	12502
1551	15402
19444	8971
5448	6847
13919	912
19419	15367
16293	13330
12267	17479
6306	12166
10804	1177
19113	1551
990	6981
18568	13060
17313	17732
5970	19967
10640	14847
10324	12393
3885	10885
7970	8269
6423	2803
6994	6645
9140	810
6430	8210
4881	1714
2623	6239
2312	17277
6531	19271
16285	6553
8158	14876
15690	14578
18884	17891
10277	5617
3681	6205
4080	15169
18622	10301
18052	18706
1108	3449
17917	9305
17240	8662
5194	19832
8188	6028
9445	2281
18131	4593
12877	18501
8589	16445
2181	5503
18857	7832
9820	18836
16277	16428
13234	17907
9569	14435
2148	9781
15628	6695
9899	12833
6883	8098
9813	11248
13928	13954
3477	14506
908	10094
6710	18365
14008	1506
3422	8052
3234	7486
4691	3247
1533	331
13684	12138
6897	538
12491	16852
13706	9006
6489	11446
14315	9129
11543	10423
16983	10155
13358	7685
8521	19095
12193	16418
18804	7
4436	16089
12835	14902
5094	8838
8030	4114
7251	8079
2488	4935
7315	13884
8195	19012
15013	4668
6798	6022
6775	4515
2125	17657
14067	10240
11771	1682
16162	1219
848	6292
5737	15114
18890	12735
16133	13742
5362	5062
2851	9426
18429	9117
2018	11954
9303	9316
17002	4107
15272	2150
5713	7322
4713	9273
12277	16462
15595	6762
16978	8237
11589	10431
10379	5251
16849	6481
8072	2327
11697	2064
16846	5385
12767	5599
8509	8776
5343	9029
5101	9255
16282	17872
12977	8140
1039	19139
14550	8344
11851	14103
15232	12417
12345	17190
18331	13388
18286	4036
12204	801
13478	12336
3314	12529
12881	2120
8876	1575
14657	14117
5275	14240
2066	13084
16328	1473
1817	19069
12409	15345
9774	15459
17627	15230
4435	7154
4483	985
10669	10844
5493	7025
13107	3466
9712	19506
12063	3928
1846	17566
8833	14694
5263	19489
13718	4395
1672	9594
17074	14920
5968	15498
3050	8251
1292	18018
9433	12278
13520	2689
7500	18492
7864	4018
12673	7903
767	11723
13111	19171
939	12533
4784	11864
9133	11694
2753	5909
19593	5416
12634	5162
12256	15072
8279	17902
1890	861
7969	5115
17862	18991
2973	12926
3723	16181
18619	11909
17407	4418
13884	2309
17738	2880
7160	6100
2083	9624
12902	2930
13866	8885
12276	7954
9027	3797
11844	8403
16065	18001
5629	7021
6002	3236
8709	7534
13956	11139
5960	10464
16737	2210
10305	14366
2686	14568
8681	16780
11161	4079
13380	16103
18724	11227
7384	2143
7351	1156
2096	13707
10182	19565
946	9385
160	19935
4660	2837
17332	16197
1194	3257
16040	13569
2415	1983
19518	8538
13097	7487
10023	7328
2707	3731
11000	19329
17274	7760
6213	17904
13117	9538
19590	919
10073	10774
16182	11219
14147	66
13676	8548
7197	556
10857	16060
17924	9629
16559	6153
19497	9584
4488	5103
92	12975
698	15537
9197	5739
12945	9183
12903	17229
8965	3816
9824	16438
17749	17111
14522	6006
8519	872
11046	14125
7670	4648
5647	3814
16989	3038
15480	16395
6904	17501
711	7214
4022	18841
15481	9579
4840	169
7124	11148
19503	7262
5823	15546
1086	7801
8847	1902
1646	11414
4595	2447
2685	16897
1273	3432
8425	2002
5023	12876
2550	3399
10333	19603
9143	19227
3390	15339
1278	19364
4317	7379
6578	15994
10373	1106
13574	2823
4084	19659
14523	16463
19133	12062
13758	8158
10590	6490
14835	16182
17123	19053
19360	8616
13030	7514
9872	941
18383	2723
18244	18514
268	13952
9735	8410
16795	7182
4369	8455
5544	5890
18294	8073
12919	14494
17789	17577
2281	2636
269	9912
3519	4017
18760	8290
13736	2933
424	8424
12791	9725
14129	7639
18365	7660
14758	1784
8659	6119
1376	13590
421	9076
14754	1569
3967	11873
5938	7789
4099	2601
553	17546
12006	12463
6669	18147
11819	512
3076	4318
10294	6394
14164	13878
1702	2613
7566	17941
13840	11749
14961	16280
14975	19917
3674	7684
1132	6962
2356	17080
1568	11388
8770	6109
7844	18044
18258	18545
15426	5944
9405	17508
16020	2244
16383	18739
13982	5174
14223	19454
12451	14844
8533	7805
10993	19900
11279	2833
9819	10967
4307	16998
8532	14150
8331	3567
17265	4690
12284	9509
9833	6388
1579	11145
7899	5641
17930	2604
17165	13058
8246	6480
12124	10332
4269	13412
15448	9328
19192	5222
1174	10766
11122	5891
6050	11737
5512	6259
196	13313
1716	12188
14132	13009
17298	354
6765	14675
7422	13725
3940	18869
10977	12193
16	15017
12140	7808
7089	11637
4702	19609
2378	8918
15457	10681
12736	1116
15717	1979
3249	13032
3769	17533
7470	12210
10704	11728
4356	12679
17630	4548
3245	12859
425	2136
11546	4657
9188	11671
7653	3375
14451	10808
7993	18013
6151	18469
10592	3423
2571	9651
9442	7856
8220	16235
6629	11122
10116	994
11475	13655
6721	18194
5041	8688
6732	19388
7678	945
16189	16954
3253	3266
11557	18675
6554	4460
2688	14127
10159	13247
14255	2258
4898	8415
15854	18919
11980	1460
6344	15570
9289	9480
3770	15506
18535	2161
3679	15241
3642	12470
12440	2465
13883	18459
14486	19072
1752	4171
17320	14000
382	7333
18815	9892
3210	17454
2471	13934
5824	7294
10666	17146
830	13281
5714	19594
3912	18063
16825	15388
170	14856
4191	9753
4583	4852
7759	7503
15490	11302
10657	4918
1117	13222
4968	9059
15903	9355
2920	14199
12705	16498
18941	2772
13669	15486
8886	16329
9680	1412
13277	5645
14852	6780
2727	649
9533	11486
13137	5447
4598	1413
18021	13786
10683	5729
1475	4556
4879	6105
6518	2162
17636	796
13788	17478
1642	689
6045	7474
9161	14069
3117	7263
744	6064
8617	15757
2529	10177
1007	12875
14938	12651
8537	19475
16833	6675
3247	3634
4287	6711
8003	18189
1977	18664
9804	8004
18549	15141
18336	9457
15139	1236
11401	2551
174	6052
3470	12653
2765	19386
17302	3651
5267	17
19494	6536
16901	18895
13666	15164
2924	7237
8791	6859
18059	7125
10390	10090
865	6618
4485	6512
12129	6407
10584	6059
15211	2610
4162	18405
2092	2625
4584	7202
15756	6343
10143	4782
19167	7947
17108	3910
15264	18104
434	5932
17186	5716
3758	11006
17834	14459
1736	1711
10787	13673
12884	2839
2056	3182
10703	18242
14864	13491
12453	11345
19529	15475
17403	10920
1141	19477
12739	16156
16413	19972
18373	2179
19129	829
15364	9015
6941	760
6290	5101
18349	5394
13511	247
6764	11673
15415	3031
15880	17388
16336	2051
7974	16030
5872	7646
11592	5820
17066	1240
18675	380
15721	12573
10012	18803
17444	16929
4817	15774
8829	4463
12481	2614
8045	18127
4512	13635
10606	850
1739	9807
17858	12416
10411	18020
1375	15679
13018	5600
14370	18621
13165	11367
7288	7010
5906	4254
564	12238
5176	4476
7819	7384
403	11207
11958	17911
17099	4100
9969	16475
14899	9445
14692	17089
1900	12972
12694	13837
7663	16219
13622	3094
6792	1833
8710	8733
16970	13120
8309	11296
19159	14286
3062	19376
9744	10128
11695	8613
17421	14650
17655	14233
5539	17634
4600	19623
8312	13280
5475	18445
11141	8352
5782	8487
7711	11173
685	15226
414	4787
15858	4230
11193	4453
16416	491
18710	16540
5370	5742
14240	18994
18533	4164
17768	3968
7285	12889
15219	9410
11296	12110
16857	4449
16198	19348
162	4612
6077	5621
2276	4161
11752	3535
12030	2059
13001	17411
16941	11237
4647	17055
4306	197
20	16570
8938	2039
11199	1726
14690	19773
2946	10539
8906	12636
13085	788
15365	2178
1204	12860
10152	15770
9096	3415
11360	8407
3474	8724
1019	16782
5745	14105
8119	14392
7884	10099
866	8072
5088	15688
7381	5919
6204	2887
12720	19687
15530	6417
8169	13076
6020	17402
779	16324
4995	1126
14551	5480
6030	11104
1436	226
18628	1018
18323	10418
2110	12556
2534	17283
10658	749
14281	5639
5397	2240
13546	8843
19576	19907
4699	16548
2582	4816
3922	14611
350	12537
11943	248
19119	8357
2293	7275
17730	1679
4631	7565
11404	16590
9454	9253
1710	1151
12886	17050
11761	3019
16358	2659
4056	1649
3713	13152
16947	16545
15958	957
910	11808
2741	11265
12662	3000
5158	18787
3412	2434
3862	8820
16228	5033
3198	2478
10526	12850
15182	17654
19289	8810
15237	14687
1555	6534
18860	19009
17259	901
3004	14646
9427	6089
2212	12045
18642	8114
7559	15695
3025	3820
9563	2132
19540	15535
18077	2651
2777	2518
9874	12601
7361	15052
6224	8711
17150	16434
16571	17373
1844	287
1210	9614
12709	12825
2721	3913
18908	4645
331	1487
19268	8012
8674	17428
2483	19969
14121	10617
12056	2693
9567	13144
15256	11475
18735	4142
5274	1510
18632	12520
19561	18397
2322	9140
11552	8214
9322	3187
17854	11358
9737	2455
3014	13397
10805	10164
2321	6579
14366	7028
19418	7110
17558	13912
16298	13706
11244	5828
19534	14667
873	285
15229	14615
1336	9103
10505	16574
11913	10754
5601	18051
10680	8277
2157	13051
2911	15870
4625	6751
5699	14320
1384	16662
13252	8302
3254	1583
4555	5671
16741	11119
10170	1040
2198	4573
7994	9225
12	11574
18180	2068
7109	9123
7521	7584
7506	11562
18975	13619
16294	1860
16308	16731
16652	1932
3738	11623
14748	15983
18348	2778
10861	13924
9135	4297
8622	17974
9624	3957
5641	2165
9705	13984
5321	2573
19218	9740
17604	16355
13904	12070
9178	4836
5941	14350
6033	7343
9123	2269
2464	12780
1297	16110
15151	8476
8250	13350
19331	15877
5045	18108
11544	7020
4710	2186
13336	6438
3199	1163
5762	4273
3890	8714
3366	18762
7584	7300
5690	18431
1719	14862
15113	6415
5646	8130
9173	14272
14791	8166
15288	11509
6014	16225
2595	5319
763	16396
7881	17475
12675	19678
1447	15741
1788	7055
7728	13713
8420	16573
3016	18503
17180	1620
5371	17343
19096	15071
18248	4226
17174	6166
5108	115
9512	456
5444	19948
2323	133
19504	3511
7908	11745
3499	10831
13542	12743
11774	2153
2710	7412
6032	10852
8031	6111
7000	11120
601	15867
11974	16898
19436	10475
15388	12274
5902	9158
1169	2979
4976	4066
18539	5780
4961	14853
504	9767
15864	10576
4429	1548
7227	18750
16335	13010
9914	9985
17899	7403
6274	18887
2094	14142
9695	19751
7534	4307
14627	10837
8242	11042
12697	13775
3265	15156
12257	16204
14197	7704
7007	3938
19274	5680
684	15982
7316	14060
9787	18
16150	1401
2203	8245
17434	493
3175	11040
10137	6155
14584	7943
8463	9790
14528	6605
11559	17196
3943	5491
11640	12143
12095	13461
4416	16079
17832	5894
17857	9185
178	17033
6219	9562
17552	16223
1810	19347
16740	10833
10967	15654
10761	4423
7216	8878
3063	394
13827	13489
17361	2776
17159	6541
14480	7841
11480	3747
11932	9061
7322	18539
11682	12971
6392	8228
1913	7994
4331	14557
2326	15765
18689	5745
11302	12399
6697	2516
17570	92
17966	6960
9779	11474
10995	2315
17762	6944
2179	18679
16067	5032
16329	13940
4526	2389
3879	5213
3038	13386
15488	19257
16480	19149
19144	9455
14714	16274
12933	3374
17585	1611
18156	6600
3089	136
1192	6647
11975	727
4707	3526
13300	17579
1253	2944
9466	8704
634	14354
17308	8309
12643	18791
11335	18069
1470	9134
19193	13899
109	18182
14684	9398
133	16284
10942	4006
112	15495
1734	17844
10619	18900
17509	13653
18714	10009
6547	8188
11236	5889
1668	3452
8363	10324
12249	16751
6275	12389
11289	2747
8097	1512
1209	4541
9848	12793
6028	7228
17261	11059
1113	19823
12955	13149
4280	1809
1678	14879
855	3232
13558	10912
7237	18636
13407	12504
8381	3306
5182	12176
11490	4623
6940	18161
18123	15658
9403	732
19536	18775
4229	8201
2324	5822
2565	9909
15389	13123
3103	7131
10689	10216
4723	19683
7861	5145
18137	18677
5046	19747
19196	3443
13709	550
7757	2834
2877	9433
2109	14306
4951	16308
4234	12493
6383	10093
9921	11193
13672	17186
7535	13329
9204	6889
14076	2908
3846	4779
8050	7366
15874	16997
11464	4154
10911	5372
13754	6493
9254	6939
2236	10144
5323	8792
9458	446
17722	13456
18532	6844
8252	19865
4814	19368
6711	8154
593	3538
14034	2066
7026	4031
4219	6982
10482	6921
8567	9777
18861	16126
13545	1602
18303	14448
18547	6044
5842	14068
5439	283
1001	16794
13283	13154
7837	11136
6082	3018
17724	16104
9352	8651
4299	12050
1742	866
14675	2907
14114	7980
12718	2611
4999	7470
4216	9967
6226	4899
10193	5291
1262	833
17020	6333
11021	17342
5082	2412
1754	14569
4052	13570
3348	17426
7145	14376
9666	13369
2042	5047
3691	9155
15227	3958
2255	7068
10036	11955
3393	2111
14762	15053
18230	11251
5509	535
17199	18094
17044	10556
1629	17555
11275	17716
7463	14003
1713	4080
5209	18772
13575	9040
13523	11455
7086	8828
14105	16179
404	9928
16536	10476
1587	1988
8651	19234
6581	19761
15752	1841
12578	7811
4977	10528
16764	11840
6202	15340
14729	1908
12524	7257
4172	12060
9345	16391
15345	10273
12639	11734
19059	15369
1329	742
15849	17340
15390	11633
11772	2809
14374	18122
16769	4893
15586	5107
14310	7829
17635	13359
19532	17250
19293	10261
19	14042
2546	15358
10434	14044
11326	12029
3753	16133
17579	11333
9036	3783
14777	3155
17179	7095
18784	5646
14875	15323
12636	14737
11978	16020
3095	452
6169	11920
4722	16698
11424	910
14644	12523
12649	11812
12242	1388
260	5114
1049	14984
12943	16906
9034	18897
9754	1789
11649	1216
6286	8348
11867	7664
8843	13982
6569	1725
3227	12246
12142	9810
6517	12786
12555	15718
18457	19283
9636	18881
3605	7022
4683	10783
5640	6525
16137	15785
8255	17134
7447	2061
13248	15708
3188	19836
17459	12564
16687	15586
3439	8466
16110	15221
10782	1807
1747	5809
15109	17228
1922	13902
2674	16747
6176	6631
9306	7765
18786	12191
19019	18196
13037	19531
17696	6519
2112	3071
1133	480
18742	18891
10673	6700
5642	1138
9497	11846
5877	15886
8638	10388
5293	12528
13273	16878
17795	2177
733	13753
1704	3577
6615	2254
9334	8322
16835	16410
7488	16855
18921	3927
2598	11677
2273	1631
16281	8093
10054	16893
7229	1982
15898	19243
18964	18009
15431	1374
1157	2836
13046	17446
2968	211
8353	19084
18417	8351
3606	16093
14367	8772
6459	18655
11197	14754
13070	4717
13753	16111
14479	5506
17414	16105
19658	1405
13341	11888
6394	11689
9321	6257
12508	19200
6931	16549
5827	3836
2003	8526
19550	9498
8307	11682
8015	7779
11548	1048
7003	6951
11663	5052
18415	3603
16392	7137
8226	5986
11583	3209
3223	10374
4686	14231
16768	8987
18299	16959
15575	15822
3941	16945
11319	10109
7130	2791
8319	9518
14724	11549
10001	4561
4293	3478
126	7367
12071	4672
18193	6184
19363	5270
10013	15158
12840	3614
737	6476
6158	17773
5355	10275
485	15730
2209	10419
18473	18812
10504	7316
14372	16345
10758	1934
17458	2449
16398	18606
7434	17954
9838	15781
8021	6591
5840	18265
3433	1253
853	14804
561	9762
9665	11489
2891	3948
13345	11252
5120	13090
5483	667
1398	15834
10842	10693
11604	4592
3473	7956
397	16228
15055	17517
4688	5236
18181	10515
12583	313
10397	15597
8976	15968
10722	19457
12501	5003
615	17265
13776	8842
5499	11115
7005	17665
5237	16594
18947	3427
6357	18206
18017	656
9249	1492
9594	7828
5387	10972
5920	4842
9570	16361
15967	10616
5569	19195
13189	11323
15346	15622
10402	6504
13619	2781
5407	19064
7011	8852
17425	16161
18864	2976
5012	2806
13211	6643
18283	3613
1011	4362
3248	1829
18618	1698
16359	1099
2600	11270
4007	8569
11848	11034
3463	3649
17237	18395
7810	2123
12125	14215
2420	4702
10928	6279
4960	7564
17081	19251
12285	17309
19254	7301
18615	7973
8816	16697
11338	17863
9503	4058
4495	3279
13970	19886
12327	19512
17390	9845
919	11401
18317	10865
10561	10714
4464	8535
11251	13384
8904	11392
12793	19563
14525	18474
19440	4480
8181	7179
127	11398
6936	2855
9297	9958
11331	9379
8058	16343
891	675
3817	11597
17641	4210
13099	14351
16765	15282
8990	4145
19524	15080
17178	944
8912	13132
19653	2917
251	3132
2996	16180
1775	13668
3123	6998
1463	4910
8871	93
6774	9836
18224	2400
4368	16124
1976	8926
5166	14971
14219	9466
10562	18807
4864	553
14094	5026
10931	19696
834	1762
18880	16820
15691	9889
6485	6948
6597	5106
13729	13683
6004	9298
18672	63
13990	13080
13538	18740
13080	5401
1861	13996
6928	9202
12032	2521
9814	19806
12079	3936
80	15760
2507	9924
540	551
7706	3509
7029	8346
9184	15465
12936	10638
5172	8451
4510	17083
10671	4632
16387	6907
8778	11679
15486	4600
5589	15628
2369	16621
16470	10117
15970	6496
10785	5441
8756	2239
7171	3692
2998	17982
14968	18800
3905	13838
16342	146
14	16874
3189	14438
16495	6305
17235	3721
4409	13995
17411	9566
13652	771
4615	4907
18438	12935
19598	18842
4520	3921
17355	4755
550	11316
15658	6938
3834	8784
17106	6237
7250	237
14602	15101
6137	390
9511	6434
3790	2414
9435	17726
4366	15199
7020	6796
200	3282
13525	7317
17514	15174
2439	475
1730	11971
11040	3902
10535	90
14182	3111
3685	12189
19443	12346
6160	16757
9094	14260
8442	13758
17820	2190
5997	12044
4876	3013
14350	3228
17569	1769
9823	14452
8933	19882
2917	8447
11106	4534
13292	18047
2652	11381
2666	8170
17311	18435
14651	846
15527	8975
16738	13963
551	5695
8392	18021
13927	4341
19501	9610
4557	4971
19207	1706
1811	15469
18812	19933
14817	12525
13179	2632
9781	7180
17721	15969
6912	8682
5030	10078
10699	1310
6332	286
804	16481
1743	10181
797	1656
6234	12957
9656	6215
17193	18596
16820	4311
3710	1546
3701	12316
3471	18713
14508	2877
7859	11349
4623	791
4060	13521
1898	14294
6634	8700
19551	8785
11412	5478
88	6783
16640	1408
11026	7308
16828	5466
6386	3750
11025	7894
1410	15507
4384	3961
15828	18246
13304	14871
18393	13549
18105	4584
12535	16788
4033	1799
5868	4302
2398	11861
14130	9749
1308	10253
5686	6901
6339	11201
13688	16241
3672	19895
9746	9537
14393	14346
18891	2808
14586	13815
4074	10797
8204	750
9299	2031
14385	16350
17945	3664
6216	13566
7629	7891
10018	543
15782	17363
9822	4021
3049	13586
7932	3135
2419	12234
9251	9864
7156	8767
6608	14772
180	19862
3537	15038
12280	1348
9234	13897
9480	2004
2655	17882
12846	13093
2334	462
6565	5792
60	2647
18355	289
12829	290
14322	15301
903	11692
885	614
2788	12630
8254	10114
13811	9536
5560	4557
8887	13400
14203	9609
2880	17630
10341	17635
6546	14540
15198	8315
2583	14536
10588	6458
17062	853
4132	15327
18677	13973
12340	16609
8148	10343
13630	12462
19215	9561
6874	6450
19468	14651
8515	13158
14258	12202
11102	7209
272	9531
12042	12973
16877	5588
7624	9811
7321	19864
19607	12545
1294	8208
3215	14520
12073	12481
6203	17775
5514	9392
6638	2554
8535	10696
1301	14627
5317	13173
2661	15410
535	14720
6524	906
9125	10863
1937	9641
14793	14476
18045	8853
17573	16325
1309	10180
9832	3036
18863	3304
18320	8324
2401	7075
10656	9380
18922	18946
3608	6507
17840	16215
5359	6582
8959	7058
10596	11510
9366	11268
19049	13100
2603	4652
9053	19482
1055	17776
8414	12644
4126	9667
9672	16271
10611	16279
4819	7654
2314	1263
3446	17892
18090	1626
9195	17221
10978	13972
8840	19631
17952	8233
13996	1859
10101	6880
9351	12179
7737	16400
10829	13914
12598	7926
16980	18155
635	7624
14222	12391
16476	8736
8767	18286
8237	3034
843	6864
12993	650
11329	11522
3756	10084
16153	15263
4553	8583
10702	11081
11675	10508
16567	3052
7015	19826
1129	11857
7167	13167
13090	11532
9694	14047
4674	18235
11955	1382
14251	19562
17892	3167
18272	960
13140	2012
5773	3212
6238	18285
10903	16232
1020	3751
16061	2015
10670	16911
2825	3373
9365	766
15048	16490
5671	11586
4661	1781
12286	11739
13155	15601
19316	14043
1042	10549
8824	17612
8020	10519
10153	8521
12637	1449
11048	17548
12347	1530
15466	19537
12542	4059
1748	19480
17849	12242
15612	11890
9693	17293
2801	7696
2635	8592
13929	16222
2192	17218
5240	2594
8893	3488
10047	7249
8992	15187
13914	3780
9138	10004
19078	5992
7064	13759
6334	9952
5207	15054
4097	11598
1305	12823
664	18281
630	17994
18136	8927
14815	2741
9335	9292
8152	5781
5725	16214
7898	8138
1918	15531
15363	10889
2010	16521
5795	10964
13978	1504
17278	8479
13347	6672
8725	5654
1411	17001
10009	17296
8044	19693
14906	4790
1541	16616
19498	6965
11698	17048
1796	18669
4073	8329
519	7549
7562	8194
13163	9517
9947	1162
699	12409
13529	5601
9598	12465
19432	13121
8850	17926
8962	10118
1126	13760
10943	8643
11178	14437
16373	10713
19417	17783
14335	13643
16639	17058
16810	3149
19057	18893
7519	13141
1774	9136
4372	8380
5380	4927
1596	9665
2081	14335
14567	3832
6934	14239
3383	15130
1820	12438
15581	8259
18337	4086
2446	10690
14894	7007
18956	6610
4929	5053
19194	12030
16953	5815
15583	2422
2599	2956
9647	723
4210	1525
4337	9802
11860	10634
5314	14999
1510	4995
14470	6529
11841	13664
18304	5533
16730	15129
8628	6829
510	11871
6318	9026
2936	19758
557	18714
14916	5741
16507	7313
10235	9723
4815	8256
1216	11872
19221	3625
12360	15903
17386	10415
3752	16188
18978	643
3695	18913
14699	14169
16549	8406
1921	15997
13488	13923
7479	8235
15962	11253
4467	10397
1381	9503
9258	4758
1208	888
18501	18829
13555	14405
17811	11089
2484	17312
8259	16925
4764	3495
10974	14088
4382	14812
18507	14071
3555	13779
11540	2493
14077	3554
1425	14743
5702	1396
13219	11653
18667	17802
11519	19868
1869	13099
16834	18721
9946	2746
8240	2787
17236	25
1563	3573
11776	4651
12874	18578
11762	11941
5418	3587
8728	9788
6500	5901
9283	17760
5721	979
10886	9852
1160	3370
14000	1323
8144	6068
11448	19048
102	10059
9166	17593
8349	1296
10306	3723
9084	10786
5186	6942
14924	500
6961	18360
494	12532
11	15803
9426	9450
3021	4047
738	14369
14107	2102
3414	6101
90	565
16166	9350
18611	10717
257	1811
4569	15262
4567	16247
7024	5125
15862	15336
7010	12611
10740	18846
18676	2706
14683	2299
1891	3983
4441	16969
14400	5139
3652	17470
1649	14177
14760	18279
19088	2277
5242	1903
5886	3730
5145	14292
3002	9201
17096	2147
16201	18040
15206	647
3371	13722
19094	11241
11371	16582
1837	14794
6699	5069
11603	3078
8836	11154
6742	17977
5552	9413
5695	3390
11478	1283
18902	1305
476	2192
17255	16920
1134	5699
19250	6575
4606	7961
5670	2431
15901	2425
5998	19430
2746	3512
16628	3097
6292	18615
2138	14898
7978	17839
14971	8899
17898	12792
14984	3752
748	15523
17622	4026
11513	12566
6661	2718
8355	135
1087	18412
11919	8744
8680	9195
6879	2533
4491	3517
13388	5803
2966	8829
4319	18422
5896	6590
2919	896
145	4464
5502	4330
3360	5024
1711	4219
8211	14208
14454	188
12803	9463
13382	10740
13810	219
10767	12
9030	15581
16325	13278
16184	8133
18195	14732
18512	18477
16660	986
1818	13270
11805	17572
3631	3833
6558	13225
9349	19801
15280	8331
6189	12458
7646	143
4614	8500
15792	2231
11535	272
12231	1791
2122	7311
19266	12385
12802	12371
19041	7128
17128	4187
7546	17027
7284	14976
430	13936
6905	8040
872	16306
13093	249
6686	1311
10835	3059
7081	13757
18496	4270
15025	7780
5964	17831
9457	18452
8715	6280
15656	19247
19053	2340
7816	18697
55	3412
1934	17939
14825	17842
12025	18427
1413	2251
5888	16470
11777	1684
3364	11592
6780	1191
52	19962
554	10799
9540	5183
9416	1368
1318	12252
3908	15929
16585	554
11321	3293
6610	16873
14510	15889
2499	15160
19567	11275
5040	16832
5252	1071
6376	7563
12104	3537
5217	5077
19009	10080
5922	8826
8262	16333
1870	18703
2362	2522
11477	9307
8713	12222
9786	13165
16101	17846
9629	12499
18259	7213
6616	702
3517	8837
2431	7919
18122	12606
81	19605
15775	16754
5298	16913
5171	2479
5867	11525
15991	16553
6139	17458
18469	8534
1786	9582
7279	9543
14814	1630
5437	7699
15568	8777
15638	17045
15071	13240
17088	5496
15002	14388
5586	6855
84	18781
4799	10045
6946	11366
14175	6703
10128	10809
5710	17086
8436	15530
17429	15966
9486	5453
7824	18420
15147	13374
13168	60
5551	5968
8342	16550
3698	10697
9446	14267
13384	13621
12396	3612
17442	9396
5634	12074
1277	18159
2062	671
5553	15015
19566	11563
7977	11427
1481	12690
15771	17226
4032	5128
7827	6047
8345	4713
19541	1582
10948	19384
1497	13180
5074	1325
14032	19163
13600	3705
16661	7303
8168	895
16002	12010
16058	3065
6950	12329
19307	4994
8529	15904
11311	7446
13930	14585
18666	12016
16520	4312
5385	3809
18955	983
13528	17838
3662	11312
7783	18589
1759	3231
12777	2980
17315	3336
18279	12595
9233	6640
11831	1956
9402	7758
11039	7422
11801	7229
8921	10497
2654	15749
9392	4090
12974	3002
9685	19587
18467	12283
805	12122
9047	10334
12836	12856
7930	10688
10093	6263
12906	17958
3553	15948
10595	10150
16705	13025
5604	11984
985	6219
4342	2149
8231	18760
13260	593
9367	4078
4743	11375
7587	19642
11798	7356
5602	15023
11170	8439
15396	2164
2914	8307
14700	2034
7355	450
835	4578
18290	13948
9661	3454
9104	14796
2885	13189
4098	15137
8478	2313
10021	5376
2046	484
10997	17866
10531	18759
14501	7188
12784	15116
3795	9023
13921	131
14388	10946
17648	10268
15404	18226
638	5593
7965	823
18522	3813
16271	16139
16750	19589
12817	4433
6175	662
3583	10382
16648	6361
19342	10552
17275	9511
9280	9284
110	356
8424	14360
9025	12247
12845	2328
7749	19071
14392	3119
3169	11824
3029	15851
11129	17464
1016	13796
3734	5264
6091	16643
1270	5761
1484	11881
1471	9739
994	4052
8190	2502
4726	1252
8972	11458
3301	4343
4701	1083
1488	18385
689	2154
14318	1429
19510	16722
15248	544
4	1054
10447	3329
7806	3699
8337	17614
2835	232
15328	12039
3772	6248
15541	11314
10912	298
419	373
10570	1543
18194	8463
19447	6933
5939	532
3602	7157
17219	13362
14390	7439
17632	19517
3086	3175
19093	4339
19116	17198
6803	8457
1228	7599
18525	2308
17229	15300
12310	12869
15098	15678
11132	15604
6270	14567
16669	13282
1946	10101
8984	17553
15101	6975
1167	9013
10139	15874
12486	2055
2368	11031
12330	13606
12318	14113
1992	2356
9130	11602
6647	9436
9674	4902
14288	15155
16677	2627
19460	17386
7915	13056
16903	3779
9479	3151
821	6050
15114	18097
8316	8925
6887	17482
502	12670
13998	13571
9839	1304
5639	9224
2173	6451
12144	19638
165	17093
3492	17705
14440	3465
13088	1446
11976	7800
1770	19007
4519	10757
712	8437
17553	1490
11328	11107
13339	18548
8090	14574
10111	19636
12346	10145
14994	7492
15875	6423
18316	16024
17330	12459
4173	14672
384	2398
9614	11875
17918	7921
2829	8797
17541	2674
17842	14397
8215	16805
2363	10306
11679	7138
8762	11233
4518	11298
18513	17156
1867	7820
1714	11014
5450	14222
17851	5771
2587	15820
12966	10174
17757	14421
9281	3237
1148	14685
5792	199
9667	18451
15349	13867
9440	5228
4759	4711
14698	17877
18246	10728
188	4313
16751	12817
11450	19647
2377	1004
2814	4640
15089	17442
2812	16583
18637	19700
13857	15711
5456	18593
1219	5498
12563	252
301	1866
15183	5595
14246	11511
10209	8702
358	3528
16962	13529
16375	1026
1783	2130
10399	17663
8844	4738
8266	2396
13492	7593
10340	3359
7700	15634
1409	13001
15152	10884
14934	2458
5114	13685
13334	7604
18130	11232
10791	5025
10848	16577
1261	11348
7905	2531
12928	275
15020	1529
1407	7150
433	11587
11879	1285
9501	752
11208	17697
17812	19818
14720	3202
18531	4555
9741	3796
4011	17878
10056	16889
10365	4688
15066	3753
11307	11416
17731	15998
12224	7461
8288	15762
6089	19110
6715	12250
3792	19102
9558	11731
17556	13639
9964	17812
6888	12954
7680	4023
1245	17852
3636	8629
17215	12485
9721	16624
7671	1014
18132	18268
7551	622
6372	5664
750	19236
7215	5505
13489	14344
10766	15087
13637	14334
12849	1805
1507	3689
18269	3818
7483	8118
15314	9591
13634	10609
16642	4887
12528	12553
5449	623
13888	1774
6787	1467
14347	16477
2538	5938
8687	13410
4260	3684
10904	13956
7605	1906
5195	13259
16131	16886
1252	12051
17073	11621
19042	12095
4873	19877
11214	7436
14153	18441
10283	7255
5231	4314
11874	17836
1060	5591
13521	7901
3045	7952
18305	1421
8956	8680
10389	14951
5258	18322
10480	15879
12239	775
19572	2897
15234	1340
13603	5452
8815	14293
2500	79
17152	12524
18000	11896
5736	12183
14786	7217
17060	1511
11722	16528
3996	17325
5059	18409
7863	13876
6300	12058
12086	14541
15186	12547
6122	15950
8605	8588
2027	3697
15685	9045
14730	3762
4658	10437
4536	12402
18907	259
3120	13297
13639	3856
3230	19802
18809	2092
11578	15162
10299	8851
10934	5751
13012	5706
14244	7314
8378	8330
2796	15284
7141	6079
10808	14067
17760	12408
7842	17618
16301	17835
5098	1824
10697	16689
6272	4662
6979	3580
6065	6692
1750	10098
14138	687
1259	7573
1136	12156
4253	11969
3843	11507
4088	8129
10551	119
10900	10691
19292	10936
2050	19083
13365	15962
17936	5485
4900	18857
17234	178
13830	12068
7310	16417
11152	3400
8882	4851
14466	7107
16083	14602
2644	17261
13394	7602
10717	4938
17615	16614
7334	11429
6944	7640
16399	6197
2388	1286
4251	18375
4775	18359
14259	11084
4421	7114
8274	19318
9231	338
18847	14017
16504	17900
17874	3556
963	17677
11435	1427
17181	9681
16204	7628
6356	19549
3992	14758
18161	18541
3802	4827
2199	11159
11013	13825
470	7993
9078	8475
7120	16114
7049	19154
15982	805
18969	15505
13124	15277
7718	3901
12866	8923
13136	3455
7563	13564
7536	1969
9002	15919
5019	16628
13504	5161
6932	14661
757	12773
19241	9286
18361	13576
1092	4771
2607	67
9382	15373
11055	16908
14982	12301
8377	255
2636	17658
13806	14274
4316	3565
5875	13805
11080	1686
3757	10976
7808	6831
18614	1644
17977	11845
14056	14206
9021	4225
6385	4841
12309	1020
12208	18345
16419	15481
4476	1922
15501	7251
14404	5147
18734	10903
11231	1770
18231	5604
4517	10433
11237	9366
11034	17686
12439	13446
5831	2495
13287	17209
3434	19991
11941	19186
12290	11797
7143	19559
14670	4510
4664	51
3342	11608
17920	5198
16968	13228
9966	11437
15546	5297
2553	3239
14739	9640
3424	16728
8860	7081
5260	15254
19071	4143
13130	4198
19320	6761
9905	6165
1558	884
12219	8930
3825	15289
12854	6429
479	8464
18981	19571
11406	5185
4145	2708
17031	10480
12229	1855
7239	3552
5645	15490
8281	18938
11225	11017
19048	932
1121	1957
769	19261
5829	3258
11909	17387
12328	12005
6282	13414
2713	11372
12925	1700
18939	1985
19064	4323
6826	4169
3302	9028
760	14769
13862	96
15740	9678
5269	17425
12076	4373
11731	8341
14143	15840
