3000
6452	13600
123	19746
14748	1103
16231	2568
19734	16213
4185	6522
17222	9751
9364	8407
13130	13331
18571	6511
4281	7140
18717	2638
13575	6957
18506	8561
9055	2109
13318	5686
3460	11203
11218	13318
18112	1003
9658	5468
3510	9158
14257	6887
17515	1199
2506	675
3917	9155
13655	5557
9712	9887
5429	13262
6799	2366
18820	14187
5648	5171
13385	18062
6985	15128
4291	3155
8972	6021
7768	16675
3171	8232
17343	957
6769	3784
7695	5493
7340	12527
18573	12565
13900	19309
16393	4806
15758	9864
2545	18288
8933	2857
15761	12600
9516	13075
2554	13041
3448	6079
11059	1010
12512	3707
19483	11264
6466	5135
18474	7111
14424	15438
14275	6768
18081	3485
1485	17389
8478	1263
15531	15675
13887	7725
4503	2356
1454	7113
5918	16219
2172	16837
5382	7324
9952	3985
6461	4229
11907	16346
11846	3872
10559	562
16655	3616
10126	2844
5472	8668
9573	3907
5908	11675
6584	15945
17926	18200
16323	19030
450	9459
9369	876
6311	3263
4404	9265
166	19770
3508	13487
2222	4068
2628	16454
6407	6395
9318	2758
3144	6815
16150	2100
3170	2280
15652	18843
14189	19163
10403	12273
2546	3920
10389	18891
4326	403
10451	17935
276	1372
7006	8679
5208	1043
17796	8809
13935	3651
2961	10309
11746	11327
4504	4654
2350	11997
2683	17424
19784	17181
5923	3132
11252	12732
5622	17054
197	8099
7929	12808
16458	18214
15624	12087
7016	8077
11120	12491
245	881
11201	18405
2262	19744
10023	10601
15091	11173
11476	11520
4915	18010
19516	7016
16865	19181
16793	16268
13175	5849
1753	10705
19188	1184
5810	15433
11758	17495
6925	19599
10093	12836
10394	5094
14158	11347
14090	4549
6923	16460
38	15642
2874	7807
7224	13103
8883	9911
10184	11578
5474	14628
10050	18102
5602	16154
4863	13557
13461	2632
18861	17764
3962	12757
19547	3387
17136	7742
7353	12310
13357	12711
15986	13146
6143	8055
16628	7234
4144	7068
7231	12570
4815	6813
19269	8660
14956	7293
15005	9671
6346	1325
5624	8247
6535	19018
8054	4038
16600	12581
1502	9781
10337	661
5275	6222
3478	7548
10203	15672
1938	9381
16777	16691
19650	7651
943	15931
3515	16310
17352	3868
12397	15359
13508	16999
9118	479
6066	3202
15026	16926
7077	13715
6152	5845
8013	4732
15650	15962
19280	10358
9320	12726
18718	7585
1195	10200
15087	5335
14082	16335
17111	18443
17860	3393
259	19353
5463	3295
3403	11474
11565	15119
14192	4444
3833	5950
11444	11904
19040	7426
3704	19608
9770	4624
15540	3015
3189	2439
481	9125
7827	10154
14781	19405
11061	16775
9693	15724
8200	16758
8245	88
19327	10771
6217	13221
4593	14297
15927	12186
8440	13666
18778	13650
5792	317
1859	9507
10727	18030
14603	12362
2942	10187
5516	6041
2907	17774
13456	4253
721	4744
10025	3939
12979	18304
17858	5840
3550	14185
10229	22
2860	17175
37	18631
12947	18856
16489	8126
5690	6068
10572	14278
9696	6443
13784	19502
18850	2886
6754	9081
14851	7318
16581	11006
5941	12741
7317	4389
17283	17056
2314	15941
12360	12405
3020	16794
8438	6336
8076	7728
17334	4385
4292	16182
3099	18379
11070	610
8144	10183
10647	16388
15388	2142
1352	3428
8356	16622
14410	5445
3260	2147
11836	7963
15330	8512
891	11354
11107	3374
2063	79
138	5731
18966	7024
3884	16733
13001	15536
14598	1472
2583	6658
14454	18493
79	10946
7235	14270
3181	2774
13351	1493
17145	1292
7126	10879
14444	10976
12336	3376
11841	9213
18895	3983
13438	6381
3116	17631
7244	5529
3375	7469
5220	17239
1133	7610
1637	5952
425	6723
2288	18571
9260	9725
2526	13155
12329	17179
14220	2435
4682	17599
13739	17579
12034	3047
3047	17805
8772	16840
6320	133
6974	2715
18025	12810
16833	15252
14874	18782
4402	16895
9587	13693
13275	1698
6316	7195
5977	3673
13909	15898
18802	17497
16427	9502
3282	16599
4366	16541
3838	4462
2022	16141
6210	13001
17305	18864
917	1253
4646	19692
4718	369
8646	7198
854	5888
13692	12289
11932	6202
6562	18363
4039	3247
10681	1140
5650	8671
14226	14900
9348	5088
839	3365
8116	10510
6257	8133
2690	18270
14774	14168
2414	13552
9362	6143
6818	6077
16568	15915
13873	13016
12720	13415
16036	3160
2910	16829
13211	1331
1269	17656
16467	5062
12465	1420
4320	7733
7226	8765
1267	7379
2541	14432
665	18462
4240	6087
15113	19478
8391	9871
13910	12703
8544	8868
11072	16918
8940	8599
10974	13235
14892	14836
13375	7608
14788	4635
593	9706
2811	11538
2735	258
6582	18918
11473	6211
14533	12224
255	13776
6314	13314
9059	1667
16956	11372
15663	4762
3735	9515
6032	10892
11302	13956
1586	18580
12363	19173
14197	6414
13043	3454
14505	1992
9119	11991
11299	6074
16819	14933
17279	5921
12955	9301
19004	15967
5716	8659
5735	14889
6344	11171
15125	1478
8394	3954
1634	13436
13059	3646
10560	15130
1332	10014
11349	7483
1618	7774
3316	3218
6484	5548
1164	4036
4976	868
1901	14713
18498	1488
2447	465
12718	1473
11503	12470
8525	9121
12790	13887
6943	8151
2923	15010
4447	11924
7778	19223
418	8605
2684	16686
2225	1302
1190	8942
14125	260
5002	18245
2853	13112
10698	112
7238	6343
13467	9935
8070	3056
9922	19283
13787	11234
18369	1589
3990	3565
11924	15611
8184	2917
2334	3326
17718	11040
5934	2119
17511	2498
11904	9803
1749	17574
4953	8246
8172	6552
19685	17854
9153	8715
43	19553
12296	16600
14703	5810
17912	1448
752	4604
9669	3762
1789	15240
11854	12436
3866	12568
13695	12135
3468	2087
11342	3501
12921	18476
14820	14032
7209	19053
12721	19759
13024	15228
18459	10403
15265	6747
7045	8058
17712	11823
15867	11043
11639	17982
15683	11064
595	16116
7395	5413
6131	12190
7569	1620
10313	16613
15522	363
3442	510
7172	1511
10629	14434
4266	15464
11876	5351
5054	18820
7693	9866
11735	4565
8934	14954
12879	6054
266	15226
15860	14590
4149	13211
3995	3033
2976	9277
2151	12391
11896	2684
13885	5249
17318	16555
15733	4783
5707	2315
7892	2794
12270	3838
4587	693
17875	15465
11799	15613
9631	15205
12425	4460
1940	8841
13406	4092
16321	4628
2226	16693
14791	10012
11594	16619
3679	4399
852	12250
12636	12060
6340	14467
16874	17500
15879	10247
2948	10640
10190	3763
7408	17208
19517	10563
15499	6888
15130	17185
10471	3953
2173	13912
9677	10061
12873	13765
9749	16736
8636	9613
2174	19617
17294	16632
2920	12652
5221	18382
12749	13954
996	18916
9007	14482
9217	19092
19140	11769
9417	4833
511	12317
5137	1477
11453	590
5607	6396
17302	4163
8320	7320
4188	15311
18429	9991
18761	8819
7076	3892
17341	5869
18689	7824
16732	4176
8759	1371
6428	17953
6901	16834
15270	17622
9643	186
6172	10163
13144	6776
16116	7468
12173	7739
15470	16558
13720	16562
17187	15810
6397	17444
4922	12982
12727	18709
14685	7009
18284	18660
2133	10223
13474	8726
5947	6209
6808	1430
9392	2547
9451	8946
17383	7814
13956	14318
13016	18687
2964	19287
1196	813
5341	3557
12379	17435
18201	18296
9932	18012
5403	14772
1409	6527
7178	9291
18856	19049
10123	6604
5231	3753
3270	10078
8532	13158
12581	16105
19659	11310
4673	5832
11740	5553
10752	14001
11921	6018
7167	683
1351	13455
15727	87
5663	10849
5662	4547
11132	8831
10212	45
2085	6946
223	5105
4598	7058
16292	3031
9057	13767
2302	11254
8425	9960
15303	3913
9632	6305
9301	6386
18978	15523
16645	10746
3662	2655
14550	3725
9496	14163
7094	15914
13798	17696
19041	15426
16739	4154
11472	13426
10221	12089
4199	15895
11284	3360
2097	11111
7860	6362
16398	16123
8351	15470
6233	13673
15064	1106
14877	18801
16766	12422
8750	14284
5664	3146
14815	16332
10864	14575
9054	4583
16399	8776
9798	9424
15484	879
10886	197
19319	8600
16046	520
3970	8771
1363	17065
11084	10323
19455	18243
2947	8904
3456	2293
263	5899
3816	3115
4310	8647
1417	7177
8637	5931
11915	10066
8728	1486
456	5109
10848	4566
3955	9506
13402	5142
264	4210
5329	21
12061	2084
10884	16178
2839	15511
18177	14377
6348	5907
7783	15472
3688	16896
3622	3899
4817	13853
17422	15245
6992	7443
17848	13950
14847	14024
2648	4450
9265	3877
4110	16697
7725	17617
19347	7191
1808	14007
17481	13734
17773	17870
18806	15317
9600	15313
11739	4780
16271	1842
812	19140
9322	17781
3164	13916
1527	10943
1794	19133
19722	6804
11941	5197
17885	2830
18099	7575
2459	6479
16418	16294
7862	18822
17076	9059
16372	15142
1935	8618
1151	14717
14371	19337
7734	6358
17824	8876
18683	9076
1752	16740
6961	16521
12250	4852
11590	12644
3812	18973
3317	7400
19786	14342
3682	3534
1307	3324
15647	5833
10307	11925
8858	9282
13234	15698
18422	1939
9107	16968
16361	1297
1444	10817
19415	10203
12946	3588
12863	2444
17584	10549
19197	3789
1641	16977
1988	3077
2010	7578
14759	16859
18873	8911
8149	7732
3444	15224
4819	10764
6449	6013
17852	4702
12450	18980
14270	8606
10285	13029
7759	2801
3519	15441
14434	15429
10151	8587
7957	13032
18252	2493
3496	7990
2282	9227
1542	4730
6171	11604
11992	12794
7299	5037
928	11435
1910	8208
10749	13480
6053	9869
15260	12460
329	12228
533	9215
19486	10951
13996	139
11249	2233
9131	15561
12866	1266
19307	7462
783	14548
17740	7682
1599	12582
11616	17648
19488	3721
5095	9410
7746	1577
19586	15469
14381	17078
19099	12842
3903	14638
18500	14813
17241	6246
18392	2165
7260	13646
3141	7441
14031	1120
6872	5156
5417	3569
11171	13116
11433	1378
5321	15781
9738	295
12795	18723
2751	17480
5143	95
1683	13231
10294	14884
19324	7914
1996	16605
17197	16231
11060	13132
10913	1048
4286	16900
8573	17549
11604	16707
10257	18995
6615	2703
4697	9618
4244	18110
10920	11119
383	19674
16947	5
18597	14524
14430	12420
5477	5441
7868	15728
15246	19672
8827	6686
1669	5826
8139	6943
5401	17639
9640	2914
3582	14222
600	17384
18824	19196
5954	14113
11589	9306
7067	4029
11865	19541
14400	4143
4233	1225
8510	3696
11996	916
1157	3182
5229	11083
743	2291
11118	2749
725	5300
19413	17400
17116	19635
9345	6145
2287	6278
1243	2792
18352	4895
13841	11350
15863	19274
11006	13966
18339	3113
19323	11724
682	128
10445	13138
13770	4471
9999	18976
1052	13815
17089	13785
11015	8992
18813	9804
18009	11837
7774	5166
15827	12350
19806	18176
9262	6906
2071	17961
15207	3683
13989	10966
16990	14924
13235	1886
7888	8899
8575	3864
12589	10119
16751	3408
1927	13602
14728	10972
8393	410
3765	13049
1148	1748
3892	15052
7634	6526
8317	10220
1200	2188
14573	15115
7111	1586
12793	18454
17655	9612
2399	10150
474	134
3093	10037
9920	1645
9748	6032
15890	15973
14332	16949
8524	8981
12024	6485
9383	3947
12632	6831
10043	13654
9690	8493
923	14693
1273	4636
13568	15578
175	7985
2423	5328
9755	12881
16149	8578
15082	6230
13282	9089
18502	8087
17270	2448
13017	13755
6792	3154
18336	6780
12786	6219
1998	5264
3294	15740
8336	3083
7063	4615
889	12220
2956	12061
16635	12849
4968	3472
10098	286
2581	15720
17353	8756
1170	19155
17573	723
13521	17726
15242	12022
6232	12789
10472	4419
7961	18057
6125	15430
18539	18348
3402	19777
6772	51
11634	16752
5837	19417
11018	1508
14089	4693
17466	19601
3638	17948
7732	7510
9793	15749
98	15842
11180	7437
7024	9619
18596	14059
18577	13411
4036	19574
7645	16103
11553	6326
7169	1256
9122	959
5060	9233
19168	16304
14734	2721
18748	692
19366	9529
3773	18805
11441	17804
7877	12951
10952	18566
19539	7071
12804	16819
4553	11124
15247	227
15851	10059
661	14385
8857	17813
5755	12347
18168	17461
6028	13530
19363	14645
2817	13491
5972	14791
19589	15349
1092	10604
10916	18611
4077	18764
1301	36
16841	9163
11555	4260
496	1546
18338	15661
393	12999
8296	16108
3544	14857
15754	3547
7590	10210
6060	11211
2020	3630
7456	7214
18661	6149
12579	18170
2647	10985
12151	8046
2905	1995
18879	13754
9551	5216
10231	3914
7575	12069
8723	9159
7807	2044
2764	18984
14973	10063
5598	17194
13839	15650
4774	3449
4524	196
13386	8150
7737	5321
11105	7533
480	288
2835	11468
11165	11406
18277	14912
5699	16140
10762	19043
6273	16937
9159	8755
10945	13502
14684	1338
17832	3184
11558	9806
18634	3419
3004	1682
6497	7151
19219	16861
8682	10883
1545	17261
10	12162
7295	9553
16077	2485
17394	9200
10377	1990
3306	527
19214	6725
4022	13236
3822	1138
1002	874
14783	14964
6368	9116
10597	4779
8063	8295
5815	19109
11354	17313
19394	4346
6379	3379
12766	7346
19024	4247
1153	2144
9994	11793
15532	16038
9282	6737
6336	14422
2094	11233
14504	18871
12554	18640
10531	9051
12125	1684
7506	12694
14840	2706
5790	17836
11782	12737
5720	16134
2687	4639
16536	14231
10039	5158
5166	2002
12231	14098
9093	7757
1822	8093
13859	19476
2365	17070
17432	12174
11318	903
18414	4802
9297	17734
17751	297
12634	10107
14039	8775
13384	2985
843	14642
4739	6939
12190	5428
12001	14737
666	2553
4272	4131
5523	9075
14225	11834
8272	7588
12041	9016
13683	182
9319	4998
10278	5223
13548	3871
9327	16451
4198	10516
5142	991
10034	18897
6820	3556
11367	15367
9155	11168
4919	16911
4512	9703
13524	10537
17416	17659
17603	16593
16509	10304
12082	12662
15381	14898
19433	12776
2913	11821
13420	13374
9028	10428
13689	9455
15411	9742
19406	4028
16287	1362
12106	2190
13911	13133
15869	15122
10580	15564
13417	14849
10552	17539
11166	17320
19250	18198
8489	9299
16813	3338
16409	3840
104	8787
9178	8754
2231	8555
10925	5093
18452	19524
11036	18784
13329	15387
17710	14714
16638	3157
14832	4831
2795	9531
840	1170
1517	2046
9098	7242
17961	4519
9901	19769
4100	15943
8421	19499
7523	12092
18306	6216
17960	13995
14746	11042
8410	1306
11280	5169
3275	17796
8873	12204
1813	16522
12639	13458
15554	5085
19320	18349
15225	3477
4434	16164
12578	9625
297	10694
6363	9696
9206	19126
4458	19087
3410	12667
6902	5237
16039	16849
3913	11713
8316	15092
7662	17264
16496	6391
1654	8363
16179	15077
7637	2037
9639	1738
12302	748
5609	13078
806	5724
4073	16628
892	2870
3435	15923
13334	8158
10117	13534
3308	13604
7603	11399
12847	18236
11512	4882
3413	18577
9393	2517
18034	10794
2005	4441
2749	16306
17932	7972
10206	9930
15888	7769
4870	15585
14211	15159
10368	15608
4535	12280
18204	16238
14721	18653
160	11098
11271	6037
5888	11309
14702	16077
15752	3351
7282	4459
14534	7411
16986	5898
2630	4797
3673	17606
9104	955
16213	1133
7721	17010
13886	13057
12776	11091
8503	15001
6533	5120
17235	11063
941	10531
3495	3919
14446	1669
17157	3251
16720	759
9523	8793
9303	19118
18681	12334
11356	12223
13941	6803
6709	18447
14495	4363
3963	15537
14530	6832
18485	9728
16741	19702
2585	7716
2449	4633
14461	13670
9272	15294
13912	12567
12380	4292
5202	2168
15769	18739
392	18084
16010	12395
1601	7213
14403	7010
430	2705
16688	15008
15062	12718
5615	11330
5282	1970
1643	12955
7614	19189
17068	116
9895	2906
4886	3662
18390	12745
5915	15651
3194	2556
6616	9954
16410	10747
14028	559
17802	4063
11037	14934
14599	2673
14126	6612
1553	10562
14650	1868
15535	19009
8776	9970
7943	2279
470	3489
5151	14300
3145	613
14100	14257
16126	16811
10924	4414
15275	10834
5370	17210
501	623
14256	12185
4687	18625
13103	12858
4405	4387
14277	13268
7208	14509
12288	6775
5877	8415
11373	11861
3336	16644
5004	4999
11310	11794
16094	14255
14169	2896
12802	2806
19701	8470
5178	2063
759	2643
9268	17672
7982	14862
5427	17460
738	17616
4362	15165
17462	5655
15251	2229
1166	13083
17536	9549
3076	16011
636	518
3959	9606
1467	14513
5940	9134
19032	7062
4771	1491
16182	2216
15949	18865
15736	18597
19803	18048
334	17990
2843	6835
15651	14794
19226	18123
3770	12294
7791	13376
7142	16012
6380	7761
15267	6151
8308	18367
13815	12005
13644	13319
10710	13210
17220	3412
234	18040
5644	11375
18654	3051
15542	18263
91	386
7311	2689
6038	12361
2973	5136
14862	9801
11890	14337
9852	7652
12475	15959
11341	12756
4651	19425
13207	4098
7647	15580
4506	11699
15004	16991
12615	15435
15726	17099
15010	17405
17755	11219
10637	953
8508	15463
8932	14291
1471	6400
17099	18292
6566	4891
18990	13448
4678	12624
8325	14451
9065	14585
19552	10965
1211	6103
16205	14627
505	7519
13104	8437
16519	15815
17273	10357
11931	1400
14095	6578
4174	8506
5280	16606
19375	12669
9609	16696
7707	12821
1616	19115
19662	10172
12411	3861
2570	13724
15770	5489
18162	1445
2605	15903
2209	14124
7784	9889
12042	5312
14060	578
13793	9799
13435	17545
3042	4275
4216	846
7372	8906
4034	19580
16589	11464
15431	8376
2959	16267
16252	16568
19429	4218
5964	13167
13197	17909
3426	10419
921	7260
4490	17572
14602	4051
9771	1213
1117	11220
830	13251
13090	14739
13119	1165
3567	3362
5693	4062
12399	11341
14844	422
10426	3906
18214	3095
1516	6931
7804	13919
7062	18896
145	2685
8782	19123
6708	14212
2279	16089
12688	10547
4810	16351
8143	11611
12846	2450
6682	5878
5653	1415
18932	14937
1539	15761
12383	4125
6663	9589
19395	10823
421	6994
16561	15786
10929	4721
13371	11848
1210	3944
19807	14555
14671	10623
16622	5515
9913	8482
10835	16924
6208	12452
15717	12366
9805	14378
14216	11287
9254	15050
12169	7033
19191	12462
13153	8021
9211	8401
18910	2378
1593	11047
1185	15958
7667	15381
18776	18607
8786	18399
6773	3736
1250	15353
7057	17673
8491	14217
11336	15798
15148	2922
15448	17243
8278	6096
5545	5278
1212	13175
14101	14743
7505	18778
1543	6610
9548	17012
16369	14595
14613	15745
3843	2695
15519	1316
8598	16815
11635	3722
11437	10785
13430	18096
5498	4404
9252	10930
5192	7540
11240	698
14108	15686
17826	17771
8892	5658
17137	14056
9653	5552
11321	358
17320	16352
2745	9548
18828	11641
8527	15141
2217	12784
16846	11966
2416	17567
4014	10460
15277	18790
6796	6390
8730	9437
16925	3401
14718	7559
10903	2820
3291	4102
8741	13543
8330	5423
4341	18816
3070	4520
2620	1421
8915	14674
9420	17895
489	13194
4694	17692
5920	5098
3736	14969
10608	16162
18779	5236
16060	13804
16087	13444
4662	12974
14813	10844
11188	17232
18057	1706
15097	7692
11361	16188
12011	17473
7583	7856
1413	9904
9894	7745
15711	8969
9120	13288
1219	19170
4463	9766
14190	10896
19448	7744
4438	9364
10662	10494
18547	18051
1264	9451
18582	16725
1691	5773
12541	4972
1552	14491
3993	5816
14407	16925
19437	1163
17228	18693
3549	15501
12486	8337
13317	18042
8769	15437
12926	13423
9875	15298
2818	13128
7883	3050
6088	1304
1216	14419
1841	6393
8868	12580
19770	17701
3379	19300
12744	8007
7415	637
16940	172
18979	18537
9734	8581
19355	5837
13592	12609
14921	13159
18766	6726
1924	7081
2813	6583
19078	4755
10617	19358
6753	9918
16073	1887
8958	10971
777	15593
8156	5954
3953	641
8437	8339
164	1745
8376	8559
4608	19119
2814	15919
4094	3444
12442	11728
1449	12029
15876	18744
646	18112
13554	17286
3273	3775
14616	18768
12985	19611
11661	2513
6630	18708
11055	14399
13714	18357
16603	10986
13124	15105
19051	1438
19253	4083
8196	6317
4295	10490
2115	10329
587	12807
5496	16855
1019	2453
3630	10001
709	11535
6052	16808
4653	2245
10040	19660
11402	9894
2868	18226
3528	11400
15979	5847
1885	18414
3293	10658
18951	936
7613	11132
6904	19473
11950	8383
8604	10866
7373	12911
12256	17834
9168	833
11203	15940
16917	12547
3477	3617
3749	11192
12251	7570
13201	11329
4590	11140
11019	13854
11697	2143
2858	3074
7870	18121
8094	7784
285	14334
13123	13141
3085	3854
7220	5184
18942	1162
803	12679
17367	11181
6462	17981
15083	13285
4299	13161
617	17007
11232	14662
4066	18095
17900	3800
7130	19671
17871	5591
11580	15620
453	7181
8761	9802
11416	7841
16148	18844
7273	7145
12019	18286
816	6509
14467	15254
12337	10535
1205	1312
14156	9359
6839	18863
6918	12573
16312	7707
6907	6678
17044	11245
1845	5739
4270	17715
13381	5182
2466	167
15319	9693
3337	17864
722	3452
11987	96
14717	5652
6423	2670
17331	1385
16820	11284
1826	11447
17738	4977
16025	14680
1171	17923
4982	14821
10636	15892
5660	7209
12932	2816
4111	15885
19758	15729
1180	5533
11862	15088
15249	5040
19435	1310
7835	16258
16552	8097
7589	17470
9839	10678
4970	2579
18421	11732
7670	7549
18523	1785
12603	8694
17670	2608
19173	100
200	17426
4064	17410
771	13705
6909	17489
10791	14033
16663	16378
5324	6514
14414	8749
1224	9240
15181	15712
17371	15169
9769	10387
10308	4046
17232	10109
11124	16989
10412	19039
1909	1121
5435	2699
8584	10853
6631	15843
7876	6442
17185	18460
2870	14493
11348	7799
2312	6173
13639	138
9506	4578
2682	18143
17632	929
19159	7312
16462	18830
232	15259
18816	3712
85	6855
1720	18902
8564	9476
18900	5304
2201	1821
9732	14700
13078	3858
9745	13204
16950	16704
16171	8147
5813	17493
10380	19740
18570	7675
15689	14990
3019	4323
17779	7392
2615	5333
1688	13747
13342	9734
6687	4298
11556	14564
10584	3458
18742	5787
2239	1678
2779	954
4561	10944
4618	1512
3650	13497
18361	14060
1429	15144
7511	10020
2580	14920
12950	19314
16465	17322
18789	15656
9349	15162
11564	4531
4032	7031
16450	18691
2134	16677
6020	2603
12153	6471
19094	9061
13685	11346
12966	17868
15632	16225
1084	8548
10332	7373
5568	10181
18240	865
18646	1379
8044	2197
11327	6675
13431	7323
3847	3842
11738	8091
12527	16452
3579	10836
7303	2171
13688	16358
1547	18705
12404	12569
14803	18595
9713	13595
11485	6378
14245	11489
15975	18173
7837	13845
2901	5915
9471	9309
19154	7964
18914	10234
17767	16045
6191	6864
16673	8681
4959	290
16939	2120
13699	4171
3333	15706
2046	19519
12393	17535
16540	17332
8291	18323
7113	11275
11380	3274
6086	15189
7074	10666
2208	5041
9241	1618
12311	8666
7516	8774
6206	1654
8399	8145
735	12564
1609	15549
11954	1516
14567	7074
6686	14259
1317	8753
12713	13535
4980	10266
13786	11905
1493	4581
4993	1648
4353	747
9	2166
17022	5358
14202	6996
6291	6296
15823	8154
3831	13893
9195	17929
3043	3624
3689	16636
3086	7641
13168	14325
18812	12151
13709	7773
9963	2543
18032	4146
6958	13899
10224	12302
14824	7349
13181	3042
17884	11454
13231	13355
9717	2266
10829	7790
6349	8880
8986	2070
2038	6333
7680	11161
9571	334
14450	2980
11480	2032
6453	1159
8488	1781
5460	6256
10416	3795
13451	7301
4862	10558
3778	16970
7301	1613
2130	3709
15959	3142
4838	620
5402	19082
14301	19083
7561	6270
15646	4486
7147	14806
9941	18964
16703	1205
7459	114
16604	2156
18972	8166
3614	535
1068	14220
5157	2948
19694	10934
19357	11977
17866	17785
369	10392
5502	19114
3457	10957
5440	11510
10889	15979
14458	10550
19334	1401
18382	11144
2476	13108
9708	19716
5970	10618
12015	3873
13046	10182
12357	6611
14365	8200
11612	12103
9143	2913
12967	12481
3646	16630
292	3284
18564	1127
3888	19636
18704	1779
17846	10931
18782	15366
7884	12653
15527	11143
7250	13340
122	11617
3350	5981
728	14749
12886	9627
18890	3331
12284	18880
16525	9731
15397	1454
7560	19022
1730	166
2988	14198
1944	10863
17066	10097
14048	11697
6740	6012
12418	5948
2962	6353
14553	17754
802	18392
10448	16655
18440	1796
2395	6846
12902	3002
1040	18107
16066	11387
17067	12179
14806	15083
13009	11131
7361	7274
9412	4416
4081	17789
4095	13147
4476	15993
3661	14471
12969	17429
1291	15213
19116	18773
16817	3640
6240	11278
7596	14433
13307	13975
2444	8033
10315	19348
3513	18606
16499	18672
13462	13438
14026	17530
4224	17265
13816	4295
9822	1129
7036	4374
15056	1514
9020	18418
692	10212
16682	11640
13248	441
238	5309
17528	18009
13620	9702
10869	15603
9879	10039
4287	1961
12371	5520
15302	17258
16542	9883
18090	15126
2255	2729
8539	15386
9483	13886
7286	14868
4318	18311
11025	12996
12925	14885
627	15854
3600	17143
5168	16211
14212	7806
16678	17882
6081	5578
2688	16303
14822	14978
11731	1334
14675	16119
18059	18227
2145	7355
6480	18134
12742	8639
10688	16340
12138	11437
3674	16601
13570	11036
5012	4814
117	7461
14701	3322
16341	9492
9192	2167
6604	7190
16000	17912
7819	5146
7017	5771
3364	1878
4323	9929
5826	2234
10048	16564
16354	840
5279	15779
3570	89
678	10876
8661	6740
15850	18251
2844	18404
6855	18194
14944	15802
532	10081
8523	885
3865	60
10139	9188
7612	14071
14386	13826
8194	13706
4796	333
5685	3336
14337	6774
2213	6898
16137	8821
8102	13406
10977	3415
7487	5778
18321	17280
17576	4652
5053	14476
6183	14808
7432	6699
17264	434
14253	10870
17097	12319
17248	19042
9908	3067
4671	11331
19201	4760
5461	2306
5466	17170
9225	17455
14269	3771
19157	11146
5177	9664
2300	2274
18653	9587
13512	16479
14725	5607
16154	4887
9782	11217
12071	5449
350	1285
12628	13282
13855	15335
17989	17551
10169	7955
12097	5776
3621	12914
7047	18206
14843	10467
3555	10700
9596	19244
1611	6152
11401	17940
5638	14536
19298	14165
16545	12480
11826	13847
1741	15049
11699	9183
1680	18184
5950	9567
15328	18212
931	16572
16506	7356
5134	13220
1863	14243
9288	12869
4726	4427
1199	10243
17886	1395
4586	12656
14987	11419
9203	161
7186	809
11266	6763
17726	15610
9071	7718
7815	10369
2439	4149
12268	7329
10270	16527
5422	3464
13018	192
13304	10285
12670	2336
8195	526
19715	601
1530	18837
14683	9582
11905	3178
9340	1185
6926	726
863	6504
7611	6341
12283	949
14279	15342
10057	19187
17638	18910
15935	17531
2820	16610
8864	3356
13218	11159
6096	18014
2915	5647
1452	5594
12110	13983
4803	7309
6560	8389
19398	193
12900	1728
18795	14517
9909	9944
6932	402
6509	15884
9485	3515
5436	14037
13347	10196
4013	11071
6095	3850
13328	6762
18566	10701
5508	13585
1873	8575
5848	7645
294	18955
3691	17479
6650	14882
11005	18879
18026	10526
15096	19063
7410	2510
10431	3381
641	5642
2918	11456
14627	5883
12575	14973
8787	12839
19232	13084
8947	5173
9795	5539
9796	9251
5318	16570
8916	18320
18692	19269
17502	15014
6029	12944
5372	5843
10663	10457
10568	7683
19531	10899
5369	3972
8309	17002
12875	1979
10703	819
19331	7248
12813	6890
17769	19395
12687	18313
5467	11678
3742	3323
15366	271
461	3940
15641	16844
18760	14302
4846	4294
2873	15824
13030	8823
13075	13339
1035	8165
11845	10364
11719	5644
4619	8419
16831	3332
14486	5459
9170	7778
5288	16763
5742	9072
10288	15030
9480	9764
3296	2932
4633	8973
5771	8977
15143	10176
9049	11876
10638	582
16296	5662
18147	5864
556	3963
9861	3575
6876	3421
5182	5687
13252	4540
11561	10925
8065	7455
16772	19612
7894	6257
6287	1598
3700	15196
8035	2437
5784	3602
14861	9535
2627	19138
13939	5794
3973	14766
17482	1625
6529	10191
14763	11729
17195	2983
18866	2633
4566	6433
3193	12513
4171	630
15368	8661
9278	13043
17919	3600
18327	10342
14241	16559
15479	15067
660	9893
15933	13500
19719	16537
11338	3013
15038	17683
13814	897
17020	6123
13081	7219
18941	18425
11229	12835
12645	15179
15798	13525
10214	14356
16915	12834
5930	11887
5195	18238
1213	3293
18281	12456
18823	8855
8746	1088
5425	7783
1600	18554
10091	8256
12240	2841
11292	11787
12934	7454
12101	4113
4332	9371
10297	9346
2631	16523
4011	12507
14595	6167
4106	10393
12850	6060
17859	14952
13057	3735
9689	9245
9256	6816
8502	7212
5931	11908
11513	16871
18442	12719
2951	15525
12737	15398
12232	19162
17260	13879
19419	2382
19563	10619
15421	16814
7449	13998
18212	3846
14064	2408
14929	14296
2435	7134
7152	8163
9958	4600
9360	16536
17005	5340
12987	15855
14339	11672
12355	7394
17348	6410
16140	15134
7166	16326
6936	1946
11382	12125
15219	740
16851	6715
3759	19570
881	6099
16668	11084
19067	10278
7336	8933
8383	2934
2640	5425
12156	10644
5196	19528
4176	2184
6126	7811
17313	18230
14134	9810
2668	17668
5636	18524
14013	14097
16459	17062
17984	2018
17218	7782
10784	15754
19479	688
15088	14269
11794	11756
18842	19627
17083	1167
11624	7417
18340	19479
4065	9365
19572	17744
1721	12668
827	4869
8698	12363
3718	18403
5333	1178
19781	4472
7780	13077
6409	14199
17357	12019
15419	9642
6868	15109
8237	10343
12098	205
1472	4913
16029	2623
13965	19751
19325	11971
13491	17474
6267	2759
15932	17869
16469	18118
18901	872
11617	13819
2521	1547
4596	5768
2397	15944
1255	16102
17035	8004
1057	8153
18371	444
13230	19496
17906	2287
8460	12012
8017	2369
11751	8554
10317	505
18954	4694
5426	17277
17006	6085
1463	17615
6746	1057
15289	11712
9705	6009
9461	10321
1915	12377
11880	19069
4075	18389
9172	9335
15779	8571
2963	15098
17329	9510
9200	1800
15640	10273
9003	10606
4761	4634
7799	14657
4280	18312
19464	17323
6608	12515
18182	591
63	13028
3532	17184
14519	9010
14308	5230
2726	7839
5673	13726
5228	5297
16356	4543
7796	15858
8010	2178
7392	7163
6948	9923
5451	17212
14219	10133
4426	10110
15889	1859
11343	7255
6495	8892
11386	13346
11675	14137
5337	2786
16828	11177
16408	8592
9439	8184
12479	9100
19367	19768
12084	12397
6347	6469
12652	685
19404	14867
16909	14802
10254	8254
1667	17676
16314	14442
16164	4808
2410	5429
6525	3519
14955	18757
13510	9182
17368	3469
11471	19564
6619	8056
13031	3855
8983	5743
2039	10336
14903	11973
5570	1891
6532	8242
19684	8916
1278	5850
15589	15361
9499	15877
11837	1245
16726	9161
8517	6218
15665	12788
15597	3539
19688	10798
13960	2871
8504	15518
17308	8961
7556	16088
9189	5598
3109	10473
10301	13510
16701	2968
10150	6344
15137	13192
1137	1530
7110	7457
780	1197
18783	2097
17493	14456
18664	8866
4868	3891
15012	13943
17549	17679
9173	15960
10327	9093
143	13145
18016	707
14448	9206
5365	6425
8825	4268
11816	9662
14559	13482
1494	18188
5669	11587
15900	13059
3100	12946
6255	2179
17943	4373
7419	19201
2884	10670
5331	4824
4704	3765
2852	2648
9277	7771
19533	1848
17556	11285
8206	2454
9181	13241
1328	16327
11761	15397
13139	14916
411	11754
17842	18158
5354	1497
3777	9154
9509	8757
17853	5366
6410	14469
16721	4764
6707	7950
14881	14068
1650	19193
7592	1111
13869	500
4754	6613
16076	5306
1248	309
14203	10952
18961	4938
4103	6969
15327	13311
820	10939
14396	18210
5147	4933
19762	14381
17316	9319
16176	2999
7595	7325
5703	8778
3361	806
16382	4713
4601	18332
15661	12367
4048	3276
19329	16019
2319	3782
11934	911
5816	15991
3287	10284
18593	3317
905	3343
4445	19236
1905	15662
11605	4986
2155	3230
5328	3304
9686	8002
398	19075
7528	13745
19368	2351
1112	15852
11514	17209
17178	2020
4800	8113
19638	3990
15296	10532
316	4277
17252	15026
3733	10655
5677	16222
5362	7353
12354	16848
1736	11011
3363	845
2932	15072
14949	2489
18736	4200
12013	2064
2678	2158
12547	3831
1026	9363
1108	1408
19703	5128
11020	3764
2773	4274
19640	4145
669	9645
15917	4487
19311	2175
15523	6795
13858	15447
5646	12169
5285	10509
15776	15168
15407	11323
1194	10206
2798	16576
3923	16936
3205	5976
19725	13435
18531	8069
17051	8905
18787	17499
5164	19563
10691	19539
10346	19616
2421	5334
12997	2605
12280	16290
3914	9280
2240	2503
13297	7200
959	14723
13574	19000
7014	8582
6779	11979
2430	11376
8324	15638
16669	4396
1071	8499
5214	9414
6116	17177
1839	11027
15182	19575
1513	132
7936	2256
10068	18726
14831	4770
13313	2230
11718	8910
914	12991
16224	7556
4632	9958
13101	6731
8878	4017
2139	11113
16419	10805
15295	15271
3670	19359
3115	11398
865	8802
856	14705
18310	8990
16210	2207
13483	4631
10600	311
3655	3038
12449	4544
14657	15987
11422	7273
14195	8704
16537	6745
3431	994
406	6418
10699	6891
1572	15546
14651	15007
4867	17598
4797	2563
12661	18520
12261	4623
12318	19485
5310	14782
15436	14919
14574	843
9259	1424
15700	9422
6979	5924
7748	13971
4138	16041
6272	9665
6128	15388
632	491
19332	12648
733	4365
573	427
16930	3777
15701	2936
12147	18478
2485	9264
1674	14436
13840	5884
6640	6755
9615	18469
4533	5475
129	18064
5497	3517
19543	121
2050	11735
12469	17650
6230	18305
14080	14597
17633	10438
11893	8966
4585	3152
16644	11100
15928	5434
3552	78
10729	18254
9971	7393
8643	4532
7900	14510
7738	162
13578	8168
9535	19437
16304	1544
4060	9024
12262	10114
12083	5715
3703	5775
17085	4679
11176	13620
19112	16714
3898	10280
1049	5748
10065	14143
13831	5620
16773	19237
3220	4112
1585	16313
16882	476
7600	9052
18590	10442
12679	4249
10369	9034
2292	14629
7136	12959
397	7821
14416	3737
15645	928
15500	16961
13629	4898
9791	7256
19555	19531
17935	18997
10222	6712
1251	13822
1318	9943
512	19034
11189	17028
18536	9736
16547	4703
10668	13675
17265	19421
17602	13413
15721	10405
15228	17646
6301	12504
597	12246
14079	16821
11982	16104
6044	15821
7565	3209
18167	6232
6527	587
8850	17516
5204	11175
2458	16133
6837	6639
7162	4773
18848	15167
7869	10822
15857	7477
9044	6133
15553	13955
18259	19307
17476	3110
16203	19298
18181	18410
15520	16260
9503	4025
13601	16519
4994	19229
19396	8923
11549	10417
10599	19050
8716	10385
14604	531
3518	14505
8530	5822
16078	5693
4172	15220
10803	16544
6767	9137
13194	12490
4412	6796
10726	4132
3069	12994
12381	17247
5077	202
16685	18446
16250	4001
1072	11514
7214	487
848	1906
15839	18898
13027	1026
18846	16874
12308	9855
1433	15637
11345	8926
14925	6063
9366	12354
4725	15461
9539	9550
6464	19208
18451	10178
17385	3728
9355	8152
13597	12126
14521	19530
6138	17720
10865	7257
3986	13257
11384	5793
13616	8691
3437	17253
12898	8552
6414	5045
11796	5671
11226	14029
15444	7753
729	5400
16475	6498
9954	14067
4413	1233
3669	12690
12115	16491
16576	8309
11162	5383
4486	12090
3123	3643
3583	11981
11619	8486
16994	4352
7644	6643
17914	1069
216	14409
8908	14358
2556	2333
10059	11934
5489	4776
15023	14588
3610	4864
17862	7717
7706	18558
4419	14945
13789	12620
7204	19202
14058	14712
10167	16478
2833	5318
17122	4475
1214	12212
17893	7160
19108	6788
15829	2261
2409	5994
4246	18869
7853	2243
12338	18162
4432	6460
364	2426
5668	790
9169	18661
927	16407
14842	7390
9486	17661
7479	4470
15009	16867
254	9583
3891	14795
4609	16514
18226	396
3640	16764
8335	9316
17982	16649
7886	5155
13149	10612
6334	6558
14027	15785
210	12063
12068	12339
7156	323
2562	16591
2237	6007
18431	15966
1615	10159
5904	2691
9746	18189
4538	9711
2753	3959
8516	8441
10624	14541
9283	19392
19660	12093
14765	7818
1943	164
33	11152
18950	18998
14989	11655
5678	4828
15336	9314
9633	4209
13802	5325
1009	4655
4581	17339
15202	12761
7168	2499
17835	5317
10189	3787
720	12605
14110	19242
12352	12954
18423	15848
11559	15479
14003	16198
2359	8609
16346	9663
11224	11325
8434	7698
8050	2461
2614	17228
4916	18958
16814	1672
15185	8957
12155	2796
16710	553
2625	14893
7494	3785
19081	3342
11263	13540
2065	3741
6228	6139
12820	17388
1679	15575
11328	6904
19130	10
13511	16448
17219	13644
14327	19113
4293	16467
642	15994
13008	9981
1105	10578
10440	10080
2477	17994
6003	5140
2341	11328
5121	15121
10101	8027
17877	11634
7656	19055
3649	8244
17358	9208
17739	16128
17177	2698
18775	18673
4514	15947
8369	16960
441	17402
14271	16534
13708	17025
15169	14843
655	280
13436	13511
15704	19706
6400	7381
9761	4924
6051	11021
11790	10567
8192	3747
