1500
12379	386
10604	17153
19472	5856
19610	2975
2884	194
1358	13146
17105	5961
13076	3525
3061	17483
3661	10197
450	4599
5663	5718
4437	17769
360	16805
7691	7872
12820	3929
6182	7959
8484	2108
14600	9303
12965	10879
920	18563
16894	10394
19540	19484
1494	15794
18398	15588
17896	14001
17692	2969
3277	13097
1656	5861
1726	12835
7216	19612
9190	18526
11863	12513
2258	16976
11438	19718
7150	2845
8313	19656
4386	17028
18556	2543
14975	14030
6314	1527
1706	14186
8672	4556
78	19079
15810	14536
3405	16774
13240	14395
14781	18799
4178	12995
13924	18691
5753	6494
12352	2660
18158	14077
6430	16122
18911	2153
17594	2014
5540	15022
13393	5575
7049	16762
8749	13427
19269	17544
1675	19953
10109	16169
19556	4972
11070	6379
13794	7968
7864	19659
17678	1055
3118	3666
8303	19958
10748	11900
7911	7477
12345	18883
9853	5482
15135	18656
12135	15617
1677	2013
13192	2237
7317	15668
14208	3374
1649	7999
5781	8065
17076	15007
11235	11791
17447	18808
8412	17252
15417	17610
10080	4826
661	98
3206	16470
18464	9334
8444	17444
19056	1
4314	9038
11531	13148
1478	10119
11321	5928
11025	7526
7423	17422
12258	11817
12694	4218
11484	7652
15833	15167
13210	17520
3711	14321
11212	12640
7510	5005
7385	4126
16879	17190
2743	11227
5051	7518
8618	11706
6551	10418
19355	7231
16465	12664
14722	3220
16831	10888
2849	18688
3631	9013
18360	6107
17176	6662
13066	11477
6805	8481
15674	11915
14571	7480
9393	14748
10841	5280
15078	8345
13891	14080
18099	6134
17108	13592
12177	3806
17924	13346
10039	6382
3287	3826
842	12908
2680	2412
3732	1443
19618	16538
13870	13279
15873	499
16502	15554
19559	19038
13767	11052
9005	1717
13216	12940
6232	18325
18865	1502
5461	15929
12948	18509
15595	19803
9034	19367
11005	6706
14548	15214
7352	5974
13564	15797
9844	8009
7480	7835
5703	10604
13868	19026
351	2317
2542	1789
1625	19962
713	18025
18106	16684
7735	4852
8418	2443
16136	9064
4166	19626
14291	12515
15320	5582
7747	4284
10982	10858
6719	4622
6589	5331
5718	8895
5902	10925
4528	765
4113	16198
12716	1666
81	7288
7814	3610
948	10323
14588	12468
9366	16917
14821	5681
8824	10746
8772	5668
1628	19963
6936	18875
4341	17836
137	18384
18989	12896
17863	17494
14117	10515
1540	18689
11151	6972
15590	17251
17402	15511
16175	10439
500	8308
4175	8507
7288	7037
8866	13759
5649	18781
2679	5257
13121	7553
6306	16151
13799	9804
10370	10609
11879	9948
18813	5462
1617	1404
13019	1631
7294	877
18164	11677
17939	7507
2065	10487
9128	4750
3226	33
18627	10222
2828	11188
7301	11637
15264	13952
2666	11737
14733	13391
3755	8721
927	8606
513	4635
16895	6606
4368	3567
17625	7243
6242	11667
5314	10518
4783	13237
17861	2023
4587	82
18987	18748
18649	10122
8369	3070
10446	74
9979	10607
10654	18642
4110	1655
13126	11658
11420	845
11228	12863
3147	11517
8983	16720
4580	5520
11506	2949
8833	14756
16627	14171
13402	16295
14991	2100
19606	10630
6994	1161
10337	2838
5375	19723
9699	12335
3678	17020
15662	16566
1864	17198
8917	1185
16102	16461
9465	17505
11074	7922
3493	5604
18421	7379
15251	12338
9723	785
7458	8382
1233	5653
9434	9752
3256	17550
3390	9695
4189	149
5850	7347
36	11618
19565	14875
7370	13493
4743	5842
2417	11954
11989	13352
12646	6882
3171	12015
496	17847
14325	3256
1547	11410
11795	18133
1027	2743
18174	670
16475	4065
8243	11287
12796	18041
17378	3262
12202	7340
7131	4428
10424	5302
18495	12489
6716	11575
12190	12527
5242	5949
18334	12270
14196	11262
15256	19277
1211	214
16007	13860
1770	8351
2452	5750
12714	15809
16740	19971
9212	15970
14772	16779
6731	19433
7990	1719
16387	13079
5665	8951
11610	7266
14020	19477
12641	958
9735	18072
15122	6633
4805	18641
3082	10189
5754	6039
16353	19121
10667	14603
8321	13887
2421	4758
14554	11727
6646	18336
11356	830
1208	4663
10832	6632
4803	14652
16076	19750
17626	14109
14351	8699
6240	9289
14970	6449
10096	5407
10003	15170
9944	17302
10556	11424
17847	8359
10715	17519
1083	11430
14562	15124
1480	12793
18093	18939
2249	19525
1623	4948
1186	451
17910	2850
10908	14299
9867	7683
2175	4744
3868	11781
16888	5261
16785	3561
7816	2370
18327	2907
16581	19983
908	4231
8090	5847
14100	18412
9439	13722
14396	4008
11736	7964
14460	867
1362	2415
7560	7188
9675	6192
3039	16478
2115	1551
9604	840
4873	7031
6321	3651
14235	18495
17293	10217
6714	5473
1146	11097
18530	3318
9417	12931
6247	18811
9495	17632
5970	14791
1416	14377
10297	1329
11362	14512
16429	7289
12142	2409
726	6400
1534	8465
18460	18912
11581	17886
10515	988
2227	610
5522	9576
7959	3659
5107	19362
10738	10064
7486	1812
12294	207
4775	16434
9797	9271
10753	12531
3797	5831
16957	17988
3640	6912
2767	12073
7354	8959
5471	17535
8343	735
19514	6395
5216	18796
3560	5909
5353	17191
17490	10743
16986	19793
1349	15602
6464	5130
17203	964
7219	5625
11466	11443
10586	14035
17115	6711
10876	9517
1736	1132
9501	3855
7154	18696
12522	4966
6446	3383
16451	17713
2080	8112
5699	5025
5450	1058
5989	4983
18652	19542
5301	17636
11552	10882
12166	1244
18676	1868
10284	6399
4421	13458
4992	13351
18209	13253
114	5801
18743	258
9323	14711
4647	14920
19140	10330
6572	6472
16261	15158
7182	6754
2861	1350
12091	11245
2684	13761
12073	2302
18186	5148
8353	3932
8968	14062
9651	4320
2466	117
4773	6497
13152	8656
19025	9503
9654	17031
2143	14657
964	1338
6760	11784
11387	2831
14262	4956
4942	15459
11197	4912
13332	18712
8501	594
19271	17830
6056	14510
17289	15774
7830	4016
9617	10259
5158	10563
3383	1552
18493	12408
1641	6949
14049	7794
19178	14039
6399	17883
7681	13056
6418	8916
5634	19705
1664	10441
17312	2117
5784	7349
18251	2808
836	6926
5923	19668
10061	721
15076	10055
19481	16555
795	2921
17455	15563
7312	9390
4413	9754
10376	18736
3012	9614
12019	12984
13341	3180
17964	4044
1786	17171
7111	19688
6031	18213
11513	19665
1265	13779
19342	163
6837	19196
1911	15971
14248	2812
10447	17385
3297	17568
17123	4842
15068	16982
5855	3301
11333	3327
3618	16226
2959	3492
9300	8953
16117	17545
5198	17957
6387	15904
12559	11655
663	8710
15283	10249
8397	16090
3550	15312
11174	10008
6239	10931
8351	2405
18103	6186
12070	2295
8379	11385
19525	17760
6088	6082
16256	10455
6406	19409
17558	19137
12658	11633
642	5459
12185	8434
6891	5206
11768	11304
17384	16463
1624	1176
18521	12398
16555	18104
16434	19224
10295	18507
6890	13078
2510	4574
15357	12399
4980	11630
13221	18654
2503	18956
8898	16863
2620	17156
6116	10690
12347	12038
1519	13210
9251	10817
15941	9942
2773	5769
11794	878
18769	8725
9102	1274
3750	3559
4973	17665
6627	18887
191	10343
1886	9676
19107	12156
5854	9993
4503	9471
9613	16344
6442	19858
13118	1395
8588	8533
15352	13990
2941	12077
6841	2143
6169	10262
4080	17692
8936	16061
8879	2996
18764	9770
5577	16500
8202	12676
16918	10459
13015	15500
7441	6224
14937	12287
1328	10046
17540	1114
14113	7156
12376	2731
8099	16531
2727	13331
8344	1907
14935	7186
14779	15325
10066	6751
13160	10736
15503	5157
18621	318
10054	9354
13107	12913
8282	4150
15649	17777
2180	16287
10843	458
1442	15064
17065	4242
2913	16721
19465	13769
13251	14958
6101	5546
1985	7749
12877	205
6171	1518
15798	10956
13357	15509
8389	10865
18921	6097
18406	10819
15309	4025
716	14265
12835	1064
10827	3771
13239	13386
4374	934
6401	533
4801	7291
11350	4775
18309	1040
19214	17470
2875	1874
18869	7492
18650	5772
8156	19824
8245	13794
7992	956
3709	19557
3060	14945
12370	3624
6574	663
5837	19879
5729	13149
776	8217
5065	681
806	16306
9502	15661
10507	1982
7784	9066
7893	2945
8420	8106
9630	5169
18605	18378
4281	15160
12422	16277
3350	6022
11915	1349
2723	6353
3798	8865
6409	11807
11763	17074
6671	14795
697	5919
8622	17197
2287	12492
17214	16690
12222	9887
6681	829
3813	12914
3781	10505
10445	10893
16421	8090
10815	5882
3509	18678
5032	11438
4034	4790
19268	1164
11814	19575
6055	7060
7643	7200
16203	7450
15432	12552
16230	15670
6456	14779
9939	12487
10490	6675
18387	13304
3080	4778
16865	15465
5575	18765
4825	18770
3200	11258
12679	18521
13936	19192
9133	15397
10042	7765
4184	6927
15724	13913
12104	18005
14271	4540
18551	8458
2588	17142
15661	18119
11528	16734
14796	11292
12344	19966
12162	249
12318	11231
3646	4351
6954	3841
10607	8859
19000	19771
10690	10544
18047	16227
7036	19562
3706	8647
18957	1675
10487	5828
14798	10856
16647	18399
401	10302
5302	8633
8381	940
18518	11711
16709	8708
6814	9462
11386	8573
12426	12278
4879	12057
5701	6172
427	7843
12317	4079
19036	4854
5312	2657
4074	3863
4736	1983
10757	8539
10751	9436
5263	16669
3857	9778
13102	18334
3484	11281
16909	1530
12845	19169
17743	3157
8639	19918
16771	12093
3406	12781
9524	16142
12774	18142
19180	14219
17589	2416
11121	16053
19184	17201
6147	13410
14886	7099
14809	17284
4920	16251
11069	6513
10909	8897
7900	15882
3438	18357
17484	1668
16972	2930
8685	13170
3181	4142
7915	16009
7609	5430
454	16272
14971	11242
8028	17746
15398	17870
6465	6047
2931	18487
10116	5711
11748	18400
2329	3844
648	12811
16743	3700
5402	12828
59	9125
3621	2836
14167	14799
8405	9235
19152	19425
14614	18942
8704	4541
11514	5904
3033	1866
8878	19830
19052	8992
10513	18709
4430	15848
17735	2453
15394	6827
5449	17599
10178	9920
2716	13262
6563	12465
19294	11479
5534	12510
9926	11375
2506	17601
10835	6848
4839	1271
15333	19370
7465	3888
4444	19910
18145	18280
7916	1105
6928	2208
1148	15039
846	13216
1015	19271
5196	1292
11123	2636
9111	321
18144	12386
13912	13396
8938	15927
7610	4230
14636	6802
8902	11063
1453	6613
3845	12484
16448	1598
1573	14628
18716	9530
15760	1560
10365	7420
1565	8560
11288	13514
8985	9756
370	1946
10198	4759
18030	17179
10410	19249
6948	15816
11998	12103
16770	9153
12126	6112
9298	10584
6289	15537
12695	14728
4307	6906
9810	17365
1761	15131
15401	8840
4294	9179
11815	19195
15677	7334
11510	10543
8013	19375
7771	445
872	17408
11219	10014
17002	18925
16557	5278
13012	14484
7623	3961
3849	4985
858	13319
8816	17737
5676	15534
7323	3438
672	9707
13758	7144
1315	13928
827	15027
18763	10163
18876	8641
10569	9981
9385	17119
15994	18793
6152	3498
2208	5661
14041	6596
6271	15600
13171	14743
1605	5741
10303	7440
16960	10926
17891	2160
1	627
14563	13182
11658	2327
2843	5273
11140	18880
12975	17708
6789	12624
10762	5518
14303	10047
4832	5573
6654	14498
64	7651
4763	9828
7109	13512
706	3169
9108	11832
4665	19726
8337	8692
1033	3461
14795	7616
2252	5532
69	13189
6091	379
9060	7297
19492	16159
18818	11729
1525	848
8016	9845
17067	1146
18171	18965
5889	8514
1497	651
2190	8712
2753	9251
10849	11846
15491	5589
17927	1590
15693	15580
7844	9823
10573	13850
10264	5421
2522	7600
16569	15544
7608	12962
12275	15218
8930	8872
16009	14217
5832	982
17740	18497
2440	3221
11082	8121
10853	2017
4960	16700
8845	14165
14027	17144
547	3684
7466	11593
3699	10998
727	4813
14594	15676
3049	5040
19163	8592
7986	15455
15669	12775
3565	8064
18998	5646
8274	15137
18423	14013
5351	5028
11627	6641
10091	15113
6999	12653
15157	7644
8477	15853
12767	7143
15846	15000
3663	14371
16728	7496
13091	383
19394	16321
760	9000
8060	4587
12523	15389
5482	972
14859	10253
14360	12902
963	10528
18074	16519
11804	11691
5021	6397
5191	11696
6346	7648
7511	3252
8875	2348
12148	655
19387	3730
8485	18351
5772	5094
14787	19936
18135	18340
11242	295
9697	3896
16430	609
9455	10722
13133	14398
14306	6199
13620	8869
14168	315
2427	3669
11532	3428
7572	13388
1354	13537
9859	14529
13958	12115
8097	12369
11163	15066
10503	2889
6791	16413
8058	13985
16864	12448
5909	15307
16401	8079
18934	10141
13235	15225
4952	1018
7759	18231
14689	3369
3075	19160
8562	14860
6021	2967
12909	1073
4624	11338
3176	12803
16708	12805
17925	15711
2303	2654
16329	13169
12369	1777
13997	6615
952	9549
14635	17638
19063	6505
13051	8257
10416	5230
208	19762
8743	5426
747	17543
16750	1289
18450	1157
3721	2335
15973	1463
2720	4632
17401	4047
1389	8024
17958	15246
16744	15610
9754	6437
17489	2047
15241	17899
5426	8183
4847	11028
16907	1149
9715	9194
3107	5990
1064	5086
16958	1846
16718	18511
11901	6345
11231	5183
16848	4824
14179	17039
18265	9342
2863	9911
1997	3906
6187	8523
1815	6290
12876	17975
5014	8325
9991	12815
14442	6722
17579	4195
10758	9757
12654	8534
13141	15672
9607	13705
13843	17103
8112	5390
10885	8419
19071	8324
7636	18922
10554	5999
13617	13472
19590	16490
14976	17175
17435	17055
11664	1196
589	15433
19471	14553
127	11827
4131	2778
10588	13986
18294	16043
11085	3298
5359	6487
14774	9473
11965	18792
2779	1910
7766	16527
2195	13824
12890	12347
13038	8130
17855	769
13550	1389
11452	11798
6102	8241
11482	19401
11715	1574
5610	4271
435	7051
5443	6407
14718	9479
10458	15079
16054	9966
849	587
16733	12615
10733	5269
3305	5265
7901	9237
7409	10237
5506	6409
5944	4519
11145	17852
6610	17997
2170	18967
1943	19140
1437	3506
11994	18175
11677	8273
13587	133
10239	8567
2337	1368
10888	12042
19142	19053
2898	17914
15522	1960
7946	6886
13948	19694
19407	17828
4841	14206
3137	19015
19404	18634
15952	5704
4711	3845
15311	11916
7375	9429
14997	14220
9198	538
18446	6773
15103	2851
6588	13702
11433	3419
17511	4137
9837	16148
13902	3801
4582	13610
624	14747
12841	19246
8737	152
16196	4727
2238	12425
9902	10236
1528	7801
10683	4510
19289	2226
3098	49
15080	1367
2002	2690
8141	11984
15965	13022
15527	11623
2629	4476
18298	11930
17603	2481
15735	3188
378	10642
161	4735
1470	13385
13884	18518
5616	17306
1405	9395
13454	1608
14481	14073
16575	9599
5178	13247
7329	16453
5953	7108
916	2769
146	18824
11522	10170
8206	7650
14118	17602
14843	12237
14275	10425
159	824
16847	3683
11171	4728
9412	19044
16499	18668
11290	2548
11261	10466
17802	13139
11832	1013
517	9313
17957	13430
14735	9
12930	11135
14710	4872
7764	6275
11103	5884
13275	19040
8609	3148
13849	6423
3395	18306
10996	12269
19146	4866
11798	15795
4379	11883
9569	680
13633	6282
6227	19316
12793	16428
3066	3364
14742	9233
13052	10143
13911	15787
1353	19689
10623	2788
4809	14575
8059	7698
97	933
13498	2741
19585	1017
16513	12737
2813	6460
134	14318
4217	292
6631	7240
18549	9836
18393	724
7637	9238
4475	11377
16446	17220
14280	7125
6111	8270
7587	13494
9183	5159
1104	3278
2839	11108
6957	758
11073	5816
10279	17282
15526	10351
9694	8287
10338	17980
17189	17622
6505	14924
6596	9403
8394	2762
1073	19631
6015	18492
13342	10976
2966	14594
8387	15051
4146	16236
8699	12636
17224	3194
12010	10185
694	2828
14515	16044
2308	15841
9430	18159
13719	18780
6385	14394
5720	9060
12563	15101
8982	3471
17036	13755
3922	19835
12260	4163
5089	10105
609	8965
9278	552
9981	4096
16607	7678
11224	5692
16010	10024
19457	7757
1707	5843
5428	18986
12075	453
12289	1392
2977	13190
7027	11963
13518	18337
1606	16833
14690	19377
17898	17533
19440	4387
1846	12051
9383	17438
18615	19285
11342	1764
365	18506
10385	9209
17114	10599
15582	19379
19093	9288
17128	8500
13060	11557
12819	455
10465	2467
8364	18269
1067	4996
9551	15569
4118	13563
19584	13379
13228	8918
15488	8572
16321	16942
17190	726
4333	5743
6909	10716
1880	2071
17396	4752
14135	8537
13017	8590
10685	6255
18065	4646
10207	11967
16406	16689
12245	14952
18079	2090
11568	10777
8563	6799
14045	955
472	8881
16792	5272
6435	19674
7246	14497
3191	12534
11404	19154
5004	5387
3245	15592
1979	17631
17331	8213
10407	8876
1455	17838
245	12545
3751	10619
8211	16253
14300	17187
12111	15030
12693	11820
18746	801
10737	59
9586	8970
11837	4878
15250	13468
19453	11624
13572	18484
4344	517
12572	4381
7628	4235
10710	16022
13385	17420
198	15778
447	16813
14214	6852
11985	19307
1966	1140
17799	15963
14401	4658
7405	15925
4173	2099
12644	10192
7079	17938
18761	7275
13165	16540
3820	2061
380	783
11793	18276
52	11588
4579	12998
3166	7763
3133	2593
4884	15838
3722	13490
682	12498
13889	7120
1169	1320
18427	18754
16989	847
10323	7129
4759	591
14012	986
4720	14353
7369	1388
16296	11604
10995	5084
8822	12034
19302	3421
18422	17421
13026	19593
16299	14889
13524	3519
6108	17100
4950	5545
9373	14882
10777	16088
19652	10537
13447	10983
5566	18453
739	9077
10913	5311
17502	18906
17504	5056
17747	11763
12660	12068
19517	9841
13670	4705
8421	1478
1545	19804
3311	3494
5146	1312
13220	14060
4260	19071
7936	9050
4331	10950
17056	19811
3041	18332
10734	11722
17258	19970
7854	14911
14086	3831
6943	10225
13745	17641
5578	8005
17323	16352
14655	8151
16850	14630
7461	15125
13079	14719
5128	5187
15167	4206
10252	14056
7449	14054
15092	9648
14089	8477
8111	2983
863	10894
6120	12886
5184	3811
14953	9725
14295	1145
8330	5737
4238	4532
12114	5952
5472	11312
2520	691
9046	4292
4626	1534
17472	4366
11248	15161
1359	5138
15355	9604
13043	9494
17919	17994
16642	10388
4434	13339
3675	1897
9764	11536
3444	18246
11050	690
3216	14847
5113	158
2093	17464
18657	5451
1747	1545
2316	5335
3230	16374
16886	6923
7792	18752
14723	11039
12061	17557
1699	11351
3952	9102
870	3848
16948	13658
1508	6404
11018	1474
5963	8501
4458	19679
