7500
19259	9677
17229	5179
13363	2181
12087	14226
3721	17388
16995	3156
3682	2005
9170	4204
17007	19041
11908	10670
18379	10817
9634	15565
18246	9168
8431	5950
2467	762
15248	14121
6652	11305
6961	5797
9039	12353
18406	18286
8803	16763
1221	17900
3800	9892
16406	4811
17512	13094
11706	6938
912	15372
4319	17455
18884	6917
16834	13112
1607	6180
12233	19316
5095	12179
13025	17888
18312	5495
715	14523
5858	9941
7718	18270
8698	13981
2719	2568
19189	208
14137	1108
8367	11879
17722	566
18248	16818
10862	11449
7649	144
14832	12417
9015	2748
8606	315
3051	10357
4779	506
1220	18455
15582	15783
2589	4372
15124	14224
13868	14540
8237	11483
16355	16239
18833	19188
9332	3751
18172	12047
18526	10048
84	1205
8349	17992
18772	15068
5133	14054
11960	16889
10433	5551
4528	1276
16106	18296
12527	9186
1054	6016
8912	15674
6122	7714
9478	3719
16685	4058
5850	11193
18306	5318
12259	3341
13041	453
5557	13736
15389	15989
7324	12074
14938	6909
11856	16009
8374	13536
5023	8050
6986	19128
7841	10306
19365	16943
1727	11424
7907	8552
14922	18129
17053	11492
3079	12165
2431	11762
2671	9766
15879	4446
4549	7742
13097	6910
4116	805
12870	6538
4089	564
13840	672
18918	8339
11307	14051
9018	14796
16327	15468
13070	13612
3123	499
16102	17864
15746	9653
2348	15435
7364	17326
4412	11820
14444	11001
16337	7715
16805	970
1463	11263
3976	9988
18297	8986
9035	12099
16649	8634
13829	10206
2729	19520
14149	1024
13115	4197
17126	10386
18229	17021
12878	13574
13036	13329
15535	1291
6891	18019
19227	12338
4881	6956
17240	14856
13563	15694
6388	3469
18212	13441
623	3064
9878	2462
7577	5634
39	10031
6877	14644
8886	16472
13579	11620
4794	6053
3235	1797
16052	14569
16887	15833
15646	7607
16278	2165
865	4646
8678	3195
6232	13636
5974	16570
8055	12513
12769	11573
17178	12381
4324	1756
18140	7172
15898	12892
14029	10442
30	11540
9988	15856
17697	6183
8457	17075
6626	10749
19337	13516
1509	7752
18746	17827
9824	2745
1898	5441
2006	4981
4555	8527
16422	15988
17324	17806
13994	5747
7875	12561
5333	1249
2759	13955
7579	11775
5441	10561
2963	2842
11583	14578
6168	11204
575	12163
5932	4517
8121	4502
639	2629
15228	5125
10257	4523
10688	8326
10332	18307
4813	10364
6015	930
6470	14385
9209	4048
3494	7511
7043	5219
12103	12870
11647	18317
3867	8097
458	16566
11431	3380
12788	2256
6263	15963
3664	1228
10860	12467
11234	16163
18688	1259
2499	15422
3988	10227
5748	13751
6912	7830
18028	6576
1493	13168
16658	12989
14729	7876
7385	14169
16356	10887
7691	11195
5166	6506
17349	1869
9429	8185
1814	6984
11734	3672
15947	3090
13488	9378
8072	1712
19038	10612
4288	15141
7403	3249
9320	4754
9562	2044
6079	13608
13410	9130
6087	16457
9524	6929
1216	17010
10527	2168
1935	6564
15042	3170
13032	4153
15215	10549
1934	4258
8521	19552
4787	17689
11435	3873
1144	16405
19201	2105
6317	3753
2160	16664
13419	5026
18555	1201
5669	6041
3108	1245
4454	1598
5910	16862
18916	18590
2797	9574
7640	17198
7214	14472
1372	4613
3662	8813
6001	5502
17065	9330
16167	15050
10814	4327
3733	9083
13557	15118
8645	12337
6488	7176
4133	5295
7449	13843
6171	1400
9202	9138
12034	12189
16575	10878
12415	18023
1040	13797
6429	12903
9705	18910
6386	1077
6771	10405
16661	6855
12651	5620
8993	15667
595	1662
10997	369
5376	4739
4880	7579
5421	9174
2398	7573
5648	12113
5682	4543
9025	8093
16046	16888
873	7219
17192	9786
16617	11058
7431	7762
15348	8296
12332	17502
15976	12376
18566	11054
8882	19114
2717	15301
17218	7473
8916	7541
18489	12629
12561	13130
395	5400
11938	13933
13854	18440
7929	16731
17542	677
9460	10502
15384	5460
18765	12630
7443	6084
8362	1547
9860	6228
15969	17937
9954	15015
13564	14079
7689	13954
1056	2306
1736	7401
19060	13459
546	14118
14564	3259
1899	5060
17059	15993
17937	6353
12820	17926
413	17819
16191	13334
3457	14574
15385	9241
9125	6326
2612	3761
5104	16424
907	583
13728	17633
2756	18059
16242	6535
8599	16047
10887	2224
16468	15490
8301	11272
8173	18446
6752	3348
2229	17235
14364	8199
18292	15116
14917	14289
7423	4874
14692	1631
11540	11160
14158	18772
7014	12655
466	11867
8327	12388
3777	14902
1639	4055
13088	7257
7296	10719
11914	4389
13731	13970
14129	3662
2145	11904
7432	7565
3379	7146
11481	18825
354	11154
16928	3939
1807	6239
5983	6288
10575	4028
14604	146
6359	9605
8752	8338
8954	18430
1806	15788
13761	2212
3191	13888
9595	9197
5824	11562
5247	11256
18626	3337
5335	7826
880	16100
13008	1029
18937	8927
12106	4561
4513	3122
3201	2577
4771	10838
4962	17634
51	15202
12102	6255
19120	18884
12412	18973
11736	3363
4252	5020
1830	7737
19071	17942
18515	5280
9139	2186
12811	866
8319	5543
3586	5712
7330	6223
13837	47
828	12025
11620	19389
4121	12598
3249	3235
411	6788
14094	6861
6262	5408
8048	12295
17176	13995
8807	4791
3116	13967
11848	3230
18911	9132
18610	8080
18720	6793
5558	4462
13507	6364
15347	17009
18609	5823
15407	19474
4209	4986
5408	4707
10879	15208
4111	222
18591	4757
586	3300
18220	699
13444	11977
5867	18541
2730	5104
14974	2671
4407	14046
6455	19216
5691	11615
16999	4115
16729	12323
9817	12486
3298	10409
11093	157
537	14493
17731	18297
14317	15021
3000	9955
110	19199
3478	5370
2666	457
14361	16350
7169	13633
15364	16496
19323	18555
3913	11932
2224	19117
8033	16056
4019	339
10494	11521
59	5432
9224	4910
8396	6405
17414	61
8630	12164
8709	8914
10761	19294
15734	10263
16881	13748
7085	10627
18960	9770
10030	5022
15036	3522
11022	15344
18324	16296
10430	12483
10790	9519
5482	12475
15331	6173
13660	14601
353	1681
4739	13670
8383	4325
7781	17940
12061	16470
15900	10071
9891	7292
12004	11388
15545	3874
19100	4469
7206	14160
17445	5748
1757	11402
14338	13940
14211	4650
12009	5986
4487	18135
19173	14034
14951	7223
4106	18227
620	8715
10738	9901
12194	2047
11081	4081
4401	4149
9630	14497
6251	5346
8719	19072
11491	5702
433	11507
2831	4013
271	15448
1647	14712
12432	8812
11184	12988
15473	13135
14966	4405
4498	9171
2705	1947
8427	16623
12982	1085
7381	12259
13939	8898
13493	4975
8032	6893
3357	10436
19336	7203
6460	8990
2863	8410
2878	19010
12253	3624
6619	17062
9251	12690
11335	18681
1310	16772
17526	11152
16693	10908
4011	585
3389	9916
16632	1186
8728	914
5917	10847
495	3225
3198	19286
553	138
5031	17912
17625	6263
11024	14798
18198	6443
7708	16983
13004	12823
7572	9796
14706	15263
9652	4892
18927	7463
1567	2755
15069	9213
19202	7487
5549	13080
16927	615
14432	4431
13551	17190
10347	12765
8156	13504
3739	14995
378	9161
18862	444
5070	12344
15673	4404
5892	16770
2074	19522
7236	1467
7025	13732
16089	17156
3142	1939
3981	1571
16876	9073
10064	10365
13437	11136
5319	11235
255	106
10641	8883
18547	4237
9034	18069
11816	650
2023	8589
10477	9356
9100	18473
12213	11207
15633	17229
1093	32
2098	10770
3474	19416
12153	14539
15570	10967
11075	12028
5293	2790
2357	12907
13673	15358
406	2812
19219	12434
12292	13487
6178	19271
16345	10760
18666	8451
15503	7516
10093	1572
11817	12379
10920	14876
16430	6665
6104	6578
5381	7152
14662	186
426	13824
13696	1370
7512	17781
6383	14280
12830	236
9937	1333
3616	13408
12958	13926
16014	10981
1915	4520
14945	6845
147	13802
12950	2442
10992	11539
11337	10100
710	14220
10396	4157
7662	4236
15311	7063
3231	12162
8789	3956
18021	860
2361	15024
19200	5583
14807	6527
4593	8258
11921	5343
939	51
12049	10694
17166	7052
12401	10566
8056	15101
790	8440
4714	5433
16640	5920
289	15661
5244	251
18966	15380
12888	15461
12874	3687
3603	10802
11359	12717
6100	14266
2189	17623
2652	6634
18215	8772
11864	3083
15336	17306
9836	3051
8541	12687
18957	3932
7474	19032
1774	12874
12470	18968
15258	13541
16985	14074
189	7598
2653	13009
13720	12972
3920	7537
5433	2630
601	5665
16312	11845
14666	13972
10013	283
11755	2211
4679	1637
8106	5804
525	3928
4874	1061
3607	18136
199	13175
3805	6880
4797	14389
17777	16238
13319	4607
12656	3804
14195	7127
7773	17824
4543	11247
9052	4482
959	11213
7152	17091
6691	16920
14022	1089
13608	7381
8547	10208
13625	7805
15071	10368
3092	9530
15912	3431
13729	3700
4415	13911
10382	19565
11346	836
15674	14690
9551	2127
2211	10608
1020	817
2011	931
6002	19228
3355	5166
10891	13387
6504	10298
17002	7594
14726	2994
4051	16655
14947	10299
8948	2089
15081	92
6870	18044
6328	13966
6557	1938
13874	14017
3085	12404
10069	9915
5179	10569
3097	7116
3347	6308
10061	13236
7539	3812
12198	17184
5711	18048
6830	10557
5868	12738
13613	9044
9998	3201
8236	14969
5416	6117
377	16799
7508	18459
4436	11266
13779	5828
18669	5155
12964	10930
13504	11365
2227	2955
5014	7334
14233	6692
16375	15096
7636	18325
16644	1119
16005	4259
14637	4213
9272	17304
7339	1872
11396	15831
2732	2890
472	19352
12623	2174
4807	11169
12917	5534
9175	12442
11900	14001
7722	10649
10822	2253
6981	11930
2536	5359
9586	14820
11019	18267
3005	5681
14776	8761
1391	15629
16694	4603
6496	2953
2674	7005
6784	14846
18635	15622
15786	8046
2565	15415
18448	955
14414	10083
252	9849
11339	4759
15823	3597
852	16330
5577	18670
4304	6197
16087	17837
3134	9742
8388	4340
3700	14761
2037	3692
16378	5740
932	1839
4660	19149
17228	16584
17217	3676
15637	6498
7556	8568
6934	12895
13887	5051
18403	18808
11418	7192
9262	16865
9434	2931
1965	7968
17644	7701
11680	14008
3922	8521
3699	4231
554	13352
16957	6189
11991	12768
18574	16121
14505	2897
17612	7130
9333	2236
3187	900
5637	7491
3924	9576
2787	4261
3853	7781
15168	14162
4389	19104
4646	8153
17627	14746
8691	16023
6419	10737
9507	10845
3613	9221
1352	4643
11479	17947
11245	11273
672	13172
15455	4289
7598	16603
3115	19287
8264	5749
4980	6048
14862	8948
14969	2404
3609	8703
3690	18942
16170	17483
8690	18411
16114	8842
7494	1298
2957	91
5496	13133
15938	12981
18567	4456
6458	4694
19207	8408
17136	9494
16128	16387
3429	10921
11362	16647
18107	9175
5630	15085
13645	15994
17432	11464
9748	6897
4265	5498
16895	3914
1880	16899
2693	3056
10314	7075
5495	18299
17821	11668
1758	6712
15318	14679
12593	16497
6468	10175
1676	1649
7626	13554
2995	18722
12003	9757
5357	9873
16852	2827
9708	12393
11575	10846
4825	15121
10857	6209
11911	1314
7784	17587
18569	9181
15328	6774
2948	14975
418	15489
10886	4988
16786	15626
5953	5821
4490	5491
13559	14446
7879	13783
9211	18146
977	12213
6319	13680
10260	16748
8105	7352
9447	35
18243	11774
16770	13048
5490	6165
15059	780
18257	4622
16373	17067
1381	911
4793	14320
3265	1709
13182	16778
10008	18528
4610	3660
13497	9056
2999	17290
15789	3299
10548	13215
1526	12497
1132	13731
5032	12314
14714	18561
15602	3364
2921	17129
225	2905
2257	10414
8140	17396
18085	3117
1264	5005
11825	17014
5620	11951
3653	14448
18907	1115
3043	12026
17423	5174
15290	3303
6162	18740
956	14161
4579	9173
11777	13501
9309	803
18057	9601
4313	15973
13282	14857
3136	2197
1945	4722
17786	18341
11999	16544
18428	11893
3061	3794
14970	7519
12294	9585
13519	18765
9773	14962
14485	11513
6367	177
18764	3463
17921	6854
1084	12405
7200	4897
563	13359
10684	5655
13079	15553
18276	1966
1479	466
17212	5246
12727	3657
18777	992
2045	13886
6520	8676
14041	1600
10074	17087
7816	2946
3196	11701
3963	14531
15109	14345
9821	6414
18908	11171
12763	16233
16905	19240
17966	16356
14220	14110
6872	18159
17595	139
18892	9235
1413	11895
8801	11319
18441	16933
15256	1393
7687	14465
2488	12741
12853	722
1832	16243
16137	12253
7707	2911
11255	5951
18267	4906
7151	5567
1992	15726
380	3713
18000	13446
12585	7313
3695	6504
1418	16097
7888	10578
5	15557
6506	1980
6522	19332
18095	17957
11282	10151
3291	18036
13794	17451
2669	16438
8331	19109
7821	14816
15093	8855
9805	16073
15955	611
7094	8120
6913	18321
6216	17136
7255	662
12442	9980
3027	11144
18886	5653
4630	6581
13117	18779
7974	14996
2022	2022
3703	6495
3083	3519
15611	1383
17638	17226
15202	5761
11309	18773
2470	6650
5405	14412
485	18220
42	16771
3832	16617
8181	19438
9203	2317
2002	3757
3640	671
12362	4866
15530	13078
8223	16560
6939	10438
2896	14141
9005	16026
5485	6298
544	1134
10171	3008
1032	1760
11210	15991
7881	3435
16873	6238
7299	7911
14314	10174
6790	9935
17793	18892
2059	4129
15224	16650
9411	5835
2722	15010
313	9889
8525	5769
1228	3644
6991	17949
2766	7197
13351	12377
18010	7748
3684	13219
19329	12036
16171	18329
3602	5130
18214	1957
9666	7293
2849	13092
11803	613
12185	19136
3120	5444
17607	5337
226	6215
6938	438
12815	6747
2269	4779
859	6846
13972	4876
3812	11568
14303	10463
15778	6643
4054	756
3858	1463
6274	16024
4736	12586
17585	9472
2924	3702
14541	13562
14223	3735
17335	8177
416	13179
17804	10752
13107	16396
8136	13689
15725	2857
12680	18701
6192	14737
16733	1046
12766	15603
4198	10380
13301	12416
10841	11917
8986	571
4451	8444
7712	5910
7047	5913
18878	16990
8463	5788
5801	6276
11839	16695
13090	16115
17323	16881
8197	16882
4136	11446
6779	11654
2280	10680
7963	12081
16634	13399
11698	16473
14454	6146
4124	4090
228	2737
3623	8166
10249	5078
18083	4611
4310	715
1311	10707
17502	11530
16815	1630
1044	4008
3925	17446
13438	2943
13647	18388
15171	4832
3462	2879
9061	15467
12505	8921
12456	10164
6822	8013
14410	9581
11085	16639
3986	2414
13014	13330
19149	12280
5994	11609
579	16161
18237	19407
5638	15109
9993	11756
17873	19009
18258	8065
16079	2177
11386	13068
10271	19282
4710	5818
14427	2620
7042	684
14612	16672
4086	2376
14075	13973
13833	13939
4238	18970
9842	16066
1986	16430
16768	10577
5229	11875
18905	3527
7028	19094
14589	12795
17367	584
14844	6309
7596	204
7129	15222
13473	7260
2764	4349
9850	5916
7782	13540
14366	3462
17775	9266
102	12219
17265	13891
7131	16739
4356	6851
7682	15928
6525	16874
17738	12826
9293	14982
6320	6603
15016	19514
817	12794
12610	104
19269	9229
3656	17374
11206	18421
4765	343
15250	11209
14642	8705
18657	1233
13980	17548
8619	14335
11100	7177
1114	16301
7160	17893
1261	3108
2412	10631
9700	11257
13786	12857
869	9038
9184	9008
6824	15073
467	5545
6760	8628
5987	17948
3928	7227
15910	3075
16445	7191
1625	11754
13574	14083
13426	8073
7704	10339
15874	2895
13639	3159
12723	3374
15454	8192
2355	10905
19281	10996
12828	18465
13258	5021
7946	18239
4685	5001
10428	10406
16063	4831
14105	14901
18072	975
4895	18679
17624	1844
18623	11148
5308	5542
7825	12018
2976	13610
17092	14643
13567	2852
782	17874
2483	13328
2260	17413
8658	375
1475	12539
18037	15439
7335	10663
12359	19570
13336	2954
17553	6406
5729	16086
8517	2858
12224	15480
12206	6098
4193	822
4159	11089
8210	2222
16741	4865
4735	823
1979	2239
1248	10925
11643	9969
12637	18628
1298	13553
17392	9728
7192	15916
17756	16234
3420	15402
9580	6622
9321	14414
1477	12168
11949	8218
16755	13443
16478	7896
18217	6764
5625	1190
487	42
8146	12156
19031	8075
7435	4424
6666	5981
14629	3147
607	3506
2214	2364
12923	1052
10155	9113
18998	13180
1981	10112
9071	17745
15491	9734
2432	8238
14709	15472
4315	16596
11464	6677
9827	918
15651	6729
1138	3202
4093	4183
17101	7798
16200	8892
5965	708
9230	14019
4275	11854
2327	8085
12530	5537
11405	5707
4971	16956
15905	16339
10791	5860
12449	3229
7493	11758
2082	2793
2959	18794
7060	8622
12789	10508
8274	540
12444	5365
1858	10813
5060	5901
5352	278
1976	14926
17630	6575
10598	9485
15375	13448
12293	12959
16967	18285
15832	11916
14906	11912
9267	3742
18689	16453
13530	16919
3060	9994
7334	12352
3877	10487
2226	676
10440	7294
2038	16718
15264	9305
13185	4971
3172	2640
4965	2333
44	5069
10425	4661
15040	8082
6033	6402
11394	19397
16515	16745
13255	14360
1083	9399
6281	9304
18235	13288
3570	17848
12644	16830
19222	15995
7437	4034
3577	6721
3110	4001
11143	15779
3326	7377
16535	5652
11402	7853
1150	18491
4863	1846
18723	3236
14977	12986
18203	18919
16295	14066
15688	10949
8822	18885
5016	510
1414	5476
14915	3980
9123	7045
17159	9917
14279	18855
1408	712
1299	4960
11927	10444
16845	17830
11109	18142
5938	17952
679	12293
3564	15773
16759	9976
4018	2824
7293	1211
12978	17408
6143	6203
14722	10635
3363	4885
8177	14430
6738	15062
6909	11777
14987	2331
2288	6948
8949	16494
11265	10274
649	13834
4656	9874
3510	10303
2345	1894
4359	5873
8378	17538
11404	7083
11783	11
16395	13022
10567	16451
10934	4545
1324	2587
16892	1985
9096	10519
1067	5897
7843	2702
1210	18803
9188	8906
10978	6871
8703	15731
15870	6388
9338	2262
7557	9645
15691	9665
12360	12285
4442	11123
8386	19091
14282	6573
14008	13464
13585	6240
9667	1093
7046	5299
3735	12226
17182	5486
16717	18266
5011	11472
2961	2917
2264	7937
10675	11000
7608	7542
14133	12614
11186	16251
13725	4407
4184	17466
13443	6344
4420	10443
14477	18638
3430	6733
5035	6317
18858	6825
14509	8866
711	12148
13813	212
16867	7079
9884	14701
16108	14801
13864	11296
10796	10535
3397	13305
14296	10886
18286	7895
210	18450
922	11949
7759	14745
3731	1412
18598	16504
6290	10769
4470	8954
5112	5869
11413	18070
3101	3397
14249	19131
3538	13232
8834	3760
8436	4227
4139	14415
6781	1177
6119	19314
18437	9876
13236	19464
14625	12530
5226	7855
38	10195
18721	1686
17044	19115
16988	11281
7164	4860
16418	7796
1733	11352
3906	7277
3253	16490
18925	5574
10043	862
17453	6680
3016	16484
17242	5677
4988	18416
15597	1158
13726	403
6560	1843
3330	17662
7515	16503
10639	129
11214	16105
67	14205
14354	8943
962	15091
17268	3709
9115	16120
6421	15342
4818	15371
10924	17250
11954	905
8980	2660
9717	6192
8112	6703
7588	19331
3485	17015
10117	7784
9057	12853
10109	8250
6737	16257
10075	5559
18913	8732
15765	9854
7332	2417
14555	14194
11012	17193
766	17031
14758	2546
36	19508
9273	3510
7828	19078
10752	2774
6321	6390
18986	9032
17957	6715
7343	18764
11484	16942
5822	9249
6964	16558
7969	16485
7737	3022
12230	3472
3790	1408
19378	17552
11124	834
12177	9804
1519	10147
15351	15408
7591	948
16902	17945
13805	11421
6733	5798
2154	6301
5899	4996
18336	5539
7054	12192
10394	10574
8337	111
16538	11838
5266	8924
15722	6208
3030	1983
5429	14098
14288	9782
4635	259
11756	16964
16070	9568
7059	16578
9596	9142
17878	5799
9213	16465
19305	1030
10111	19048
5258	10904
8073	16658
6371	13592
15531	4818
937	2487
14892	18866
7944	16274
8363	6300
6804	987
12890	11432
4339	15503
5567	2385
6475	16707
16795	19238
14983	17778
5249	15006
11	15771
1996	12669
12093	11855
2001	17601
1393	14864
6755	18907
5596	18181
6167	9436
11064	1724
14991	11462
9924	4578
12148	11982
484	13907
9574	16699
7421	5349
8099	4678
2466	7901
15201	12265
14489	1622
15292	178
12274	10341
13353	14717
18042	5322
9	18238
3301	9538
6918	14881
6927	625
578	15608
11167	2118
9303	6108
18180	5994
8180	10091
18747	18584
8019	3792
15836	9358
11652	4084
10503	12754
12939	13137
4868	18930
3727	6264
18778	8409
2005	4812
9027	16476
6739	13008
17471	1747
4118	16392
8350	10698
10143	16348
9903	18425
6202	2386
10973	1856
14949	13893
6423	8471
2808	14179
15575	10393
973	15227
7847	11350
5036	11988
17417	11603
10936	13372
7886	15173
13414	15033
6355	6736
2835	11921
17034	1793
5165	1200
11811	8835
7319	13140
7751	2610
10344	9714
1159	9551
4485	13343
9810	3111
924	5757
7258	19162
2241	4930
863	1092
14796	11115
15200	15962
9864	13591
1378	13649
5093	16909
16298	16386
11782	10936
18162	8415
5443	6293
10711	4243
16621	3995
1164	18721
12119	13320
566	5033
6472	18895
14059	191
1826	12392
10287	17265
6803	8610
408	11491
3164	17943
6549	4781
18333	2025
16965	897
638	7835
13085	9812
8946	5874
4809	249
6353	8859
7822	14094
15743	19120
11054	18575
11831	7280
3091	1512
16998	15590
12822	6626
6774	14808
14565	16034
16551	18562
17662	19495
6374	2681
10450	7711
14015	102
5903	12607
8401	4702
2970	16152
5741	5194
8998	1230
1328	19353
6025	7610
13936	16369
5984	12193
10269	7554
908	5089
8528	7631
3817	2552
459	8268
8814	257
3810	14290
10057	2514
10525	4645
10279	19281
815	9009
7534	15297
1182	15250
9617	17730
7406	18211
13925	8516
11564	4558
15942	17831
3206	1032
14605	1852
13321	17219
1538	18022
1178	18601
2309	4019
6065	3514
19360	9865
1283	250
9868	3785
10660	9435
19256	17263
6816	10842
969	1072
2095	11463
19213	18246
8779	7977
3071	19095
16440	10057
10894	16518
17723	15494
18893	7658
7389	8356
13866	17756
7270	3820
15502	12063
4440	13234
14621	10536
13562	4120
16833	11899
2881	18552
7452	15343
2464	18985
4829	11096
13581	16211
12016	18145
1741	2192
6649	3411
17204	12415
2930	2965
3482	14577
1029	15466
12026	458
16544	13004
1214	9817
18283	2463
13159	16607
12378	10911
14717	10461
7246	13138
10239	15939
18894	14750
12221	5008
633	11088
15721	12468
7016	4187
18091	1362
15620	17532
15008	17573
4919	4533
7529	3474
7873	16775
3872	13737
16228	3184
17744	14006
18781	16236
17548	9021
19084	19475
2877	8022
5913	15133
15002	10262
3481	1948
1072	8514
17729	18515
6785	7064
2672	13711
8568	18797
18753	11022
6684	3212
15277	11292
11530	17793
7386	4083
14823	17959
13968	15186
5256	11548
10947	11716
9308	15535
11416	18506
10653	670
16888	8880
1670	14445
14545	4067
3054	6589
12109	11398
5697	9145
5361	8256
5795	3673
16615	11681
123	5530
13103	15658
2477	11964
698	8900
7932	9431
10876	5678
12683	11288
17710	16043
11810	2679
11328	755
10835	7231
9872	17006
4388	5355
17016	4693
12202	12480
5684	5448
15896	387
685	16260
19018	10311
11796	7387
12547	13255
14619	2425
14401	7939
6860	14786
8241	8566
12614	8692
7040	10029
4677	8058
3675	13583
9146	3938
1294	7074
8051	14273
1307	12697
12256	4834
11379	6356
14132	3639
9789	13017
16029	7147
17784	9508
15116	5736
8269	12722
5307	17803
410	18965
2595	14913
3753	4782
19317	14642
10881	16814
15406	10504
10435	6251
4137	4047
14200	11070
9906	12086
18219	6374
1713	3241
1652	6257
2065	11079
10648	19461
6237	11413
11176	13254
17114	17920
17653	17236
18440	12407
13449	4758
18500	10581
6249	5482
14483	248
14323	9067
7860	9756
13262	3613
19377	13485
10848	15693
5714	7922
14753	1773
11444	1267
5960	40
9023	1930
2333	5890
13814	10424
19272	10332
12698	717
17403	5872
6554	18486
12619	5796
3967	3354
10443	17382
8316	14986
7245	4133
10976	13430
6011	13302
17017	6182
2601	8214
13478	13618
7673	2928
13997	3889
2597	15724
13081	11749
4785	17847
14447	9054
19374	3825
18358	2510
14984	1667
501	6125
5975	6433
16606	5119
9395	18815
19090	3475
1645	18799
10654	1001
16721	6773
18682	14259
8275	12187
10052	8429
3099	7031
18326	4737
16367	6378
6259	17524
16969	4950
16396	3126
16399	11724
13850	7220
17481	5564
18551	9511
3174	90
4195	2525
3320	13075
1423	7729
12980	6849
8336	678
104	18926
8550	9909
13035	9402
11147	13344
3610	16338
7711	16594
12396	5602
4860	9040
18509	13823
8732	13700
12247	10110
4526	13437
4219	895
4518	6768
3845	850
12711	1642
7289	18417
9517	1549
7058	2176
17649	2540
18314	4805
2498	11047
14733	14860
18446	16965
15849	6701
6253	14730
16022	12623
10505	986
18618	1782
1441	2354
13681	15306
12525	366
6030	14339
10393	16686
4687	12941
2332	12557
13738	16844
8354	13358
6951	1506
10609	5147
15270	5700
13389	16850
7172	4367
8329	13757
5688	9371
11669	17498
58	5171
10880	18832
16977	12209
18073	18427
13417	9623
9664	14564
13401	3379
9965	10778
15181	19028
8024	17833
3299	5865
5499	3328
13923	14168
5603	2023
13192	2311
6250	15192
3716	1069
3958	1458
16662	13644
8595	18219
10444	568
18712	2595
14532	2009
5610	18915
2266	5387
16134	5650
17203	2250
15807	3647
4471	18934
15169	11537
17364	9077
8839	10799
4616	15561
4835	16546
774	14166
18126	2380
6092	17363
18195	8831
1650	16509
17904	8034
7799	7120
4769	11221
8328	19210
5584	17117
6844	10617
6431	1374
8464	1483
9471	601
10944	4628
3497	3954
13058	15329
8943	4205
8250	8953
4790	14809
15999	1386
5216	9354
9709	15078
2675	11740
3483	16113
11846	6800
13702	2607
13750	11311
6679	4604
18596	252
3946	4826
18468	8624
1427	15268
14718	18062
2523	5963
19266	16390
7885	10603
15381	8512
2069	3645
11732	68
10866	16894
4678	16700
14958	3410
9671	18715
8428	15071
18573	15196
5033	16597
7090	4140
11504	10606
3595	15242
18742	17493
4267	12751
10539	12740
16793	14585
11006	10646
12085	9381
4146	10318
1689	14916
16562	11317
14824	18579
9421	8546
6799	7985
650	2518
1135	15964
17347	19225
18730	10359
15108	2781
7764	13948
15899	12443
13940	16036
8776	10781
7990	10062
3026	11657
2228	12229
9744	1615
16857	18172
17221	11811
9573	16828
17420	5177
6098	9534
14661	17107
18643	2642
8513	13561
5746	6092
18427	10484
2570	2821
9368	13555
5985	7253
12642	1207
15963	2083
9279	22
3746	5632
13802	14992
17475	7346
11581	10022
4232	10226
10193	8068
18375	443
13128	17705
594	2974
3393	3485
11948	14684
14611	9871
17232	4807
13439	1268
15374	4350
1087	4387
14101	841
1815	14696
11269	9274
18869	17999
953	7868
11832	17293
3749	16440
4694	5750
18780	2845
520	6179
8211	4274
14395	8382
6220	4591
9974	11753
16219	1769
10659	9414
13355	890
19000	8693
19182	4499
5500	6429
12053	15437
11962	5047
16045	9908
18586	4445
8542	3549
5417	13993
2182	2582
14405	12225
13958	8495
10263	14699
17538	7768
10846	13192
15926	3209
16111	6518
9432	7123
17303	19484
14881	4703
18724	4562
8835	18042
6710	17045
2871	5547
15600	7589
3978	12611
12679	17339
7560	10304
1170	18503
7584	11705
15973	11788
2090	6537
7954	9105
15490	17271
10603	2433
7581	15291
12581	17261
2804	16563
18184	12274
879	4815
10996	5431
11722	6460
12515	2427
630	6526
12021	16855
6297	11427
5946	6124
626	4908
18706	10077
5182	7708
13147	17438
18510	8044
6746	2315
18151	3610
11070	3764
6640	5924
5780	16741
248	15027
1513	18384
19003	13875
3779	5876
1812	14572
1890	8279
5246	4943
11127	11750
6805	16793
8585	10177
5072	18623
12267	13331
9758	10470
7367	17171
1887	13342
10849	3782
13568	514
6287	6722
6158	3113
19252	11674
7839	14307
2854	18778
3248	4709
16677	3800
5339	15375
8587	17460
12097	8963
4362	16008
861	8550
6000	2796
7618	12126
15694	16268
3055	11706
4859	1247
2691	12684
1510	15823
8485	9562
9735	16341
13489	11968
7849	16838
4491	14974
17465	7263
11543	11961
15182	17869
16412	8162
4598	6109
8742	6646
18275	11385
3069	8735
15846	1104
2373	5558
8974	15540
7519	5067
1517	9961
17001	4850
10509	14847
2872	12380
4514	16922
1558	4287
4098	2637
15713	17612
1750	8903
14808	7251
1201	8377
204	18988
15245	4819
14631	17357
4114	2403
13087	3412
17197	11693
9285	3556
4864	3480
10667	16064
2118	8479
15914	11014
13708	1367
6905	15134
17870	16482
3380	7558
14478	107
13669	14584
6535	441
108	18258
10142	10902
505	2069
15813	3946
5924	1397
19032	13832
8016	2228
17483	12544
326	9162
10946	18064
6155	17369
8659	6290
17356	7779
144	18447
9657	12038
4574	19406
18881	15335
15543	10055
7926	13666
7314	3831
3822	17380
13652	14515
14442	16270
10874	45
6611	5347
15418	14120
14392	5082
858	5034
11501	9325
13007	18912
10038	1484
3767	4706
13865	10913
10139	2087
300	589
19023	10525
5272	7760
9938	17411
6176	16148
6778	10344
8434	10280
2276	6833
5696	3908
18744	17897
9255	4515
17264	14999
4439	19223
11621	16551
1487	6935
16514	11147
10863	6468
5954	14494
7114	16298
6407	16402
7153	9545
2757	126
11030	4242
16358	18700
1416	1810
3723	476
15679	12890
6719	3534
17631	19264
17991	10479
6859	1377
17519	18572
19053	5695
12697	14530
8126	8983
16933	15807
4531	17209
787	13053
5172	4568
11450	3783
18543	13825
15992	6057
8721	1018
17299	11637
16113	3301
355	16450
7985	4658
1766	1498
17118	3974
17320	19187
18572	14277
5969	10025
5598	15683
8750	14222
13944	76
10839	6088
8222	4491
10808	18374
8817	3962
2649	19067
12038	3322
3126	9558
10476	15076
9383	2252
2175	8437
18692	18215
3004	6923
11984	5140
7274	12777
11017	18983
8083	4766
16765	7823
1473	17476
10491	11885
6590	5538
535	17311
4488	11417
4781	10597
6372	16668
10095	5718
18287	2664
1239	9189
1889	18735
5894	9840
14827	7927
18876	13631
4903	9451
11047	698
3309	6514
4953	4383
9275	15389
9386	477
8008	12238
18956	1567
7594	4965
16198	2588
12349	13045
7551	12042
8516	4774
170	4527
12502	14341
19141	15639
8247	18351
10957	16834
4811	7529
4696	10786
10304	16016
18942	10683
16499	14374
15792	1039
9599	9299
2251	1012
13826	7769
6651	1140
4117	12900
11025	8303
18311	97
9887	910
11263	16060
14009	19086
12218	19355
18797	19489
5305	17555
12015	16354
10502	15056
870	502
15345	11125
17768	1122
1303	1792
788	3583
7617	2999
1862	4323
16464	16715
9048	4844
4206	13210
14295	1817
12919	6649
10259	13524
3881	2506
12628	18835
16247	11185
17476	13920
3898	8678
9088	8891
15605	9522
4373	3107
1897	16032
5996	7025
10577	4002
8295	15094
12758	4974
17549	15800
1609	10820
17120	10030
6646	18852
13483	8980
17614	8912
16048	6540
15624	17295
9436	7193
18430	9194
7996	3205
8449	14103
7251	8959
18070	12202
17372	11118
12779	12657
16878	14474
17879	12435
15966	17153
15457	16442
13955	11772
15157	1679
13784	25
1548	330
4738	10014
18436	18229
5231	19276
8504	7094
12355	17917
11074	16395
13534	1673
647	10066
1173	12487
12802	2031
15062	5371
2393	5243
7298	16788
1162	7185
10623	7461
1467	12837
15702	12385
1270	9638
6936	8787
7756	11505
10420	17641
13165	7371
4663	10272
18636	2932
13754	8733
17426	18787
3440	19181
3781	16
10367	12661
13941	5000
3915	7445
11275	9974
11574	10677
12995	13906
18503	12555
12330	14803
19177	15853
12136	7842
7198	4362
2943	7279
14615	2435
14746	14401
17404	16782
19093	4016
17400	2501
14463	12260
14226	1646
6142	13467
11295	10645
2169	15169
12786	15712
4426	9591
11586	12944
2349	18409
4168	7930
17554	4046
10469	1070
16069	12589
17560	18971
17547	1480
7409	394
8429	13776
9637	1634
11937	1761
3562	16903
11629	10982
7951	16250
3166	691
10486	3817
8681	19038
19258	6803
18408	16925
7960	12037
19322	9656
14000	8549
10264	1864
6623	4521
12226	7342
3969	4565
16453	18586
4063	5793
15084	8360
9234	18624
6763	1405
16856	8534
9104	18206
3522	12001
1663	18524
2668	16004
7011	13365
17062	311
121	7271
4326	10076
16917	6931
9578	14204
9292	16352
11539	2084
14083	17365
4916	4374
5380	7112
15192	7398
12613	980
18450	13864
4870	5098
15677	19226
17160	16519
6415	15707
383	10547
12182	6397
8634	17204
14927	4916
19128	16720
1246	10013
10414	8372
4212	13813
13526	12199
15922	11707
12943	9372
12970	8043
12708	3834
6180	12437
9467	12967
10949	6035
853	12597
6203	13425
3053	10370
11632	1508
9728	7605
13172	17727
4398	16836
17086	10315
8240	11791
18122	19372
3220	7169
10055	12180
1761	13174
7894	10971
6195	10
15464	9765
87	16184
2270	8091
2953	14547
5422	7809
6510	11997
16133	19543
17083	6143
14123	12120
18649	10179
17555	17350
994	18173
5211	10975
9403	6623
15869	13291
5324	15244
16195	8047
5120	8331
10656	3125
1024	10858
10119	5758
8701	8226
4582	12137
8735	1515
15223	9616
8631	7508
3917	8228
6137	12305
5650	7907
14980	18573
19242	19557
106	11792
327	2180
4151	19537
7159	5822
16586	14678
9003	8856
5287	6930
10955	17480
612	17673
13297	6587
6616	16575
8183	5310
5269	7382
9147	5384
15736	8560
2100	19189
2964	6830
3766	2966
701	1049
5419	5057
16610	10118
2521	16178
4218	17543
1932	3062
2406	11512
17137	12346
6172	18046
17919	9309
1	16517
18605	18445
1480	9689
3056	5600
10680	997
17200	6453
4699	9513
13029	2874
6077	10638
11161	10129
5719	16461
9585	8086
5403	5898
15074	515
7242	4592
7853	18619
15211	6434
13956	16595
8727	19304
7318	15630
1437	18563
2682	4095
10520	14525
3840	17017
11034	13547
4090	8029
13517	10329
1837	7532
15519	6303
2424	1278
6108	10351
6147	13705
16159	915
7229	15051
19210	2390
2540	1053
19157	11151
1496	11580
2558	13481
14723	2787
11946	3142
19065	12552
5744	16529
1859	11594
6096	1239
23	17659
11844	17763
6246	8962
7067	460
15842	18639
2209	17285
10036	8767
14384	7021
1881	17362
18002	6091
18260	4625
16966	534
13347	7225
11923	10305
19124	19503
234	17706
7475	14657
1680	14177
236	13672
2197	13800
19152	2249
13326	9033
9348	6848
5686	7166
3391	9453
6453	2021
18601	12012
8375	14817
11108	8052
3292	12590
2086	1568
19275	12775
14170	18582
1111	17565
10364	5570
4289	4301
6750	848
6732	11346
10073	15077
4423	12078
12537	11583
17648	8156
6227	14150
4948	62
8113	6642
1947	7350
15776	12340
10631	19046
13160	2973
8871	8357
746	15161
5191	452
9590	15246
242	5244
7297	2980
4950	18770
8607	14919
17828	480
12634	15710
13382	4921
16958	10228
17405	15703
16258	19244
4092	8511
15206	1372
1827	4833
7118	17395
11145	11859
3322	952
12988	6826
17975	1283
14623	11122
14694	11653
7810	10425
12173	14172
6901	182
15676	16428
9513	5090
7574	19259
8563	17938
16830	17549
2792	9948
5116	18666
3658	1326
13807	7439
12303	19176
1565	15473
984	6958
8673	2992
15015	635
16787	9464
12365	8926
11009	3752
12736	9426
10356	19097
768	9723
11684	17023
4200	12978
15174	12753
1739	1404
5186	5636
4278	6556
13328	302
15858	12924
7683	2647
17171	6116
18129	2813
12446	5278
14799	11465
7674	11694
16752	18477
13163	4756
18488	11328
4979	9644
10833	1231
3628	16391
1033	2822
657	9443
8715	523
11389	17617
15512	16271
7830	8999
14896	3777
328	14453
12482	7115
18745	19198
13672	13065
11995	12134
9559	18381
2485	18531
4998	1972
4156	15142
18648	2545
1442	5826
15102	14124
13383	5614
16322	9178
891	14614
9626	19081
12746	18203
11001	774
398	9802
13688	11613
7553	11522
16142	18234
12655	14533
17154	416
3770	17095
9497	3445
14416	3219
15759	17167
10097	5226
15051	18843
4711	13341
15881	13831
14369	7684
6559	3636
18420	8323
2324	12807
11572	8385
16239	17440
16459	9045
19297	14469
192	731
8207	6543
8377	5199
16620	13412
6556	409
7623	14217
18058	10570
11579	7316
3227	4357
16352	15414
2143	10127
1238	3993
4743	1401
1121	8497
13867	1513
12419	6432
6539	12700
4185	1493
12436	14647
17298	4729
11160	7140
986	4609
6634	1915
10383	4937
8318	11032
17769	15359
14510	15611
12461	16360
2292	1827
2638	1927
5943	10486
13026	14910
4789	16927
3254	14933
11841	765
12030	15378
19101	4700
253	15533
12071	3612
10608	4821
6199	15860
5200	2365
17825	3706
18429	5601
14494	17967
17846	17132
10197	18003
3407	1702
12609	3031
3806	1688
16039	16710
19021	6794
4100	14822
6384	15183
11241	12454
19209	5782
5632	15997
18351	10237
7806	12418
2762	9622
9661	12200
11815	4615
18536	5918
6841	15670
1585	4072
18558	17211
18413	1919
15368	2209
8045	3370
6745	13637
8153	158
10048	12297
3893	19481
5568	6912
11867	15285
4281	18137
10892	11767
7908	10426
10948	8575
10007	18993
7077	3078
10546	13969
9097	6972
6584	4492
16033	15433
7018	17485
16963	5341
18504	18699
11714	14154
14624	12954
10744	2230
5872	796
13366	2688
12576	16210
10467	14123
7144	7991
11719	13923
3776	10154
985	4617
5702	7199
999	3951
4029	16846
17036	17248
1090	10932
810	17110
14033	3729
13971	8277
5757	12413
5493	2035
73	3438
3411	7129
18835	4038
10663	14462
16964	11373
14816	11228
1734	530
1262	12634
17567	367
12404	15912
7053	13470
605	17832
1659	8038
19215	8988
14024	15411
2619	7745
6612	14470
16023	11298
1838	1536
19011	1002
10699	2266
11196	2548
13047	6121
19109	3943
12466	9152
1357	17546
5318	594
5857	5511
14724	5134
14588	485
18018	13958
16742	4977
15462	16533
1213	2342
10221	18591
13120	6329
11800	17865
11910	17146
16823	12549
2984	11287
7766	12341
17791	18539
3168	17210
14773	1185
9274	1766
10980	8668
2053	13340
18896	5754
13683	655
7622	15733
10227	9412
8108	11099
8667	6271
10746	14116
7675	17955
3046	18501
4815	18888
3604	14035
11766	18230
18974	18150
14324	8925
12463	1290
15361	3316
1786	2392
14210	14485
4004	6416
1562	5205
10564	3406
8346	6529
3555	14496
150	9069
14720	11214
17834	16155
8402	2000
8926	7180
6858	10267
8935	7194
18674	9368
8763	7847
712	2851
205	19202
8601	13895
12716	17246
4680	19053
1209	4385
10060	10637
18829	17188
16672	7240
16469	14404
9499	16901
12489	2799
17911	2367
17767	9261
15877	13403
17365	1378
6459	9911
7949	8765
16791	13798
2549	4718
11098	16510
9491	15691
8564	13962
12976	19429
15129	17670
6601	12290
14048	13865
14191	16960
12490	11451
1648	4060
18475	4450
17732	16463
17917	6370
15073	7393
940	8008
1531	1751
757	374
8604	34
16939	1005
8654	3162
18550	9739
14730	9828
1387	4484
8785	10515
2951	3599
7918	3881
17012	3958
3252	17882
11056	12351
8037	19566
14931	5824
17927	9695
15514	13240
11532	17094
1300	18756
13877	17239
19289	4980
18941	6805
9564	14971
5345	11367
7658	6213
10212	16902
17022	3714
8816	11786
18300	2882
6323	14767
14374	15286
15873	1683
14475	8779
18906	14700
16580	14128
16346	13118
16583	3578
15452	10926
18323	11475
2579	18288
402	11132
947	17653
17654	11092
17504	4919
1927	11269
12817	6415
9024	1669
5535	10310
8679	101
18767	18585
5423	10618
5373	11748
5968	12694
17661	8202
389	14619
4908	9503
4277	17375
1103	10977
17979	4827
175	10146
10908	16193
7686	7008
7398	9475
9566	4966
13670	5973
1405	4697
4817	15955
14573	1614
17832	11771
18851	10372
9572	6418
11617	1748
17098	7952
5213	19540
10165	6596
4578	619
10132	1518
18093	7399
12837	16205
3649	18214
11449	4767
18980	9301
6751	1015
5805	15053
6582	14044
5796	1427
17523	2300
18368	6270
7102	10141
11360	15180
4596	9446
5048	15313
17438	17035
15130	11048
14127	7178
1697	9365
542	6601
14481	6766
7535	8865
7752	16660
14458	7069
16144	920
8080	6850
8693	16114
655	17488
18383	15744
15087	8816
5530	6435
1632	19327
6434	9014
2530	1149
15895	17846
19111	4936
6017	15935
14946	2990
12054	11174
5332	16197
13369	8817
4780	6961
3221	5848
14870	8295
12695	10761
16973	14570
8707	2490
12799	6782
5489	13183
12165	15075
3871	11163
14810	18152
15666	14672
18382	11969
18933	5059
4301	16124
3511	692
3745	18290
10449	18939
14492	13116
8995	1280
18051	16284
3150	2725
2723	3032
7597	5342
8189	8832
16810	11810
12630	10884
407	3894
12208	19270
4067	6802
7834	12400
11084	13402
18255	10291
13774	17784
18316	19482
13623	12321
17056	9979
3791	1851
9694	4848
1015	6216
10861	15184
10821	4884
15143	12464
8933	7238
1991	10361
12590	19348
10122	14861
3476	8062
7826	6291
7789	12291
2185	9486
13104	10353
8838	18488
8731	6466
13023	12373
15956	2027
6846	6644
10082	7395
9816	11850
2807	3966
14820	3268
11175	8000
15539	14866
8958	161
3996	10491
7141	18444
12649	6096
13981	973
13086	11336
10805	8563
8972	6013
13565	16469
13063	159
5445	18156
11628	5206
16712	15457
684	2779
8860	13784
2073	1334
9989	4743
5718	12888
7610	5261
3149	16675
1638	11007
11281	9595
5094	7654
15017	8450
18302	9811
10230	11023
3707	6567
13249	13249
18532	8335
3646	12885
2955	6064
4709	8434
6441	11106
17357	18975
6437	15555
16530	16719
17558	8116
3352	4278
4674	11896
2041	19070
2676	13311
13325	9833
7536	8840
8651	10727
10319	5784
9609	19363
14016	16911
245	2740
13989	7261
2811	5254
13512	2838
10105	17564
2428	1258
5447	7479
12476	15485
9971	5296
8736	9395
12406	14555
2630	3138
875	16562
9318	18883
18186	6020
8639	17951
4544	14218
14025	6338
1500	18790
15682	8285
6350	18140
3112	2814
12710	4040
15868	11793
1295	11178
1715	17533
14846	19551
16483	14821
17824	6250
2014	18121
4095	16050
12911	7944
14350	2689
15421	11680
9361	4851
5934	12349
5936	364
4766	16075
12348	10753
16423	17139
19217	9703
2532	16022
6464	8594
10492	346
2813	14113
365	13531
8413	15111
824	2125
4217	16776
10584	3663
16297	11107
10971	18678
6207	5703
11163	7088
8326	15921
7488	6401
6893	13663
4861	18008
5906	6385
4290	18742
6661	12082
15982	5513
167	4913
12601	10843
2089	2382
15855	13899
4017	1651
8526	10205
15630	8084
5030	15364
17336	740
7145	16573
3090	4717
3035	1330
83	1788
15448	2666
12772	2048
7209	783
11482	17182
9160	1886
1983	8996
4777	5236
4723	1254
9691	8627
6946	5357
14431	16703
1290	85
13342	15170
11896	9460
3524	4587
15397	14984
18921	6868
15038	7828
9047	6936
8797	9208
8608	18382
12687	16417
9195	13043
16158	12971
12472	7308
6123	14376
12562	15229
13127	16208
17652	793
1202	2440
127	19559
3329	10033
200	18610
7803	6713
18163	2261
12278	18169
7162	2424
10545	13723
2971	10881
13303	12304
5275	1657
10297	5984
17597	174
14793	12233
10845	18716
1919	16514
9534	4861
1664	11759
11004	10133
6074	18708
3058	9448
9190	18279
11770	131
16180	17661
1401	16422
17940	1759
8352	14189
16552	17175
15549	14291
13621	15723
10309	15420
14500	10492
419	9110
10059	7408
10589	7149
15936	10200
3937	11598
11126	18328
2199	6320
6009	4085
12254	8118
1740	19390
6038	4596
10614	3187
18394	3150
7093	9589
4772	18295
663	13998
11879	19515
19277	16589
13421	12109
8175	1317
15790	6073
4271	14780
15737	3124
19092	16237
2747	4208
4363	10434
4896	15522
13658	17721
9985	3442
16095	19135
7666	6021
2992	3756
785	2026
14613	16795
17480	18653
16822	19455
183	11474
5295	13720
3556	2555
5787	14115
15249	3681
15752	3707
7720	5977
19355	17013
6450	18959
7137	3040
1478	19302
2655	5996
3859	15500
11974	10872
13501	19434
6223	18636
7772	13548
7738	853
9269	6939
18230	3520
14592	15953
9923	9982
9752	5471
13021	1704
15970	15445
11705	16931
18352	17372
8226	14650
13883	17104
14735	14830
12809	17650
6365	11558
16143	19471
1454	11695
14848	5074
14972	18095
4570	674
7031	5705
529	17177
14154	7530
5372	16456
14004	17988
2062	13277
8303	17791
10807	15569
10464	10043
10138	12342
6120	12631
16261	15055
7527	10805
6269	9890
19372	19483
9244	7017
17342	11188
1155	11967
9287	8713
17781	445
3284	14170
7065	261
14262	11667
6818	10390
3566	37
12509	7687
7753	10494
2420	14797
13952	3452
18646	6341
8059	371
7249	11715
807	1438
10713	5832
996	1226
11188	6294
916	9557
10594	979
4399	3198
3104	9234
6812	18844
18545	19096
14616	8240
6603	6437
17099	19174
16187	8804
18249	15680
75	11591
9922	432
8288	2032
9385	1854
17861	4415
1355	4068
9181	13380
118	17425
1847	14768
14693	1216
13207	8709
15559	7453
16576	11903
13144	2636
12242	1105
1113	11113
19290	1594
10438	11017
1048	11316
9199	3821
13781	5618
11853	16202
14840	1219
617	6684
7754	11523
5196	2513
3288	12993
4483	9362
4220	14645
2329	11145
12133	3971
17116	2389
14635	8537
10662	16495
8775	2397
14912	1956
1237	14885
12991	5376
9560	1969
5021	18861
2726	4863
276	10456
10294	5123
560	3377
1618	8857
15764	16421
16248	6489
9359	1696
480	6389
3403	17530
10151	16685
12696	5896
18262	16673
13932	7472
1536	9750
8891	16407
13298	7976
17950	19279
17855	3584
561	15841
1350	9725
12138	18277
15856	10980
5639	9039
7906	9226
17591	7229
7522	9537
7292	2297
3894	6134
1646	9215
5309	14586
7188	5289
17750	4909
15471	8614
18325	3293
1396	16815
19270	9536
6742	18649
9874	6315
6947	11339
13190	11019
5317	17676
1380	8329
14286	4642
5100	14076
19204	19121
15308	8603
1070	10529
6056	2281
7988	4687
12877	1803
6435	1502
1175	4629
8495	461
17339	2653
15546	2533
19010	14925
1057	9496
14193	10517
10301	17891
16240	1912
18404	11672
15826	12395
8812	9497
6260	13662
17490	14792
11381	1689
14591	8321
13691	3684
15230	3633
10645	14707
6881	3627
388	13220
836	6669
10216	15534
7898	15721
13380	826
12386	8917
9182	16468
7545	19431
10572	11055
5281	2453
3344	11805
16153	17379
10622	4989
7639	2527
17715	4203
3665	4053
2607	4352
9611	13452
1825	17412
8706	5271
5888	38
2777	14813
2746	4131
570	39
3748	5291
11749	2082
18244	4410
16227	4380
12528	11942
17472	16001
17579	1440
5957	5416
10237	3467
11912	7431
93	10787
7696	14769
5322	16209
10363	3440
15866	8454
6314	13355
18331	16600
3377	8540
16578	8533
13403	8422
13619	6875
2709	1063
3118	16044
14971	5746
6465	16013
2541	7159
17266	18956
17041	7764
1488	2094
13890	9200
7420	11043
3528	18821
4830	10343
15456	16154
7916	10199
214	8293
1940	18876
1448	324
16736	17669
3162	18390
346	668
2385	5837
7257	9594
12692	17812
6613	15798
8392	7058
3797	3850
8792	13896
5851	5566
16188	1608
14216	433
14839	9932
9227	11841
4390	4214
18736	11561
17707	12022
5662	15253
8506	14073
14905	7327
9747	6292
5813	10120
8412	18644
8266	18248
5290	6570
14037	12997
3356	8544
8098	3731
4632	2847
12188	4398
19016	6885
18181	7872
8111	17842
9042	3609
343	11734
3394	8004
232	8720
4353	1988
6313	16104
8643	4210
4747	16755
16750	13910
14995	12077
463	2523
372	5056
7495	6115
339	14591
3211	9639
1117	17767
16638	1471
4904	17569
6971	18088
9284	6908
7218	9321
16381	8500
18936	2926
14082	10001
3157	17892
15994	753
18013	13745
2809	4290
2993	8175
5476	6313
10562	1609
11639	15293
4705	3127
2711	9818
6387	1482
11059	12725
722	12258
5694	11321
6279	14464
13381	7880
11515	8114
11225	15516
14017	5451
17274	16477
14721	7862
5480	13889
13861	638
15848	5455
1946	9315
18630	15876
14310	6047
4448	19470
1613	4530
5797	8094
12573	10392
4757	9154
16529	2178
5931	15356
10749	4525
12669	7135
8007	8810
11092	15275
14207	11918
7252	2305
13395	4359
14365	8797
12858	5092
4719	5398
5176	8078
5878	9749
15460	8708
12039	417
5642	7651
18177	13275
15654	15529
10864	5680
16745	13677
454	3415
10431	12103
17992	14715
4599	17401
17376	2754
5635	17289
12611	18050
3452	18945
17368	14676
16624	10350
7890	7535
12844	7286
13175	15376
10085	2744
12057	414
10816	18791
8978	3856
16991	4732
5589	729
11747	11393
8414	14552
11436	2695
14245	7898
4684	10495
10024	10166
116	15650
16041	7184
6318	1491
16821	17002
5640	337
6628	10464
179	6066
8722	12736
1672	8919
3388	19102
4157	14887
14294	15706
15871	1596
12901	11808
5071	2336
10810	12201
3597	7527
12539	2901
8622	6150
14144	10087
17121	12455
10652	9637
14777	8531
9674	3222
13294	789
10461	3182
10338	14268
7349	8246
17222	11044
12712	16201
13072	7091
1756	9566
18650	17145
6163	14109
1792	3385
11257	1164
10964	709
15594	16273
1709	3199
16461	17088
16740	9336
12864	16351
1263	6791
3769	3988
14774	56
11262	8788
2448	12476
9633	16958
13830	3499
6990	14726
5267	12624
9543	13770
3315	15605
15227	12261
16157	5073
7986	18293
2330	9290
11330	15453
8794	396
16303	14135
6618	17407
14632	5607
16304	15300
13436	16506
11535	14
5223	8838
8757	665
9418	5040
7537	4552
2643	9408
8718	16297
6084	10931
7469	5664
8483	7206
4934	13392
1052	13007
7121	13793
18118	8416
7071	16842
5302	9277
3560	4422
9783	3045
3583	12719
18541	14321
13466	2550
13528	8565
14967	15065
10336	8847
5351	18167
8773	1942
18930	19134
3580	537
12583	17394
17798	9126
17195	8048
15943	3456
12631	4010
18294	10622
5579	4479
6886	6844
15239	105
13516	8448
16758	9135
17139	3826
17011	17553
17735	6204
4171	6750
15880	4435
8399	13214
11633	5501
15805	4893
7134	3089
14242	9252
19062	18268
230	11051
3651	7019
17009	7030
19253	18308
9804	9841
367	2273
8297	1388
16629	7157
1751	17418
2108	12774
9503	9147
3620	6093
2801	3228
8381	14271
16112	17663
10092	16258
8437	6306
7079	6129
8393	6340
5599	7801
6179	12953
2704	1711
15320	10839
6575	425
13320	1327
15985	5083
11818	13990
8590	11592
18663	5772
7220	9090
19198	17541
4115	11787
15479	10382
5342	19298
14204	7672
5566	5385
7321	15198
2899	7873
4014	8716
9238	3901
5347	4753
15592	6778
15111	8245
7084	2366
14781	4619
2024	11846
8133	15665
18548	19330
5067	1432
13803	4704
19130	3732
8828	791
1547	1834
11541	11998
1115	14674
11672	1360
1180	17716
3128	14450
11607	14788
3702	14924
14523	16812
12552	18130
7506	7996
9723	4307
417	11454
7344	5480
2660	18643
16380	1131
13629	15418
19335	11642
8716	9351
12214	8682
15732	1604
17785	4
18847	2258
18784	3919
3139	6080
8996	288
17774	4947
7583	16254
1799	14853
14400	192
7101	13619
6299	2669
3850	4938
13113	17469
14159	1832
8422	15336
11410	19343
11506	12319
5388	5759
5755	11015
9955	15971
10597	6079
1018	11892
15827	13953
15106	10144
8556	5283
4745	18870
517	2275
4103	1558
17424	2409
15359	15083
4317	13026
2814	6989
213	2833
17035	640
7281	11108
2216	13759
17223	19036
260	8273
14594	501
18686	17642
12706	8744
10819	9059
11270	9893
14833	12234
14837	15373
707	13847
777	13263
302	14163
10534	507
6933	12838
18307	75
4246	12730
13985	8489
17096	11477
7020	8578
4561	5992
10063	4262
5464	19204
7448	4878
18967	11071
16221	84
17507	16545
9151	6950
14342	10767
18634	13696
8847	5894
4056	7765
4831	15406
16307	10960
18228	9041
9918	2381
17839	996
381	5477
742	13439
759	5739
3713	14880
15671	15679
5633	7026
17511	8853
9065	5438
11903	4247
5814	15951
6204	12045
14255	11589
16913	790
10313	1331
5655	2114
5785	10860
10921	11518
6115	18355
40	10582
14524	17811
17302	11887
16844	2205
19153	17746
5950	8132
17517	14911
6926	5028
19315	6685
6864	16714
12929	2597
17401	13273
3479	15925
215	10522
3957	8957
19310	5867
12898	10125
16581	8641
10422	2535
16193	6491
8406	13349
2641	15699
7088	18527
17522	3005
4827	8457
3021	7846
13665	3513
15564	9740
14913	16076
18003	9004
17616	16302
16960	71
14465	6843
19162	12868
2861	10591
5459	10065
8054	11468
5929	4749
10507	8573
5334	7938
6086	164
4990	10985
12497	5274
12500	18489
10330	8727
7896	3030
1970	10818
4614	16587
10542	4809
11516	12350
3	15826
8548	12019
18652	332
2369	2495
3933	13556
12596	6995
18651	11155
13229	8266
1994	14340
14872	6505
1788	11649
13892	2036
10907	1174
18969	4501
3808	17932
15589	246
18508	4041
3277	19382
310	7677
17641	8631
15668	2182
18346	14388
13276	14509
1148	11638
5591	9298
14697	16487
7966	8359
839	11497
13614	17400
14172	11840
16201	1729
14406	12782
12957	16171
13820	11785
9930	6775
13584	14811
17214	7703
1556	15827
2664	15750
16292	1783
11296	17599
8523	17529
1146	5697
15980	12499
2952	3264
7571	9797
18854	6664
19363	14208
11835	10741
7072	18252
16411	11952
3218	8023
7824	17931
15656	1617
18868	17568
4047	11130
12931	10801
9187	1638
19131	13725
9531	8970
10762	1905
1964	4403
14240	2484
14355	16952
12032	19527
14805	12583
3526	700
7793	17321
8783	13741
7027	8967
8202	1313
2141	9884
3557	1675
1577	1338
9811	15331
5386	8562
10378	11040
12771	18786
2858	16091
11119	9966
13793	15112
18076	5071
7928	4726
7654	4579
19151	2372
8915	19002
2052	3079
5781	16420
14057	8176
7838	15370
10107	17618
15714	6170
11420	8417
2534	6188
6999	17078
9098	6725
18211	6951
9078	13578
9289	10198
14080	5802
4225	7489
12686	16365
18096	5253
6480	8486
13212	10248
2703	5942
10831	11139
6998	5302
18004	1959
13852	5527
1600	8498
1049	5113
7611	8902
11251	14595
6665	8723
6215	12228
18595	15400
9484	9791
12473	12621
16588	11661
16274	19313
12331	8807
7714	12015
17556	12772
18756	5188
14952	8017
15554	6742
16619	10941
3954	2886
7433	9877
3093	13258
1435	17554
2097	9151
12298	8298
19097	6167
3792	17904
3413	3326
18160	18166
10305	5019
9157	9726
14348	4633
19250	5484
7278	3530
139	8117
3102	14503
13906	6864
17978	14352
12645	7379
281	1624
295	9922
17678	6268
13737	7721
17418	14199
8760	10238
1305	18406
18832	16993
2557	17965
10370	19427
16622	9415
6257	5787
9849	6892
15442	16434
15962	7055
11045	303
1694	9957
16589	19548
15520	11529
1707	15327
11125	19450
11369	17007
14568	8991
15296	2805
17040	12787
533	8142
19331	12676
11631	9627
16311	13792
7619	8493
8450	17572
11191	908
15120	16784
6827	18865
17605	17368
16331	14201
15383	8163
12283	6190
16675	6009
1163	8965
14056	1580
17686	10624
10760	1418
5126	15563
6873	9814
18290	1202
8176	2667
10604	18964
1630	11161
6697	8235
17574	19013
14194	15257
9062	5489
9565	4348
15041	7509
4417	15404
19143	16751
1450	5635
15070	7312
196	3262
12826	14052
14344	1740
7004	12004
12116	4397
2629	10325
6911	15802
16296	6193
12222	6493
18023	11847
13468	11433
13518	15729
19379	4691
3305	19052
9567	17856
1429	2530
6157	7362
11463	13588
11113	4132
17421	19245
8864	8689
7878	13655
481	280
9012	9611
18201	18620
10802	16540
1518	4064
4824	1644
1962	19452
400	16080
6681	2152
2321	3185
6798	7869
10601	19476
12726	10229
9107	341
7871	6398
9200	285
3644	11168
13374	7406
16121	16970
10543	835
15652	12841
101	17799
8440	3468
4099	14682
1508	6083
4215	13161
17337	2468
889	19257
16919	12406
9229	9870
14203	14178
8004	18981
11189	3781
17205	873
8294	17197
17598	15880
2504	6926
1866	11757
13992	9632
54	4546
686	586
12533	16245
3255	16280
12523	17515
3709	6720
11424	11110
9618	10640
14397	5803
17510	6052
10454	12449
3096	4803
15965	10712
18699	13566
1130	12743
3559	18658
12546	5682
17633	11086
7050	16820
14175	2446
1958	5651
9414	4366
10510	6809
4838	9999
13411	13624
16458	17066
6484	12872
18043	6347
4045	48
15939	5726
3073	2892
2721	8841
17642	4224
9986	14980
2395	12424
17226	12153
148	2294
5925	17993
3447	2661
15450	6619
5252	10201
13133	14757
13091	4843
10195	16572
14570	16697
16250	3167
19061	4719
6020	6040
12541	5407
12587	1461
9266	2589
7919	15981
7070	9701
12829	9390
10558	2710
16432	1855
14997	9046
2112	12245
9840	11331
15972	10543
15246	18143
11728	17187
13791	3315
19357	3161
16054	1736
5552	8149
8182	9761
16956	19142
11654	7972
3504	2042
257	16225
11228	12194
4989	13530
14705	8944
13053	1862
9006	10730
9161	16531
7650	15906
17168	758
15101	2040
6940	2600
19303	766
11496	1577
16804	3146
3501	6295
1712	3867
11913	8811
4505	10927
16097	2257
1665	14237
14813	1398
3273	14618
13611	17700
12232	1917
3122	919
6966	36
11678	19458
10217	14353
7089	18039
2561	11920
12327	3252
16391	12958
5424	4838
748	1287
10969	14698
16330	1837
165	4368
16592	3144
18389	4118
444	6898
12849	1616
308	17405
551	9293
14540	2627
2234	2092
3774	8652
16348	7637
13561	17508
14678	1196
7709	10828
18710	17542
3398	2542
14973	17203
17611	13617
335	18207
4982	9798
15864	10784
8323	11182
4345	6229
12705	8217
2187	12059
1640	11607
8878	468
15944	5887
4309	14961
13976	6682
4941	17346
5428	9048
10522	9913
2177	12854
1126	17273
16808	13265
511	2562
7350	9547
15293	13808
10192	4780
8991	19030
8029	14541
12918	3587
16547	10791
4234	17038
3372	8940
8206	19354
12236	14460
292	15785
6736	19024
2475	17636
1874	1036
6489	13188
17275	2219
18380	8442
5698	18438
1729	13458
13905	15108
299	9597
5460	4635
1284	11314
4693	10756
16635	16167
8894	4823
13678	8827
9392	4436
8193	11711
8918	300
2677	4969
17727	9339
2761	7082
4081	4618
77	13691
930	9501
8466	926
13385	3904
7798	6839
10706	2841
13289	4586
3807	11399
9749	8491
9192	11322
11236	15501
4885	16687
1730	8247
16004	15206
3952	13538
1008	390
7780	6942
6300	16932
11892	9776
6674	13034
9135	15869
9554	17758
15388	4710
16764	10762
8366	14435
10247	14550
9217	15029
4963	6899
2985	8419
1344	1928
17539	18741
19046	2157
10481	2731
2822	2479
9716	16089
9720	3190
11148	2937
983	5314
14455	10590
7817	16940
15478	9694
18418	11955
11604	17435
14180	17711
3802	8205
17338	6511
2454	1198
8644	13944
4077	6767
12796	13131
557	354
15191	12906
17399	2868
9967	3858
11768	18738
9593	18996
18343	17398
10147	4683
15140	11565
11679	5970
18231	6763
2044	17966
14058	19398
6369	3650
6894	8823
3470	781
6706	12221
3687	12564
6871	29
14941	11746
1975	18893
14754	535
4873	1701
8907	10689
8249	10877
13048	17100
12418	12146
9753	19492
10427	13991
11401	9233
11155	19033
15083	575
336	14111
12161	4762
18845	3811
6280	6624
1793	1888
2303	11251
11417	398
17297	7003
12282	17660
2114	7906
4808	938
7938	11376
4612	2840
18602	18838
18697	150
5692	17751
5528	11821
14042	5260
18001	17402
12370	8561
12175	11252
18759	8325
15884	15844
3638	11945
18717	12222
4878	17578
7993	15987
3541	17147
13222	7132
3750	7498
15513	19211
12967	9238
15561	14337
9953	10586
11177	7943
6831	15905
14269	4984
11187	13679
1194	18015
15640	11915
11778	14362
14855	6944
8231	8282
590	9359
16521	4862
9885	8288
11650	6755
9980	12930
2202	13296
16123	9465
1282	12527
5068	797
2582	3247
6517	4948
758	5163
12388	6981
14853	5971
13633	10888
9473	14794
18049	3767
6268	1351
7007	13576
2336	10416
9791	8745
14791	17118
14908	17364
19382	10342
4236	10286
216	8849
3588	2672
16865	917
9435	9584
17779	18654
4744	8820
4031	16893
8451	2949
17733	7321
12662	11995
10489	13239
8695	8302
5891	12836
9945	5730
5217	5450
15891	19058
15773	13447
5733	11237
15772	3862
4759	7750
16773	12800
9550	18675
1104	3214
12422	5372
7587	1774
8	1193
14036	4664
3951	6141
8831	15388
890	11165
4365	9203
18282	14760
915	19315
2390	6882
5130	7627
1669	3538
2137	17291
8573	877
6050	13195
15113	15817
13979	1255
4927	15228
14732	14770
2027	8609
6735	3571
3401	18540
15733	9176
14289	1587
15064	1909
15529	8790
18685	2156
6671	4978
4791	728
9246	18785
8578	10500
4608	7259
11566	913
12600	1468
14152	11330
3317	1815
4147	15276
12210	10002
6847	8067
14831	17344
19139	2068
18846	52
15769	17753
4755	8528
18763	7011
14711	6928
11285	10607
19352	9746
17773	15261
8724	19178
3350	5939
13650	6387
10188	8869
10779	14025
10100	18811
11597	15287
10084	5009
10453	639
8455	481
17932	17393
4276	2459
5656	18415
11378	8347
5371	14843
3044	2571
17626	8349
10380	6147
2458	1376
8011	18084
3979	18291
15077	16883
6664	7919
14655	12477
7783	9682
11826	17638
5360	5626
17140	4738
7346	4510
16463	8923
7182	8314
10213	10371
6110	11158
6482	1603
9522	17479
14415	8270
1977	19324
14012	531
16502	901
18149	5721
13957	11386
14513	12605
8934	19485
9250	3931
6662	17765
15930	326
12255	14392
6670	2201
4042	14213
3615	18298
5064	15510
5140	9167
17460	4933
7383	6282
4043	19465
7489	1929
4587	454
5555	6328
7964	10671
3503	2491
2645	8499
18863	5633
4404	12246
16080	855
523	12917
1242	5685
17994	6555
12315	8742
17885	17764
18963	15234
4387	18002
14224	5135
10725	15213
3022	19443
11606	201
1620	4671
15177	14687
979	18869
12572	16431
11659	1031
11311	5714
18367	12886
15865	2008
126	15518
12574	2116
12308	6547
7215	8784
10730	14269
17789	14562
7116	8916
9651	9661
6810	17322
9952	10903
5955	15273
11646	17377
19117	3261
5368	17323
15254	6473
6780	7164
12701	3664
3763	3911
9526	11471
18571	408
5241	12880
2310	13082
2926	13765
17576	14755
4876	2692
736	16678
609	11935
3520	11011
17395	6156
13674	10548
16843	5609
8225	578
7187	9289
3531	2746
14919	15875
1409	274
119	10972
17578	15668
14049	14863
6676	14380
8751	3001
7120	12600
13888	10068
12350	10632
16409	7619
15689	5070
6218	11461
5740	4581
14517	6267
5301	17956
7387	5745
6291	1768
1247	7145
6055	8545
12200	14884
17762	11913
16379	2251
9341	13512
14503	6728
3438	14895
8962	2469
7647	19055
2867	15546
2402	15936
1552	11176
5221	8
6708	2850
19017	1664
9033	11890
10852	19394
1753	4798
7161	8738
11168	7947
1666	18823
17244	15801
12886	9825
13860	4215
17976	16229
15027	11167
13481	5165
5037	1103
5425	18186
1700	16592
17305	5927
1660	3532
14335	7424
12123	12878
18662	5825
12545	2328
2296	17591
8805	19163
18423	9022
548	13500
7779	6835
729	16445
12172	10374
3778	121
12658	2618
80	6462
19263	2004
15727	7741
9257	8882
2844	19556
7777	7455
19076	16014
13470	7700
4447	18091
18855	18900
4621	12092
9109	1269
10160	7
11895	3827
14215	18953
2218	14970
16071	1842
3835	18360
134	1310
11373	9406
6339	7971
9500	3408
3575	446
4822	7210
8397	14386
1785	7412
2036	19417
15044	14639
13904	6579
2134	13099
11866	11455
2437	18312
8615	7460
434	10634
13768	134
10415	19090
7117	15392
16757	945
235	11798
6121	15322
3710	1949
14765	4495
6245	17946
3419	12469
15114	5406
5865	13163
450	2789
14290	19498
8927	7518
11695	14071
13154	16111
4812	15695
19361	16829
7962	14814
6284	14681
10076	4449
15724	17162
15608	5529
13677	19235
18256	12576
753	8383
10490	18689
11065	4875
1628	15483
5665	6652
11260	12864
5905	18856
18451	3336
18467	2942
8539	4715
17027	15223
286	15598
19385	450
13853	8181
19237	2609
10028	2195
18604	2502
6368	745
12937	9259
8442	9685
11950	17928
10236	14723
2515	4464
16709	8143
15424	16287
14549	3789
8277	7093
18622	17984
11192	7870
7899	15892
4805	12506
9327	8328
10252	3860
9228	4180
16904	7965
16424	14869
5082	18113
11142	17152
4547	8371
6026	463
13267	11778
3314	17741
4386	17073
10392	13095
15349	754
2606	17040
10124	9693
11576	4212
13747	15851
5181	5781
6920	7437
8981	10150
7703	3286
6409	17795
19301	15475
13251	9144
14649	3900
9417	9859
2210	3477
18291	12440
1514	19064
5864	15011
14460	17747
12479	14942
8198	14651
10498	12334
3087	17012
17106	7170
9344	8604
1185	10826
2317	7897
7505	10534
18795	14660
12784	4167
15804	18596
1306	14605
10238	7218
17880	15274
7651	10961
5676	16986
8614	7478
13274	1958
6152	9803
18183	17562
13960	2646
6884	15324
6868	9096
19247	19132
5150	14865
5343	19155
11737	10019
1643	3963
5167	18525
10424	9843
17967	9914
15299	16963
2852	16416
11392	8425
12258	479
1465	10458
6507	7614
14843	16382
198	19252
7735	13609
5560	9423
1917	14104
9030	8389
1604	18482
14533	8191
2965	13154
9707	9137
9904	14251
12066	1820
9771	10688
14716	3420
13656	17225
5110	6162
12186	13382
6717	3661
13525	6718
9792	6355
3846	8616
11774	15465
13983	4957
648	18784
11517	14749
5601	4042
2493	15097
1068	12256
9518	6029
19233	14416
9743	16758
4122	16616
12520	1496
8071	16269
8745	5628
15596	13410
5852	10651
9122	19285
10246	8051
143	16535
5458	5553
11955	11397
5537	3263
12641	13449
7170	5500
8605	14302
8498	9704
4105	7534
12881	8399
2188	7533
12963	15927
15510	7653
14618	13100
5239	14387
3131	13074
14847	18394
2973	7771
15416	17342
7749	810
760	2329
9054	11248
8242	3892
502	516
15967	7838
15750	17851
16185	12300
6165	9981
9114	1811
9016	1940
15627	15958
12990	4667
8441	2416
9594	6874
15018	1802
10470	1913
19113	711
11779	8844
658	5348
2367	17301
6650	17997
11079	3234
15875	18011
8102	8301
18014	2708
14229	8611
3266	6059
9415	1739
974	8620
16749	3334
17235	9153
15438	58
3477	12528
17615	9050
3080	4027
14992	2644
268	16877
16746	3171
10019	6752
8477	19077
16564	3402
8043	9344
15572	7945
8255	4768
18989	18986
13193	14965
13855	11395
9397	11911
1942	2649
7504	15514
7924	6471
15638	1530
1537	17736
5184	18629
470	12398
6231	7670
10832	9856
12425	13545
3618	8759
15147	16571
57	12488
4216	14018
7750	8667
13480	5217
7667	13930
1315	216
11500	7039
13529	15002
12457	13626
2789	18184
19287	16536
17294	7477
8754	13313
19304	6044
18274	2696
18374	16376
15684	13830
9021	18467
18238	483
3896	9319
19293	15152
15006	13738
19228	12511
19311	5257
10104	14668
16854	587
11083	19126
5629	8472
4855	12974
18364	18278
5475	4451
13271	17431
3523	3179
6016	13185
603	3382
3114	15760
6776	2823
13123	1301
10360	19505
7264	16334
13066	6275
10466	7591
17278	2318
13689	8320
3532	590
7836	2729
4541	3061
2848	11236
18732	6500
17063	14908
7310	15181
18519	13867
10611	17112
17458	2191
8909	16917
17960	10220
690	9983
9516	6732
4270	18887
15800	13445
12075	1354
4509	645
3244	4589
4515	14741
18531	3250
14117	6337
13044	7295
7578	19232
1272	11927
9990	13977
21	10465
4352	14458
9569	2742
6657	5282
695	18901
13223	4855
11567	10008
16689	10854
6728	4842
17362	6070
18416	2843
15465	9445
3828	11536
6631	15717
18119	19231
17291	14658
17153	2767
6731	17383
1716	16905
9997	2574
15134	3311
4816	5419
6169	18065
14232	6015
9996	4143
2012	19144
4349	13293
14864	9805
4654	2154
6081	5352
13343	15023
8095	14818
1674	17255
4641	15025
14659	19205
11822	11877
7670	2818
14934	748
15521	4020
291	437
4410	11016
2651	14649
2338	16118
1791	9055
7266	10916
5455	17911
17974	5808
9207	16827
8322	13453
3279	871
13705	4597
16726	1964
9853	2934
9038	17723
5819	7269
2151	7984
14316	10213
5810	7832
11261	17719
13588	15164
16321	10450
7921	11869
18253	1472
3525	2352
14189	11622
12673	19386
10452	3295
2326	12902
7947	4254
11150	15498
11624	8819
5827	9001
4554	3399
6062	1178
11283	8889
414	15315
6200	4335
12265	17866
13815	11614
16090	1520
12617	13073
8285	854
3418	14068
16417	11719
12290	1890
16832	1195
7291	12491
9957	5043
13459	18602
18999	12007
1846	7309
15751	12763
16385	4015
14794	14369
9070	10800
10187	14590
1389	10545
9237	7620
11640	16052
11615	16025
18561	14519
2755	16629
17315	16410
7552	4108
17582	16058
16416	2757
3039	17963
7630	11284
2031	1161
1219	15882
296	2274
14812	5631
18233	18707
5890	4508
15949	1705
9474	5549
5989	11101
16599	17630
15088	2586
19180	17655
2087	6636
2360	4448
1798	5091
5369	10834
13464	17511
13463	15484
16809	8643
6801	16608
10715	7301
1078	14662
10850	10261
1471	3798
3901	3218
8730	18302
8618	16977
13409	147
8818	19088
14116	6404
5321	7121
9286	1210
14672	17185
18419	5805
568	17602
2915	1391
1165	14621
1561	13639
674	11884
2774	18603
1404	18999
12209	5463
15844	15862
13096	14209
15317	14636
8611	12855
396	19322
12548	15643
15240	16667
830	9068
19144	6377
2265	7493
625	4100
18417	6819
12719	13573
17067	2451
9241	10049
9459	1858
17948	1532
4164	207
12618	10589
9307	13979
12506	11231
14696	6430
18679	10445
868	16885
7854	6202
16431	6969
11467	3567
3100	1618
6883	6648
11041	15366
17393	11028
324	7370
12989	6352
5168	15685
18261	19194
2956	15395
1042	4784
5420	13289
4629	14324
8252	1694
14285	15126
6595	15446
5776	1243
277	4610
8317	7887
18678	5811
12663	13764
9239	13650
18698	10460
12100	3490
10321	6971
9501	13495
447	14943
13895	12969
8371	11267
16146	891
14601	14964
17634	12444
5041	776
9215	18826
16594	6151
16704	16674
7175	10710
17290	10194
3303	10080
19104	6502
12569	8518
8174	10471
3890	17481
15243	2034
6656	3007
16366	12147
7276	1090
3825	11900
13317	1041
8282	16168
507	18115
17088	6323
7882	10821
12435	7845
4751	11390
5775	6678
17371	10852
9356	8591
15701	19326
7241	6812
3203	2836
423	13763
16864	4745
12508	3981
9832	10297
8042	9923
12675	11487
10817	18688
9644	2925
13082	11196
97	10729
4879	17464
7450	12056
12865	12914
18113	9116
7819	2003
16001	6978
10635	12182
8186	6818
786	7202
4716	1836
17072	19267
10612	14669
12755	5430
16400	15660
16340	840
2077	17815
2642	17615
13404	10417
17019	16954
13959	16049
16560	4905
16126	5452
7863	15363
877	13030
945	13171
11861	15638
7876	2828
2911	4004
12731	4868
12347	6817
16244	13312
2594	17056
18098	17050
6196	2707
1864	2658
1415	1148
2725	11119
5765	1081
5971	7921
3698	2407
18874	16872
17499	10018
9355	18468
16671	10265
16802	5423
12759	8973
5264	9120
16407	13742
11890	9123
4921	2677
18435	9136
15446	1035
8246	17742
15642	19385
10687	11486
4936	6610
3883	13807
522	4580
4025	16458
4094	3847
9263	714
3809	4337
12661	8088
4113	1135
5042	10664
12942	1133
3678	5928
14614	19014
8930	13947
15298	5042
13266	3366
4344	11535
19078	2218
19135	3491
14981	3699
15615	6979
18592	7949
3351	1488
7216	8227
16460	3563
6248	11355
5709	13186
13263	19415
634	5893
15953	13614
9158	13190
2680	7357
4396	13335
9389	12446
12333	18982
10869	6630
17142	2246
8507	6278
5390	15124
11899	15146
13984	16620
6553	16165
3297	18537
12018	3990
11904	13659
368	15595
9143	18597
4295	15584
1388	9296
14681	4173
13116	13480
9665	6119
17901	14703
11691	7905
8700	10530
6957	232
14292	12619
8867	16736
4918	6886
5178	5213
14702	6487
12975	7084
593	17478
12334	14252
12703	16235
12215	1892
16471	14653
19300	8003
4865	1540
12088	17137
9690	218
2299	10075
13848	7009
14787	9663
16738	18875
14140	15895
1266	7465
15932	4111
2440	19320
6982	4433
3535	12197
16893	2835
2480	16505
8036	1499
15551	1555
1076	7494
7033	15979
16168	7071
16604	17080
17573	6254
1589	5734
5947	12681
6129	9010
6238	7396
12037	3876
17617	2071
12286	18839
18433	19233
9311	4209
15911	15463
3095	17818
10011	9199
8286	9455
7526	9936
17679	11215
7393	10109
18977	14186
7837	12198
583	14656
11936	1183
8600	6697
3427	16671
48	12171
14985	1561
8117	2870
4001	442
2122	9792
18174	7179
5146	13395
13054	11985
2272	15671
11752	12732
4107	2147
6642	13840
14599	11181
7081	2572
11915	179
15591	18523
5672	9440
9245	14549
16859	13646
19052	4018
15366	3206
4455	11065
11215	7212
16531	4468
103	6925
9373	7285
3334	7284
6579	8605
122	2504
11415	3832
4959	809
4946	15975
2346	10331
9343	7507
14819	11506
15188	1175
7507	43
5323	18546
18179	9118
1783	16738
6210	10675
16062	12431
1831	7967
3563	10963
1803	2349
7568	5911
4333	1953
3313	7800
12421	6689
5511	2238
6060	642
13771	17310
2208	10715
4464	16816
4303	3822
10703	12913
3838	3973
8632	11259
7417	12330
8748	15230
17655	5032
8355	2690
7267	10595
11513	2521
10756	664
1420	6142
6160	11031
8119	16346
10001	3080
1575	12183
7306	9619
5742	7049
1127	7990
19262	13147
13999	4346
15208	5815
18542	5645
14177	2183
3321	15666
4174	10005
18820	11153
3018	3955
1397	561
16177	2930
8843	11824
3916	14972
1708	15617
6744	10038
5529	1987
3820	11150
19279	15093
18729	19272
15913	9905
4914	10423
2870	18634
17934	2074
11169	8572
2433	545
15190	8200
218	6821
10088	7925
7091	14759
5375	8647
13578	5303
795	4177
7487	11383
14243	1068
15037	14560
12542	13520
10999	9419
13597	17725
17906	16090
15229	8803
1086	9634
10613	1447
914	17571
7940	2006
5548	2363
15887	16559
15863	6915
14394	18149
5704	3105
14695	12145
10626	16048
11648	11524
7760	28
7975	3443
9037	16702
2767	6629
15567	17724
9514	16359
18735	11671
2231	8683
6241	15818
928	13490
331	984
9360	1344
13667	13801
6358	11380
15709	13014
1339	4452
2043	6595
2892	12130
13030	16583
14368	6195
16654	12720
16273	13803
14306	6492
7456	547
18790	14367
1288	18237
17811	5644
3500	6012
666	16138
4057	4437
9755	5968
4932	8127
17853	2475
927	12935
13827	18937
12924	11378
11441	18187
8456	13675
5856	11261
13587	4116
5173	6358
10728	11554
7325	16094
3841	13076
5749	14488
412	1921
4798	6321
8017	6486
2315	7656
16288	5121
2824	55
3132	4901
4331	15304
6364	18626
7641	17629
2828	1320
9388	16176
14103	12271
3036	12948
5833	13997
18727	13936
5811	14666
3789	16512
15791	9335
7728	18045
2196	2532
17739	15883
15705	214
7801	9257
13770	6860
703	814
17922	11485
10523	19207
16747	17665
5961	9930
17676	19003
18895	13961
1922	15060
5534	15299
3296	10687
5612	7448
16695	9042
832	4907
8586	14331
3982	1552
430	4102
9841	9070
8271	18359
17860	10178
2313	13160
8939	1307
6610	14286
10381	13260
14173	11222
13334	2123
161	4481
10829	15816
4110	11396
4158	19146
14877	16400
15392	16157
19330	7037
5806	6034
7945	5728
7603	7995
8869	1142
14087	17001
12741	7073
8532	19519
10456	6007
17838	859
13197	7125
10099	10780
8699	18380
10781	15932
14206	16335
4731	12470
2347	17205
3103	11617
14254	1111
1366	152
9950	10012
7831	13849
756	11596
6094	7974
15820	12652
6563	7707
415	525
1230	2612
2198	3432
14898	1556
11066	9269
10198	490
4928	4793
10511	16643
12090	8930
13304	12946
15609	3969
5854	8011
18837	10490
18145	3292
8702	819
9926	12426
13723	17914
11683	4112
14660	7434
10646	13758
5663	18957
16850	8685
17174	6028
11537	9942
14423	1636
14698	15684
13916	2093
4517	8763
4230	17065
10243	13122
6400	8290
7024	14538
6788	12665
4469	17790
11546	5868
5618	15541
18136	1907
10385	8753
5524	6447
9117	18508
9479	2308
16901	4386
17753	1113
10065	14587
10248	13898
2239	19381
11613	5947
11080	10518
16234	1137
8853	2340
3889	4356
11274	15308
3360	11073
10718	16207
18619	14719
11391	6280
18445	12382
14814	1026
13975	12980
9612	5054
12391	3024
4489	4668
18965	11965
15923	15523
11486	12839
5724	6227
2857	12144
8945	14673
10181	5903
1903	10806
14740	1814
1197	14845
4577	11418
9223	18370
4204	669
9946	8369
7867	11905
14208	11880
7680	8558
10312	2968
11199	15805
4323	12138
16179	18747
1252	18529
14936	17697
15534	11735
19188	6883
10080	2564
16194	6423
9242	8236
11509	10244
1271	15642
17898	13498
3361	10187
12041	4852
10904	3476
13686	9384
9675	4740
4394	18032
2683	6333
14923	19074
2600	16628
1062	7347
8254	6563
9736	16247
11996	15193
13772	16255
17637	281
1041	8182
12480	14249
4126	13083
1834	14878
3815	13250
12887	11822
14079	205
7852	10990
5624	1591
2354	149
15538	704
11348	4239
8338	16444
6867	3543
18097	7683
12791	18250
12398	14456
17080	7794
15441	6881
13245	4079
3591	13884
18425	18789
9969	16880
11220	13005
10067	1885
7265	13145
4402	13486
16160	1229
4079	18124
3216	18928
16760	5690
11077	14506
8682	14652
8339	8129
4954	17518
12244	13281
15833	15690
13641	9337
17884	13983
3679	7963
15294	16042
13635	10050
4648	1312
442	14048
6493	16068
14332	3347
8001	9314
12514	2144
6967	13728
1158	9265
1574	15444
19288	14459
17713	15057
17944	7114
3064	5794
17348	6152
17887	6992
16561	6515
94	10092
12914	14561
5716	15583
17656	4538
16125	9029
19116	5036
7795	7287
6615	6354
12930	16609
18330	6922
3919	11423
5527	11954
16884	11941
11132	18932
13600	16985
4311	8795
11764	13506
5919	16532
14128	8128
13988	10793
15998	11645
500	8553
8261	10437
7400	16328
18673	3989
5002	6872
19319	12046
15476	9673
7395	15037
11248	449
17082	11764
4604	15602
16553	18512
17877	10726
8243	429
1406	3686
18903	10795
14731	12135
7998	1253
15578	10102
10436	2412
12352	8894
18223	7289
18308	17775
17285	9230
18038	16819
2954	11886
5945	11541
8910	1765
4338	16968
4494	12389
18627	13635
18799	2285
13898	3281
2986	18514
14019	939
5790	19222
2891	6350
17886	13774
8982	9702
11289	7802
1823	19157
15818	10831
1286	1494
11218	19085
18964	8421
6408	4280
8770	5294
14445	17596
3160	8108
2168	17392
11874	1101
18390	8059
17094	18717
6545	8691
651	9256
10499	13003
6085	4401
8955	2570
1696	4804
7322	1083
11731	13117
14471	16813
10792	14420
12113	2263
12493	9598
12036	17639
2451	11878
5839	1687
6021	12626
1399	6832
14419	9733
12750	13115
12969	13950
11477	999
9823	10210
17495	5208
1483	928
18538	2578
11526	9433
11865	600
4247	4070
7609	7502
18482	19022
2492	12526
6777	5930
8403	18076
997	12401
16603	7536
4463	2531
9676	10568
1586	2196
965	18332
9940	10685
6211	17500
8514	10307
11559	4164
6715	7034
9895	18682
2473	7110
10242	16314
156	2717
16382	17154
12300	9560
7189	11200
13089	1990
12606	17735
13285	15168
4316	11372
1616	1157
15030	19535
9347	12422
6124	3553
8761	3944
10804	12433
9410	4471
3267	9712
16952	8475
4545	9329
4671	11803
7032	16306
8855	16625
17892	17512
9581	13228
14935	7629
7207	3695
812	13213
4890	15857
4445	3835
12399	7553
15556	3575
17085	2289
6783	3487
14610	3118
7755	5674
16012	16077
5013	1562
431	53
10591	12216
18084	15795
13299	1742
5885	3572
9197	10276
4573	4638
6797	10356
18872	16574
10742	5145
5090	15559
16987	12677
7733	14905
17293	19344
1617	667
18399	17308
2173	17728
10664	7390
9295	8370
7234	2771
9399	12990
1534	2581
18347	16096
2413	14799
17493	7956
3088	16538
3680	11906
1710	5306
4397	18665
3864	9287
16344	7645
1679	15452
9523	2017
13314	11212
358	3478
4194	2016
4649	6785
1356	16173
3991	16996
4180	11190
10307	19065
14453	16151
12078	1152
16567	1169
18675	9906
19349	7622
8188	14272
3741	3454
16268	7344
2679	14082
1199	16252
3057	15106
9650	17692
4734	5046
5668	9636
17496	3564
3513	19411
18234	142
19137	15107
16911	8877
10145	13476
14111	17566
8409	2756
14566	5259
8863	328
15847	4883
3274	15538
17703	17106
1314	2631
7593	11027
13305	378
14327	5425
16703	14521
8574	5304
11306	9479
16962	4899
16104	2283
6885	9724
12127	17233
6572	15637
10553	5164
7516	15931
18227	8942
17812	9280
2486	12766
11237	1191
12005	1833
4583	7929
13775	10239
8668	9254
16336	10059
8979	17544
957	2410
17550	10935
16497	18000
12117	8523
13318	3992
8904	14214
9712	351
9288	8150
4875	13077
18340	4765
16959	6594
1340	13029
10150	10477
6635	3916
9498	18311
1920	8286
12346	7857
259	18714
6945	2733
9008	12726
10172	16381
3754	13384
387	2622
11944	13031
2215	15720
1924	2133
18280	16961
12538	8041
11395	2800
8832	15944
18424	7174
9183	1936
11053	3500
8561	12617
18089	14364
3842	10909
9557	18663
18607	14009
8158	12620
18125	17150
17500	7723
8405	16807
4361	16045
9519	16181
11851	18117
16482	13734
1614	14053
14546	18310
5687	4496
2051	3670
506	10882
6401	10810
13978	7504
9133	13688
8454	221
2908	11570
10600	18133
8529	7457
18309	18802
14026	19050
5135	18946
9216	10910
1375	2474
9547	1895
16209	1592
15161	812
7462	17646
5224	7438
17503	2408
12612	6536
8215	6479
8490	10665
10318	18847
7796	11574
10759	646
17610	3528
8289	13057
4368	1734
18100	9666
16049	4201
17680	17283
11573	7369
606	880
11651	716
9532	8123
2123	4012
13655	13593
8602	11992
1027	11683
18277	11004
241	11210
15744	8014
8633	6225
17373	17325
4846	1697
15279	8737
1160	17835
2091	2421
5699	2683
11967	6787
2058	11626
18112	7567
13942	2561
16646	2993
13472	12942
10224	16019
12065	5955
6381	18520
13851	3155
7698	3838
3612	2673
2938	2512
14914	13299
14504	14832
13692	8662
1227	6582
2975	12783
12702	17387
3047	8020
424	11545
11551	18198
7496	9187
14960	12843
1721	17513
14336	1878
8334	7910
391	12461
13911	3546
5148	6588
11534	8332
18499	10086
11208	1828
8743	14390
1447	2431
624	9347
13396	4590
12257	7709
11940	6305
11288	14546
2352	4672
8559	8867
17996	17534
2626	14232
7138	9743
18809	9392
5571	5989
15231	3582
6264	7403
13168	1733
7911	5103
10897	2782
17953	4982
1780	11124
18867	11436
17572	14176
12973	17614
13125	2244
1886	13295
13609	5045
2988	19399
4826	9967
16043	18723
13542	2557
1978	12749
17745	5266
18616	1859
19255	13787
13240	6199
2796	3854
13022	4656
16429	7831
16763	14852
16078	11358
6821	1057
13050	19448
1411	4536
10120	622
17792	5413
4721	16028
1655	14747
18303	3541
2243	12786
2517	15252
320	9561
14963	3188
16896	16565
11308	11211
12276	5789
2220	8774
7645	12211
16466	15488
6324	9286
4229	8169
6606	9017
5280	7419
11301	4238
17124	2626
17251	17358
17841	11876
18365	17238
1382	14383
8833	17962
17277	5909
16907	2893
15841	18744
11203	8319
9007	7053
3990	10575
1066	16281
1829	10690
16979	3
11662	2226
3466	18454
17345	15341
4020	10113
2616	6144
16212	3375
4640	18371
12792	12195
13800	4560
587	14236
18137	12157
14849	1676
1954	7365
7829	8712
11427	9543
14235	17787
7233	10915
16264	10404
2232	11186
16522	7081
7732	9735
16490	18074
19044	6746
13335	6827
7490	18178
3138	1357
9068	10189
251	11872
1631	5109
18011	1347
3416	11411
11682	18851
1038	4044
11592	15151
13532	13762
4351	2162
1225	17528
4337	11624
7757	12125
14297	6580
13346	18758
4457	15294
3366	5424
16542	15662
11123	14946
2050	17505
519	10763
11884	14526
4763	4228
19028	5580
7413	17649
12721	7512
11005	12542
17115	5030
10116	12863
8990	10249
12674	1973
2511	7333
404	10809
9882	275
16260	11851
11518	18337
2826	1343
90	465
13490	1139
15850	5229
6659	18014
11086	6865
6325	5353
18932	8646
15373	5262
11303	175
18506	18547
13296	11246
185	15759
12364	7859
3385	1965
11751	4696
14580	12425
2898	5195
18796	7624
2760	10366
15337	988
7642	10772
17845	18037
11565	2576
13986	6472
5532	7900
16017	18428
18409	13261
186	13606
2233	6019
717	14918
6845	1188
2657	8663
2654	18089
3423	206
16493	12909
1074	9357
18525	15675
9232	6014
1198	7004
8195	12734
16811	162
13482	18759
7261	7602
5812	7255
16065	14787
6420	17259
9731	1209
8762	15835
6066	7698
17902	7630
5127	2499
18392	14393
10700	1182
9189	9237
3009	12227
17073	2441
7724	12821
319	5839
5118	9626
14675	5611
19040	6058
1527	14195
16548	3302
12469	4074
15921	10999
10002	7162
16633	6675
5438	13989
15355	3421
12720	14140
720	2503
19371	14508
11031	115
15544	12237
15436	13652
11398	6366
15601	116
1949	9185
16885	6133
237	14879
14218	5325
11349	2915
1877	10457
10555	659
12996	17839
12189	6668
2102	7086
4586	5908
15431	9258
11970	733
9180	5699
1623	1047
1997	6140
5355	10006
17646	4652
13430	12992
4564	2374
16714	942
17968	11429
28	1968
15449	16188
305	10253
13024	17547
8415	8504
584	6586
2452	12174
18951	10182
1285	14573
15576	19555
3997	17574
7243	8929
9856	12484
3459	617
12445	16679
15537	14087
8049	15542
8494	5969
17210	11834
2459	2248
17387	2335
19063	10139
10140	13418
4611	14978
11010	8104
11469	13023
1564	16325
7865	4503
7074	12306
8100	10169
12099	6532
11767	1422
15047	5004
9082	10773
15197	2670
2780	18202
15621	1725
12193	19446
19110	5856
8999	11742
10836	3720
4707	7717
15941	5905
18361	5101
18564	5656
3014	5724
901	7205
10136	10266
16162	6508
3950	6889
18979	10224
12277	16460
9278	4489
13231	12023
1902	5519
18824	777
14252	6545
972	12538
5297	3323
11120	5998
2445	18881
11118	14022
3367	18726
13067	21
12166	12865
13535	2849
12459	1849
1141	12714
2696	562
12481	18662
13885	16308
19199	10546
14996	329
9406	3077
12954	743
4692	2780
2249	6056
12511	12659
6454	170
4379	16377
18621	7363
16851	3669
11924	3285
5546	16766
17609	8828
8821	12648
12160	15270
772	17556
12733	10542
18540	15409
8356	18404
15312	10453
7499	14638
10541	12358
14798	6105
15660	11310
18239	14478
3451	19127
4546	6018
15680	2662
9458	11072
13880	7236
17488	3521
1928	1934
12971	8414
14759	19275
13237	9617
11792	6639
15579	15508
6876	554
17712	15325
55	13208
2825	7436
6534	17049
11959	4244
6574	18743
16710	14231
10040	19021
16506	14491
6511	9564
16983	3245
9686	14395
14928	11481
3863	3893
1412	13429
16609	297
15612	18255
10483	103
18658	4723
9079	6233
13634	13128
3879	5265
7069	7306
8503	18499
7066	9738
11164	15718
13106	17347
18948	117
12287	3396
11217	550
8078	13176
17470	10397
136	4031
17058	8814
17444	7856
5832	872
3105	9340
12056	3574
3632	5249
628	8515
5826	2854
15142	16436
10504	10320
10750	3114
7113	2878
2544	15594
1275	602
1379	10078
15306	2560
8476	4926
14687	15631
14266	10751
1511	12322
15781	12124
19235	13550
9549	1757
10873	6761
12262	10472
9662	13167
8947	18898
11942	7993
14574	15271
8865	9242
4202	2422
12704	2443
1422	16615
2304	13021
10560	8392
16914	9377
19302	1470
16323	12674
11637	1443
10531	18921
17431	5191
6806	18364
18766	33
9106	883
7901	10391
9111	5279
5457	7250
7112	18398
13199	3048
589	5568
17238	6421
1253	10816
2423	9306
16886	2314
5761	16216
16982	4148
2718	14200
4906	8449
15079	4953
17108	2362
14725	15649
12048	16011
4806	13496
2508	5131
6688	9499
17989	2536
5209	4761
10714	5456
16435	17976
17604	3511
7736	3507
6099	14080
10134	13974
15628	15911
15219	7520
1140	18225
9672	5735
15076	11948
4728	17281
10049	8729
17021	17908
12394	12847
9369	11641
14011	5128
1615	3596
5976	4569
8015	4612
8040	13268
11956	8251
1329	3168
4227	4632
1370	5675
17552	17484
10530	8294
844	13020
9552	14955
16557	6690
9766	11312
3876	16722
9304	1099
12591	14372
9326	10735
16354	14896
1080	12207
8166	17921
11969	7474
9689	2401
10630	5812
14518	14061
3751	6379
11280	5536
4475	9929
10783	4119
4659	13264
2411	9722
1362	8551
11945	7734
8959	16017
9454	15043
5898	15424
13109	13902
5377	17108
2397	13964
8928	7158
390	7187
18779	14912
9167	11581
17351	4223
7010	2715
15626	19179
1634	4620
2235	4574
10054	17802
13452	3109
11345	12302
13844	16863
14976	8009
15453	16191
12575	504
10209	19118
18415	13051
16109	8026
12006	15574
15495	10352
16024	15470
1124	8353
13329	9958
11035	15003
14930	9211
11854	6658
5138	12243
10397	5183
171	15110
15946	19047
18625	12473
11963	1390
14582	8650
8438	3338
17026	3417
17639	7942
2378	1206
2546	3855
7862	17796
2765	6025
14751	8946
8571	19212
13188	16133
7083	10466
10316	12879
8154	5605
13937	8897
12310	18101
11226	12111
16186	13079
6699	17582
2850	12612
5700	7879
1466	9291
8351	18085
16301	15347
10231	14927
4064	3277
14320	14308
9328	12784
17720	16791
14703	10094
11666	14300
2512	7331
13218	17823
4985	1237
9029	9931
18087	798
6405	17376
16652	11416
4628	3365
16912	7101
11717	16858
8710	7716
10023	3346
11988	14185
18493	10056
17360	15058
10937	65
2418	7186
6815	17672
1605	8336
9734	1602
11733	7450
7253	14137
8087	16737
12231	694
14148	6916
2339	2859
11488	6660
6146	14597
3033	16218
5690	3569
4269	10467
7671	5660
17366	9441
5270	4486
683	17268
5385	19101
4239	10771
9453	17280
14067	19478
13377	7775
15533	3879
13130	5499
15507	12921
6514	17715
14953	5743
5573	2101
10201	5857
706	7601
4650	17517
6270	7659
16129	5595
19142	5111
16600	18453
5653	7616
7657	11499
5576	7470
2584	3590
678	10503
10694	8167
9975	16840
7763	17482
4653	368
17925	8159
1554	5443
17949	5230
9222	12663
9741	4548
1936	3433
2490	10874
15275	2815
18877	17658
8421	7299
4958	13102
15097	13854
6828	5339
16637	4932
10544	14988
15100	421
13745	983
2261	5615
9449	6840
7486	12625
17380	18422
19234	9896
1671	3378
741	17611
14072	18864
15749	16316
2325	17606
3902	17029
14999	991
16283	4257
11468	9037
7414	4263
7384	3052
10206	7628
12381	19525
6105	3905
9576	13873
7148	652
17284	6906
10234	14131
10496	8637
1596	15593
12137	2296
8212	1124
8347	12558
7685	19346
6588	4772
687	12251
15291	4255
240	5957
8400	3631
14469	2210
2524	1110
7905	14623
11726	7495
12174	2418
4520	16333
11344	194
4969	2091
4991	14399
9396	393
17271	1543
19066	17876
3537	3791
5316	1764
1134	6198
5732	2339
10925	12485
18822	7291
16165	11723
936	2135
673	486
7565	2332
10015	7111
18997	17996
15390	5449
9729	10616
6622	1924
13746	2166
6134	16653
9979	6163
12168	4550
13876	9170
13412	11765
5941	701
17078	6946
498	118
14044	8316
14225	143
16570	7632
6213	5462
14576	13193
8170	17779
17714	13912
1014	14828
13062	14685
11641	11852
9426	7686
15217	7296
7765	18845
19298	16649
1777	17748
12677	18556
4482	16548
12748	5892
14964	15447
18888	9620
11354	4087
1512	17487
5896	1813
11980	11026
6648	1716
11758	12884
9826	6055
9485	19119
14446	6837
13226	8069
8572	2063
781	1477
11784	7233
7561	18849
5379	16204
4435	19509
16761	6638
10167	2611
10910	3169
18245	18281
11696	17039
3024	8231
4476	3517
14267	2648
17668	19451
7455	4114
960	1087
6345	16232
17344	9863
3246	1962
6928	2368
2775	2207
3441	519
7374	6964
9757	6395
5611	14355
10528	16279
3956	19357
7542	15734
2119	7817
10389	7335
11569	965
4176	7720
17117	8984
8733	8740
10753	2960
3013	11761
19224	807
6256	18635
11773	10432
14685	17808
3017	5775
8034	3803
17258	10398
18240	18081
8052	10316
